2000    222.96444   -954.66815     136253.1   -41311.328    2770.1139   -44081.442    50.121844   0.91531128 
4000    221.80252   -1077.4516     136266.8   -41278.235    2755.6781   -44033.913    50.244932   0.91521929 
6000    218.80538   -1109.0586     135767.2   -41261.639    2718.4416   -43980.081    50.777813   0.91858713 
8000    222.38263   -720.87162    135852.67    -41229.54    2762.8855   -43992.425    51.571495   0.91800921 
10000     220.4199   -868.02655    135985.49   -41267.564    2738.5004   -44006.065     51.99095   0.91711257 
12000    220.74783   -646.05795     135635.4   -41264.332    2742.5746   -44006.907    51.996269   0.91947975 
14000    224.28423   -895.97827    135836.68   -41286.434    2786.5109   -44072.945    52.677128   0.91811727 
16000    224.55523   -1032.2671    136355.37    -41271.75    2789.8779   -44061.628     53.23214   0.91462484 
18000    223.45134   -677.28732    135529.12   -41215.468    2776.1631   -43991.631    53.538831   0.92020076 
20000    225.61546   -993.69301    135759.99   -41153.719    2803.0502   -43956.769    54.296735    0.9186359 
22000    227.82601   -827.92434    135919.12   -41141.502    2830.5141   -43972.016    54.493843   0.91756042 
24000    222.84439   -996.23072    136119.34   -41168.107    2768.6223   -43936.729     55.20437   0.91621077 
26000    219.85728   -735.48581    135512.04   -41235.614    2731.5105   -43967.125    55.371967   0.92031675 
28000    224.40855    -915.6056    135666.23   -41163.528    2788.0555   -43951.583    56.169741   0.91927078 
30000    220.61975   -886.84652    135821.63   -41100.462    2740.9834   -43841.446    56.555297   0.91821903 
32000    223.49424    -999.1137    136201.66   -41159.285    2776.6961   -43935.981    57.408927   0.91565699 
34000    222.95706   -1066.5198    136160.19   -41175.669    2770.0222   -43945.692    58.108232   0.91593591 
36000    225.68543    -989.4263    136156.15   -41190.272    2803.9195   -43994.191    58.612089   0.91596308 
38000    220.40535   -800.51021    136353.35   -41267.006    2738.3197   -44005.326    59.072421   0.91463838 
40000    223.89053   -1282.2954    137133.48   -41314.809    2781.6196   -44096.428    59.410598   0.90943511 
42000    221.99757   -943.68767    136443.42   -41309.502    2758.1014   -44067.603     59.81925   0.91403461 
44000    223.17579   -971.38293    136411.14   -41274.482    2772.7396   -44047.221    60.132569   0.91425086 
46000    223.74861   -875.30695    136394.11    -41288.34    2779.8563   -44068.196    60.287406   0.91436503 
48000    221.07986   -672.60415    136275.42   -41316.009    2746.6998   -44062.709    61.037281   0.91516139 
50000    225.57745   -1020.2345    136565.77   -41278.582    2802.5779    -44081.16    61.604561    0.9132157 
52000    221.16391   -1225.2789     136692.7   -41342.256    2747.7441       -44090    61.755844   0.91236772 
54000    227.42639   -879.58475    136738.91   -41342.708    2825.5492   -44168.257     62.12504   0.91205935 
56000    221.67765    -861.5466    136203.57   -41317.556    2754.1268   -44071.683    62.404087   0.91564415 
58000     225.5798   -893.07222    136662.81   -41349.199    2802.6071   -44151.806    62.813331   0.91256723 
60000    227.66039   -971.52288    136742.53   -41303.559    2828.4563   -44132.015    63.402332   0.91203519 
62000    226.78458   -936.28565    136652.36   -41353.918    2817.5753   -44171.494    63.827944     0.912637 
64000    227.46117    -880.2328    136495.21   -41285.757    2825.9812   -44111.738    63.652225   0.91368778 
66000    225.90604   -961.19928    136412.17   -41361.311    2806.6604   -44167.971    63.807131     0.914244 
68000    226.52117   -1173.6232    137396.44   -41385.661    2814.3028   -44199.963    64.392188   0.90769458 
70000     221.5235   -1049.3058    136769.11    -41417.38    2752.2115   -44169.591    64.484142   0.91185796 
72000    209.38675   -1179.2254    137178.32   -41513.354    2601.4243   -44114.779    64.693588   0.90913783 
74000    218.44986   -792.51011    136333.67   -41491.512    2714.0246   -44205.537    64.832415    0.9147704 
76000    220.30847   -632.09322    136331.12    -41395.59     2737.116   -44132.706    64.945707   0.91478752 
78000    228.78363   -1062.9456    136853.49    -41339.63    2842.4115   -44182.041    65.515314   0.91129573 
80000    222.87243   -1021.3756    136701.55   -41363.889    2768.9706    -44132.86    65.831915   0.91230862 
82000    220.84322   -860.29067    136248.49   -41382.513    2743.7597   -44126.273    65.916228   0.91534228 
84000    221.63157   -609.61637    136110.72   -41375.928    2753.5543   -44129.482    65.838485    0.9162688 
86000    225.33252     -1145.18    137021.44   -41321.208    2799.5349   -44120.743    67.032178   0.91017875 
88000    227.13461   -1044.9292    136929.19   -41347.602     2821.924   -44169.526    66.972073   0.91079195 
90000    226.86713   -987.57898    136745.08   -41315.134    2818.6009   -44133.734    67.139654   0.91201821 
92000    226.21452   -1020.8229    136346.83   -41353.848    2810.4929   -44164.341    67.623969   0.91468207 
94000    226.26403   -742.25262    136278.87   -41339.063    2811.1079   -44150.171    67.782137   0.91513822 
96000    225.26171   -1093.2291    136840.26   -41356.564    2798.6552    -44155.22    68.069323   0.91138388 
98000    226.04856   -753.18928     136784.1   -41391.116     2808.431   -44199.547    68.588345   0.91175806 
100000     224.0727   -741.71672    136329.88   -41460.395    2783.8829   -44244.278    69.039169   0.91479583 
102000    224.18574   -821.41681    136953.49   -41489.147    2785.2873   -44274.434    69.324251   0.91063032 
104000     226.8884   -1031.0046    136839.86   -41405.404    2818.8651   -44224.269     69.41706   0.91138651 
106000     221.7246    -1095.987    136907.23   -41503.184    2754.7101   -44257.894     69.65941   0.91093802 
108000    221.99411    -984.7777    136763.59   -41496.812    2758.0585   -44254.871    70.059349   0.91189477 
110000    221.78072    -856.2644    136734.19   -41472.092    2755.4073     -44227.5     70.29727   0.91209087 
112000    221.59384   -808.31726    136806.31   -41552.448    2753.0855   -44305.534     70.22706   0.91161001 
114000    216.73318   -875.07018    136769.17   -41544.839    2692.6965   -44237.536     70.42054   0.91185758 
116000    227.47862    -996.7444    136887.89   -41420.185     2826.198   -44246.383    70.770294   0.91106676 
118000    220.57284   -1158.2541    136689.63   -41400.113    2740.4006   -44140.514    71.156682   0.91238817 
120000    221.52779   -732.70975    135840.84    -41483.85    2752.2649   -44236.115    71.106976    0.9180892 
122000    218.64567   -1082.5423    136231.23   -41421.475    2716.4574   -44137.932    71.647654   0.91545824 
124000    226.22376   -890.38214       136404   -41440.065    2810.6077   -44250.673    71.816591   0.91429876 
126000     220.9647   -1246.1505    136573.57   -41418.664     2745.269   -44163.933    72.370893   0.91316354 
128000    222.58416   -955.68757    136629.41   -41473.411    2765.3892     -44238.8    72.755874   0.91279032 
130000    225.38552   -1315.5165    137096.31   -41387.063    2800.1933   -44187.256    73.172363   0.90968172 
132000    224.07617   -1046.6469    136787.12   -41371.697     2783.926   -44155.623     73.22042   0.91173789 
134000     227.5443   -1012.5038    136650.82   -41380.935    2827.0141   -44207.949     73.79306   0.91264734 
136000    227.67236   -1130.2841    136861.18   -41344.862    2828.6051   -44173.467    73.920517   0.91124458 
138000    224.83141   -1032.2954    136828.77   -41315.982     2793.309   -44109.292    74.133744   0.91146041 
140000    225.01263   -647.69979    136034.03   -41310.548    2795.5606   -44106.109    74.050656   0.91678535 
142000    224.50482   -818.84135     136440.2   -41423.191    2789.2516   -44212.443    74.598934   0.91405613 
144000    222.39314   -1106.1643     136616.6   -41458.157    2763.0161   -44221.173    74.533567    0.9128759 
146000    223.29816   -1185.0444    137001.45   -41413.461      2774.26   -44187.721     75.19643   0.91031157 
148000    222.37391   -759.29427     135908.7   -41429.401    2762.7771   -44192.178    75.162146   0.91763078 
150000    219.18237   -662.95791    135970.89   -41489.429    2723.1253   -44212.554    75.160996   0.91721107 
152000    225.06089   -1043.1129    136170.47   -41413.968    2796.1601   -44210.128    75.794797   0.91586675 
154000    228.21311   -987.55058    136179.88   -41315.407    2835.3233    -44150.73    76.395385   0.91580345 
156000    225.37961   -1095.5058    136865.58   -41297.932    2800.1199   -44098.052    77.281421   0.91121525 
158000    226.17639   -1219.4862    136273.64   -41287.123    2810.0192   -44097.142    77.693865   0.91517337 
160000      221.426   -776.75585    136415.89   -41301.719    2751.0002   -44052.719    78.362217   0.91421902 
162000    222.48037   -1035.4172    137009.52   -41364.591    2764.0997   -44128.691    79.002933   0.91025797 
164000    229.02035   -871.25292    136599.34   -41242.753    2845.3526   -44088.105    79.271285   0.91299127 
166000    219.71316   -946.55026    136509.58   -41347.808    2729.7198   -44077.528     79.43936   0.91359157 
168000    224.12063   -1196.3352    136900.07   -41306.179    2784.4784   -44090.657    80.351834   0.91098571 
170000    224.17818   -1099.9017    136446.32   -41214.698    2785.1933   -43999.891    80.705094   0.91401517 
172000    225.80099    -867.1345    136504.67   -41217.368    2805.3552   -44022.723    80.926111   0.91362446 
174000    222.68079   -875.22447    136033.37   -41183.588    2766.5897   -43950.177    81.260677   0.91678978 
176000     222.9365   -1143.9154    136629.66   -41231.801    2769.7668   -44001.568     82.29086   0.91278866 
178000    223.24498   -1047.2752    136435.95   -41253.887    2773.5993   -44027.486    83.011394   0.91408461 
180000    227.71601   -1021.7287    136052.44   -41168.874    2829.1474   -43998.022    83.483961   0.91666124 
182000    224.40686    -1325.695     136110.5   -41241.193    2788.0344   -44029.227    83.763116   0.91627029 
184000    223.47043   -1035.1853    135816.26   -41315.035    2776.4002   -44091.435    84.174418    0.9182553 
186000    222.73746   -806.45524    135785.56   -41300.843    2767.2938   -44068.136    84.855232   0.91846291 
188000     226.1616   -1201.4621    136311.95   -41296.459    2809.8354   -44106.294    85.313713   0.91491613 
190000    226.52103   -804.88585    135713.29   -41311.684     2814.301   -44125.985    85.288877   0.91895204 
192000    218.66136   -1250.0949    136048.42   -41328.675    2716.6524   -44045.327     86.04386   0.91668833 
194000    224.54094   -797.51551       135546   -41232.449    2789.7004   -44022.149    86.537556   0.92008617 
196000     219.1852   -1022.2933    135925.68   -41253.166    2723.1604   -43976.326    87.274094   0.91751612 
198000    229.77904   -1310.1071    135947.14   -41140.441    2854.7786    -43995.22    87.716368   0.91737131 
