94000    207.96961   -145.26465    134516.62   -42189.057    2587.5373   -44776.594    36.271933   0.92846144 
96000    201.13596   -358.49491    134941.36   -42210.726    2502.5137   -44713.239    36.388072   0.92553902 
98000    205.79703    -283.1339    134580.74   -42233.875    2560.5064   -44794.381    36.500752   0.92801904 
100000    205.50964   -152.19276    134570.25   -42294.642    2556.9306   -44851.572    36.477851   0.92809142 
102000    203.88123   -126.66486    134570.61   -42297.107      2536.67   -44833.777    36.574864   0.92808893 
104000    204.78981    33.689183     134377.3   -42210.938    2547.9746   -44758.912    36.671371   0.92942406 
106000    203.30602   -378.92818    134965.95   -42293.232    2529.5133   -44822.745    36.843791   0.92537037 
108000    204.32188   -358.67965    134837.72   -42299.938    2542.1526    -44842.09    37.148093   0.92625041 
110000    202.71763   -386.94652    134869.23   -42280.388    2522.1927   -44802.581    37.139872   0.92603397 
112000       203.52   -167.58469    135032.17   -42366.432    2532.1757   -44898.608    37.225728   0.92491654 
114000    199.02094    -306.8229    135049.79   -42360.117    2476.1988   -44836.316    37.192756    0.9247959 
116000    205.30223   -15.556594    134652.68   -42248.987    2554.3501   -44803.337    37.478842   0.92752324 
118000    203.93639   -174.95534    134636.48   -42221.181    2537.3564   -44758.537    37.576266   0.92763488 
120000    200.14923   -61.626251    134265.92   -42307.649    2490.2369   -44797.886      37.5539   0.93019501 
122000    202.99715   -152.83999    134441.37   -42257.727    2525.6705   -44783.397    37.701846   0.92898111 
124000    203.46571   -289.17633    134539.03   -42269.844    2531.5002   -44801.344    37.725232   0.92830678 
126000    203.64275   -101.16654    134478.26   -42282.294     2533.703   -44815.997    37.971635   0.92872624 
128000    201.56583   -348.05668    134955.64    -42322.17    2507.8621   -44830.032    38.139319   0.92544106 
130000    205.17977   -447.04432    135140.76    -42235.92    2552.8264   -44788.746    38.414304   0.92417339 
132000    205.98825   -295.69425    135089.47   -42208.842    2562.8855   -44771.727    38.274942   0.92452427 
134000    209.46792    -225.4411    135191.41   -42189.044    2606.1792   -44795.223    38.441442   0.92382715 
136000    205.41903    60.050507    134917.29   -42172.031    2555.8033   -44727.834    38.599354   0.92570412 
138000    204.73445   -414.96869    135228.26   -42159.731    2547.2858   -44707.017    38.709387   0.92357536 
140000    210.18262   -189.08738    134889.92   -42138.962    2615.0714   -44754.033    38.894691   0.92589198 
142000    201.14239    64.131322    134543.08   -42253.845    2502.5938   -44756.439    38.655764   0.92827884 
144000    200.70608   -248.92402     134811.1    -42268.45    2497.1652   -44765.615    38.798223   0.92643328 
146000    203.73826   -231.39201    134937.84   -42231.929    2534.8912   -44766.821    38.968718   0.92556314 
148000     205.8488   -446.54132    135115.34    -42251.26    2561.1505    -44812.41    39.220042   0.92434725 
150000    203.22707   -144.57423    134677.85   -42312.254    2528.5312   -44840.786    39.280637    0.9273499 
152000    204.44584   -395.62847    134923.06   -42221.227     2543.695   -44764.922    39.425429   0.92566451 
154000     209.0161    -97.52799    134619.03   -42132.958    2600.5577   -44733.516    39.545455   0.92775509 
156000    204.43341    28.300138    134322.89   -42149.125    2543.5403   -44692.665    39.481839   0.92980053 
158000    205.21317   -203.59959    134610.26   -42149.013     2553.242   -44702.254    40.199556   0.92781556 
160000    207.85644    -244.2248    134710.02   -42169.596    2586.1293   -44755.725     40.16224   0.92712841 
162000    204.21722    122.74653    134372.42   -42236.273    2540.8504   -44777.123    40.216582   0.92945781 
164000    206.87777    11.146032    134366.88   -42096.732    2573.9528   -44670.685    40.167761   0.92949613 
166000    206.71448   -89.580396    134100.81   -42194.884    2571.9211   -44766.805    40.312137   0.93134033 
168000    207.55021   -291.31109    134645.69    -42177.77    2582.3192   -44760.089    40.600192   0.92757142 
170000    207.73411   -304.26298    134548.59   -42101.767    2584.6073   -44686.374     40.81901   0.92824078 
172000    204.72968   -225.72266    134731.71   -42129.979    2547.2264   -44677.205    40.897877   0.92697922 
174000    205.92827   -26.821744    134379.13   -42109.791    2562.1391    -44671.93    41.121795   0.92941136 
176000    203.93798   -90.608291    134608.25    -42194.81    2537.3762   -44732.186    41.543507   0.92782938 
178000    201.48414   -259.29188    134677.31   -42213.864    2506.8457    -44720.71    41.425013   0.92735363 
180000    207.70733     250.3685    134159.89   -42125.089     2584.274   -44709.363    41.350718   0.93093022 
182000    205.28812   -152.27586    134502.82   -42216.441    2554.1745   -44770.616    41.556289   0.92855669 
184000    200.96838   -38.022531     134728.8   -42278.713    2500.4287   -44779.142    41.807272   0.92699919 
186000    205.69971   -358.04944    134864.71   -42249.023    2559.2954   -44808.319    41.847633   0.92606504 
188000    204.43854   -359.93143     134956.6   -42252.865    2543.6041   -44796.469     41.93129   0.92543446 
190000     205.2986    -188.4821    134878.34   -42255.926    2554.3048    -44810.23    42.024563   0.92597141 
192000     204.6999   -132.32489    134777.74   -42295.419    2546.8559   -44842.275    41.912146   0.92666259 
194000    210.91448   -58.453046    134880.22    -42219.07    2624.1771   -44843.247    41.944269   0.92595855 
196000    206.42795    175.84091     134615.5   -42252.957    2568.3561   -44821.313    42.092389   0.92777942 
198000    207.31709   -127.65876    134855.07   -42177.619    2579.4187   -44757.038    42.203393   0.92613123 
200000    205.37742   -114.83226    134905.94   -42284.025    2555.2855    -44839.31    42.506604     0.925782 
202000    206.90815   -210.47433    135048.93   -42244.417    2574.3307   -44818.748    42.396556   0.92480181 
204000    205.86481   -339.91036    135090.41   -42231.308    2561.3496   -44792.657    42.534867    0.9245178 
206000    210.88718   -33.485858    134823.32   -42224.661    2623.8375   -44848.498      42.6032   0.92634929 
208000    204.34078   -410.18699    135304.81   -42268.069    2542.3877   -44810.457    42.937005   0.92305283 
210000      204.191   -281.97788    134980.12   -42284.796    2540.5242    -44825.32    43.039068    0.9252732 
212000    206.75292   -40.769311    134693.42   -42225.428    2572.3994   -44797.827    43.233424   0.92724268 
214000    211.63193   -169.62739    134985.28   -42189.328    2633.1036   -44822.431    43.199384   0.92523784 
216000    201.96046   -191.52234    134955.09   -42309.812    2512.7721   -44822.584    43.428415   0.92544486 
218000    207.31861   -108.88851    134693.73   -42329.911    2579.4376   -44909.348    43.683848   0.92724056 
220000    205.12181   -223.89154    134871.01   -42317.161    2552.1053   -44869.266     43.70204   0.92602178 
222000    203.63857   -68.485516    134593.68   -42231.437    2533.6509   -44765.088    43.637442   0.92792986 
224000    205.18622    -325.8098    134642.25   -42214.041    2552.9066   -44766.948    43.697933   0.92759512 
226000    207.76817   -316.79829    134713.75   -42219.429     2585.031    -44804.46    43.966935    0.9271028 
228000    200.53243   -534.44802    135073.49   -42312.878    2495.0047   -44807.882    44.041976   0.92463363 
230000    204.64569   -39.251479    134398.34   -42317.307    2546.1814   -44863.489    44.192072   0.92927852 
232000    201.42947    -230.2299    134884.33    -42303.02    2506.1656   -44809.185    44.289945   0.92593035 
234000    203.47521   -158.85018    134668.74   -42278.421    2531.6184    -44810.04    44.348524   0.92741263 
236000    203.62213    190.28929    134605.62   -42328.105    2533.4464   -44861.551    44.322054    0.9278475 
238000    200.86105   -29.787107    134903.64   -42343.975    2499.0933   -44843.068    44.642717   0.92579781 
240000    202.70974   -265.00494     135214.1   -42300.049    2522.0946   -44822.144    44.899744   0.92367212 
242000     203.5193    3.9538397    134940.93   -42301.821     2532.167   -44833.988     45.00833   0.92554196 
244000    205.17767   -81.662455    135064.48   -42282.736    2552.8003   -44835.536    45.224254   0.92469529 
246000    206.90553   -212.13938    135021.34   -42279.079    2574.2982   -44853.377    45.060081   0.92499079 
248000    206.12806    91.413288    134878.61   -42253.296     2564.625   -44817.921    45.095849   0.92596958 
250000    206.47841    -113.4216    135037.97   -42298.549     2568.984   -44867.533    45.145344   0.92487687 
252000    206.35349    163.42094    134411.19   -42301.922    2567.4297   -44869.351    45.223898   0.92918967 
254000    204.02569   -101.25715    134926.64    -42287.68    2538.4675   -44826.147    45.331104   0.92563997 
256000    204.04112   -129.38447    135157.28   -42352.234    2538.6594   -44890.894    45.732527   0.92406039 
258000     205.1326   -295.04741    135316.07   -42261.733    2552.2396   -44813.973    45.831361   0.92297602 
260000    206.40899    42.621075    134878.55   -42279.838    2568.1202   -44847.958    45.756493   0.92597001 
262000    209.29952   -15.519471     135027.6   -42270.942     2604.084   -44875.026    45.804849   0.92494787 
264000     209.6653    1.4386544    134938.65   -42279.059     2608.635   -44887.694    46.061534   0.92555761 
266000    207.49077    1.2252986    135062.16    -42283.41    2581.5796    -44864.99    46.179556   0.92471118 
268000    208.07533   -219.85413    135304.42   -42255.905    2588.8527   -44844.758    46.353871   0.92305549 
270000    202.49507   -136.68588    134814.26   -42407.944    2519.4237   -44927.367    46.299404   0.92641158 
272000    199.34467   -56.906191    134679.91   -42394.831    2480.2267   -44875.058    46.144885   0.92733573 
274000    199.09094   -12.796056    134742.34   -42460.058    2477.0698   -44937.128    46.264486   0.92690605 
276000     207.7239    258.95647    134694.11   -42284.213    2584.4802   -44868.693    46.342336   0.92723793 
278000    205.52635   -273.81702    135295.93   -42331.752    2557.1385   -44888.891    46.612517   0.92311341 
280000    207.79919    -307.7908    135476.04    -42318.18    2585.4169   -44903.597    46.648499   0.92188618 
282000    208.90041   -100.28944    135185.75   -42288.077    2599.1182   -44887.195    46.704616   0.92386579 
284000    203.21101   -150.27347    135079.87   -42352.333    2528.3313   -44880.665    46.754179   0.92458993 
286000    204.81366   -167.47861    135182.98   -42367.488    2548.2713   -44915.759    46.963981   0.92388476 
288000    206.72963   -384.34865    135486.05   -42353.616    2572.1096   -44925.726      47.1206   0.92181806 
290000    203.99171   -336.55553    135329.47   -42368.949    2538.0447   -44906.994    47.209013   0.92288464 
292000    203.32892   -158.70416     135037.1   -42369.651    2529.7984   -44899.449    47.250703    0.9248828 
294000     201.4546   -385.26419    135227.67   -42403.525    2506.4782   -44910.003    47.206832    0.9235794 
296000    207.04209   -413.31501    135314.66   -42358.553    2575.9972    -44934.55    47.199959   0.92298565 
298000     204.5528   -208.51599    135436.37   -42357.005    2545.0258    -44902.03    47.368624   0.92215624 
300000    203.38594   -128.55847    135159.41   -42400.904    2530.5077   -44931.411    47.453777   0.92404581 
302000    203.12669   -183.29315    135398.72   -42444.715    2527.2823   -44971.997    47.722786   0.92241265 
304000    204.60329   -176.99301     135270.3   -42394.011    2545.6539   -44939.665    47.736187   0.92328838 
306000    208.15865   -432.91899    135509.04   -42379.365    2589.8893   -44969.254    47.886154   0.92166172 
308000    200.98296    -399.0527    135219.25   -42465.378    2500.6101   -44965.988    47.582214   0.92363692 
310000    201.86991   -268.20018    135201.02   -42471.102    2511.6455   -44982.747    47.594688   0.92376148 
312000    203.34045    -223.4984     135196.3   -42440.942    2529.9418   -44970.884    47.981236   0.92379368 
314000    204.63282    89.452516    135169.58   -42445.642    2546.0213   -44991.664    48.000919   0.92397635 
316000    201.35039   -284.09335    135237.08   -42421.152    2505.1817   -44926.334     48.07005   0.92351511 
318000    203.30373   -162.37294    135189.25    -42450.04    2529.4849   -44979.525    48.311084   0.92384187 
320000    201.71406    92.098646    134954.59   -42447.276    2509.7065   -44956.982    48.157654   0.92544829 
322000    208.45802    13.583851    135102.84   -42319.509     2593.614   -44913.123     48.03757   0.92443278 
324000    206.72325   -120.24021    135382.91   -42315.853    2572.0303   -44887.883    48.298436   0.92252037 
326000    205.18166   -246.46391    135338.22   -42362.002      2552.85   -44914.852     48.40782   0.92282497 
328000    201.36057   -126.39384    135222.34   -42491.185    2505.3083   -44996.493    48.334924   0.92361582 
330000    204.75067   -256.99389    135473.05   -42346.544    2547.4875   -44894.031    48.531436   0.92190656 
332000    206.37273   -311.03084    135563.67   -42352.252    2567.6691   -44919.922    48.458689    0.9212903 
334000    204.06541   -296.69362       135648   -42390.776    2538.9617   -44929.738    48.722811   0.92071753 
336000    202.83188   -49.199601    135385.85   -42444.837    2523.6142   -44968.451    48.710203   0.92250031 
338000    205.13069    184.63711    135255.97   -42451.719    2552.2158   -45003.935    48.695929   0.92338617 
340000    196.44433    57.541062    135196.44   -42494.201    2444.1409   -44938.342    48.669383   0.92379275 
342000    202.67365   -12.601272     135284.6   -42363.602    2521.6456   -44885.247    48.719782   0.92319077 
344000    208.14743   -106.13464    135288.11   -42335.886    2589.7498   -44925.636    48.648275   0.92316679 
346000    208.52323    134.87024    135014.82   -42372.153    2594.4254   -44966.578    48.605451   0.92503543 
348000    202.64582   -45.729669    135176.36   -42451.801    2521.2992     -44973.1    48.560401   0.92392997 
350000     206.1181   -33.587917    135142.26   -42320.781     2564.501   -44885.282    48.754041   0.92416308 
352000    206.92007    24.537774    135052.96   -42306.613    2574.4791   -44881.093    48.706997   0.92477415 
354000    210.93445   -98.248085    135238.21   -42294.599    2624.4256   -44919.025    48.779547   0.92350743 
356000    204.18633   -264.89803    135350.95   -42372.881    2540.4661   -44913.347    48.969508    0.9227382 
358000    203.25722   -247.87899    135407.37   -42384.725    2528.9062   -44913.631    48.931178   0.92235369 
360000    206.54053   -131.59866    135415.47   -42334.192    2569.7568   -44903.949    49.123702   0.92229853 
362000    206.12892   -46.669335    135215.29   -42397.162    2564.6357   -44961.798    49.040218   0.92366397 
364000    202.65541   -82.002916    135315.45   -42377.702    2521.4186   -44899.121     48.87015   0.92298025 
366000    204.41262    18.937832    135252.51   -42360.923    2543.2816   -44904.204    49.160874    0.9234098 
368000    203.68641   -234.42122    135473.59   -42423.319    2534.2461   -44957.565     49.10805   0.92190285 
370000    202.99928   -243.84446    135657.98   -42414.233    2525.6969    -44939.93    49.201465   0.92064978 
372000    204.89194   -171.41825    135503.03   -42358.295    2549.2452   -44907.541    49.201681   0.92170261 
374000    205.05612   -40.068042    135167.42   -42418.672     2551.288    -44969.96    49.260831   0.92399107 
376000    202.97162     -80.8972     135319.3   -42447.444    2525.3529   -44972.797    49.096619   0.92295401 
378000    207.01774   -122.09238    135346.73   -42377.447    2575.6943   -44953.142     49.31937   0.92276699 
380000    206.81631      1.05271    135528.49   -42425.659    2573.1881   -44998.848     49.33196   0.92152939 
382000    209.81072     -63.2831    135381.83   -42335.296    2610.4442   -44945.741    49.519335   0.92252775 
384000    205.20979   -272.04394    135354.13    -42397.02    2553.1999    -44950.22    49.465824   0.92271651 
386000    208.71517   -140.51516     135509.8    -42361.33    2596.8135   -44958.143    49.431865   0.92165649 
388000     203.3695   -16.032163    135364.56   -42479.517    2530.3033   -45009.821    49.361453   0.92264542 
390000    204.23481    -378.3042    135479.41   -42546.721    2541.0694   -45087.791    49.472238   0.92186329 
392000    200.73337   -236.26811    135438.39   -42544.732    2497.5047   -45042.237    49.644109   0.92214248 
394000    204.19367   -293.01791    135609.08   -42464.117    2540.5574   -45004.674    49.814638    0.9209818 
396000    203.60533    -204.5393    135338.03   -42457.777    2533.2374   -44991.015    49.670676   0.92282631 
398000    204.08389    56.052822    135095.26   -42478.906    2539.1916   -45018.097    49.656046    0.9244846 
400000    203.30644    -143.0245    135285.54   -42435.801    2529.5186   -44965.319     49.78294   0.92318434 
402000     207.3518    10.526378    135137.95     -42457.5    2579.8506    -45037.35    49.789791    0.9241926 
404000    205.39328   -255.62969    135285.54   -42456.113    2555.4828   -45011.595    49.925682   0.92318433 
406000    205.99429    392.59482    134561.12   -42394.307    2562.9606   -44957.267    49.806731   0.92815436 
408000    209.70927    167.10457    134911.35   -42328.843     2609.182   -44938.025    49.915246   0.92574487 
410000    202.96992   -102.68446    135048.46     -42415.9    2525.3317   -44941.232    49.940844   0.92480502 
412000    203.92812   -41.737543    135109.31   -42398.247    2537.2535   -44935.501    50.128831   0.92438846 
414000    205.19299   -266.21974     135256.8   -42432.906    2552.9909   -44985.897    50.191563    0.9233805 
416000    204.04722     310.0295    134689.15   -42479.688    2538.7353   -45018.423    50.152413    0.9272721 
418000    208.33534    128.57804    135150.62    -42399.67    2592.0877   -44991.758    50.207525   0.92410592 
420000    205.26398   -293.15641    135286.29   -42371.635    2553.8742   -44925.509    50.419212   0.92317921 
422000    201.34662   -272.25373    135646.35   -42460.022    2505.1347   -44965.157    50.714754   0.92072872 
424000    203.02083   -407.13271    135709.03   -42446.531    2525.9651   -44972.496    50.745476   0.92030349 
426000     204.8986   -369.26794    135573.55   -42492.613    2549.3281   -45041.941    50.810286   0.92122311 
428000    203.75076   -46.278586    135217.61   -42468.532    2535.0469   -45003.579     50.83214   0.92364815 
430000    203.96334   -166.36374    135514.65   -42459.956    2537.6917   -44997.647    51.014488   0.92162354 
432000    208.62424   -343.98952    135403.97   -42355.148    2595.6822    -44950.83    50.851677   0.92237691 
434000    207.36812   -319.32783    135644.23   -42380.604    2580.0537   -44960.657    51.069068    0.9207431 
436000    203.78894   -330.85242    135599.03    -42448.91    2535.5218   -44984.432     51.07874      0.92105 
438000    205.25548   -170.69174    135652.36   -42409.096    2553.7684   -44962.865     51.36822   0.92068792 
440000     210.7063   -399.99116    135857.75   -42389.006    2621.5869   -45010.593    51.270359   0.91929605 
442000    201.70782   -222.13616    135443.92   -42453.272    2509.6288   -44962.901    51.321878   0.92210484 
444000    200.69245   -211.68652    135673.01   -42443.167    2496.9956   -44940.163    51.284208   0.92054783 
446000    204.20217   -392.39925    135760.73   -42414.189    2540.6632   -44954.852    51.324374   0.91995298 
448000    208.12515   -23.577912    135242.01   -42449.618    2589.4726    -45039.09    51.483613   0.92348148 
450000    205.80184   -41.427399    135312.35   -42379.552    2560.5662   -44940.119    51.448629   0.92300145 
452000      210.009   -106.15381    135492.19   -42381.527    2612.9112   -44994.438     51.31691   0.92177631 
454000    204.72717   -124.13185    135559.91   -42394.327    2547.1952   -44941.522    51.545341   0.92131585 
456000    205.95455   -298.19222    135586.21   -42397.468    2562.4662   -44959.934    51.515434   0.92113715 
458000    203.73144   -123.01234    135463.69   -42433.825    2534.8064   -44968.631    51.561707   0.92197022 
460000    205.73255   -403.51122    135745.02   -42402.702     2559.704   -44962.406    51.743079    0.9200595 
462000     204.2788   -428.29082    135494.07   -42475.595    2541.6166   -45017.212    51.701941   0.92176356 
464000    206.86519   -130.31998    135339.57    -42421.71    2573.7962   -44995.506    51.939698   0.92281581 
466000    203.81906   -276.30764    135369.64   -42392.114    2535.8966   -44928.011    51.845959   0.92261078 
468000    203.76034   -264.56446    135491.93   -42375.582     2535.166   -44910.748    51.897436   0.92177808 
470000    204.58097    23.528403    135042.54   -42443.189    2545.3762   -44988.565    51.879992   0.92484555 
472000    203.31676   -5.9550037    135056.03   -42442.402     2529.647   -44972.049    52.061141   0.92475316 
474000    206.63606   -117.33489    135049.05    -42414.99    2570.9455   -44985.936    51.910756   0.92480099 
476000    205.64068   -315.40736    135489.84    -42393.96    2558.5611   -44952.521     52.24666   0.92179233 
478000    202.96695   -270.83088    135323.98   -42456.542    2525.2947   -44981.837     52.29083   0.92292209 
480000    206.51995   -296.60317    135357.57    -42403.43    2569.5008   -44972.931    52.445068   0.92269305 
482000    207.89398   -495.73038    135483.25   -42357.488    2586.5963   -44944.084    52.475844   0.92183712 
484000    205.61941   -88.755787    135156.41   -42427.656    2558.2964   -44985.952    52.743791   0.92406636 
486000     198.1482   -154.45532    135340.74   -42493.638    2465.3403   -44958.978     53.05794   0.92280778 
488000    204.53675    -131.7144    135343.13   -42398.404     2544.826    -44943.23    52.907805    0.9227915 
490000    204.95081   -69.850768    135126.04    -42323.78    2549.9777   -44873.757    53.250978   0.92427404 
492000    204.26344   -210.00564    135113.46   -42390.045    2541.4256   -44931.471    53.299559   0.92436011 
494000    206.64581   -500.15741    135544.65   -42433.512    2571.0667   -45004.578    53.389005   0.92141957 
496000    209.74932   -123.09784    135274.48   -42402.545    2609.6803   -45012.225    53.372588   0.92325981 
498000    206.63399   -107.75107    135115.75   -42484.939    2570.9197   -45055.858    53.441205    0.9243444 
500000    204.88656   -84.139185    135062.27   -42450.667    2549.1783   -44999.845    53.526396   0.92471042 
502000    203.03232   -84.277505    134943.94   -42414.618     2526.108   -44940.726    53.504591   0.92552132 
504000     207.0025    -221.9106    135233.33   -42380.726    2575.5046   -44956.231    53.574757   0.92354073 
506000     201.6897      -396.77    135340.16   -42452.274    2509.4033   -44961.677    53.676504   0.92281177 
508000    204.24496   -366.10764    135724.87   -42409.262    2541.1955   -44950.457    54.129309   0.92019608 
510000    207.16401    -64.25413    135226.06   -42391.372    2577.5142   -44968.886    54.039996   0.92359039 
512000    206.36732   -60.255233    135289.48   -42422.732    2567.6018   -44990.334    54.019317   0.92315746 
514000    204.45427    -116.0314    135188.15   -42466.679    2543.7998   -45010.479    53.979798   0.92384939 
516000    202.97458   -7.4368961    135098.25   -42472.055    2525.3896   -44997.444    53.938378   0.92446413 
518000    204.80371    65.041537    134854.55   -42450.655    2548.1475   -44998.802    53.916306   0.92613478 
520000     204.7804    13.157479    135091.92   -42466.433    2547.8574    -45014.29    54.221116    0.9245075 
522000    203.89501   -112.60982    135194.75   -42458.595    2536.8416   -44995.437    54.052935   0.92380429 
524000    207.39332   -133.59276    135271.16   -42410.249    2580.3672   -44990.616    54.138885   0.92328248 
526000    205.42417     -246.845    135356.42   -42405.967    2555.8672   -44961.834    54.123778    0.9227009 
528000    207.30059    116.37514    135036.66   -42373.157    2579.2134    -44952.37    54.084059    0.9248858 
530000    203.79539    141.15551    135023.29    -42487.01    2535.6021   -45022.612    54.015936   0.92497742 
532000    202.71018   -65.469188    135306.33   -42415.896       2522.1   -44937.996    54.543986   0.92304248 
534000    201.82149   -71.651922    135410.14   -42445.099    2511.0431   -44956.142    54.730933   0.92233483 
536000     202.0323    -38.72078    135248.17   -42413.709     2513.666   -44927.375    54.502502   0.92343939 
538000    204.63041   -181.80024    135452.03   -42486.641    2545.9914   -45032.632    54.735962   0.92204963 
540000     205.7124   -178.80698    135758.56   -42429.381    2559.4534   -44988.834    54.940852   0.91996772 
542000      207.475   -96.825229    135464.77    -42432.59    2581.3834   -45013.973    54.856756   0.92196289 
544000     202.6595   -202.54871    135638.34   -42507.783    2521.4695   -45029.252     55.00272   0.92078307 
546000    206.64817    92.466337    135245.45   -42453.777    2571.0962   -45024.873    54.918375   0.92345798 
548000    207.52902      91.1838     135420.9   -42464.811    2582.0555   -45046.867    54.947304   0.92226159 
550000    202.89733   -174.56087    135611.85   -42477.203    2524.4285   -45001.631    55.157751   0.92096299 
552000    204.16553    268.49666    135114.83   -42453.486    2540.2074   -44993.694    55.280701   0.92435074 
554000    206.61405    75.881641    135287.49   -42428.589    2570.6716    -44999.26    55.215262   0.92317103 
556000    203.06693   -9.2041793    135580.94   -42498.796    2526.5387   -45025.335    55.295689   0.92117294 
558000    202.32579    -221.7718    135373.74   -42477.795    2517.3175   -44995.112    55.240171   0.92258283 
560000    206.73248   -280.44435    135806.77    -42419.22    2572.1451   -44991.365    55.536397   0.91964111 
562000    203.90545   -321.84081    135845.04   -42479.635    2536.9714   -45016.607    55.501733   0.91938204 
564000    207.02203   -65.175276    135588.99   -42496.443    2575.7476    -45072.19     55.58609   0.92111826 
566000    208.31355   -202.82277    135685.69   -42461.206    2591.8166   -45053.023    55.720816   0.92046178 
568000    206.67068     -92.3009    135539.65   -42441.033    2571.3762   -45012.409    55.611816   0.92145352 
570000    204.29593    -175.5253    135617.62    -42500.17    2541.8298   -45041.999    55.645155    0.9209238 
572000    202.56684    -321.5496    135809.62   -42536.365    2520.3166   -45056.682    55.962335   0.91962184 
574000    206.11143   -447.61698    135989.46   -42443.207     2564.418   -45007.625    56.000545   0.91840564 
576000    206.78754   -424.66157    135974.22    -42475.87    2572.8301     -45048.7    55.979925   0.91850861 
578000    204.71038    112.54893    135303.97   -42538.459    2546.9863   -45085.445    55.842389   0.92305856 
580000    203.88642   -116.38654    135443.06   -42536.215    2536.7347    -45072.95    55.833102   0.92211067 
582000    204.48323   -119.96841    135448.55   -42510.599    2544.1601   -45054.759    55.874804   0.92207332 
584000    207.46877   -156.97206    135616.58   -42507.782    2581.3059   -45089.088    56.121813   0.92093084 
586000    203.28193   -73.616031    135615.52   -42521.852    2529.2136   -45051.066     56.21422   0.92093802 
588000     204.1582   -230.09362    135831.57   -42538.843    2540.1161    -45078.96    56.310554   0.91947325 
590000    202.54642   -98.690123    135608.17   -42523.685    2520.0625   -45043.747    56.166671   0.92098792 
592000    207.02358   -354.62679     135846.3   -42510.282    2575.7669   -45086.048    56.332984   0.91937349 
594000    206.78745   -268.91608    135845.91   -42473.678     2572.829   -45046.507    56.355169   0.91937619 
596000    205.63013   -273.97874    135953.85    -42511.06    2558.4298    -45069.49    56.477602   0.91864622 
598000    205.11948   -100.21531    135713.03   -42484.713    2552.0762   -45036.789    56.109049   0.92027635 
600000    204.00456   -277.59533    136033.68   -42608.462    2538.2046   -45146.667    56.327215   0.91810711 
602000    202.25305   -317.16589    135900.29   -42615.167    2516.4124   -45131.579    56.330914   0.91900828 
604000     205.0915   -381.20233    135874.01   -42510.059    2551.7281   -45061.787    56.339993   0.91918603 
606000    202.63067   -169.68671    135499.33   -42557.593    2521.1107   -45078.704    56.386954   0.92172771 
608000    201.12207   -185.88979    135588.92   -42584.844    2502.3409   -45087.185    56.411269   0.92111869 
610000    205.42061   -195.75354    135608.08   -42580.223     2555.823   -45136.046    56.352416   0.92098858 
612000    205.26825   -229.34168    135486.64   -42556.331    2553.9273   -45110.258    56.446878   0.92181406 
614000    200.74199   -136.56175    135452.56   -42633.012     2497.612   -45130.624    56.293236   0.92204602 
616000     205.2247   -52.080084     135623.3   -42451.787    2553.3854   -45005.173    56.428576   0.92088521 
618000     205.1777   -382.70812    135863.23   -42548.904    2552.8006   -45101.704    56.827731   0.91925894 
620000    208.12929   -348.97005    135983.73   -42436.012    2589.5241   -45025.536    57.057581   0.91844438 
622000    208.79621   -80.493808    135633.56   -42458.557    2597.8218   -45056.379    56.922933   0.92081558 
624000    206.52855    17.499523     135656.7   -42514.197    2569.6078   -45083.805    56.810019   0.92065849 
626000    203.66896   -76.602929    135588.14    -42530.76    2534.0291   -45064.789    57.047874   0.92112404 
628000     202.6544   -80.394009    135589.68   -42521.669     2521.406   -45043.075    57.023068   0.92111355 
630000    202.14528   -169.54706    135651.61   -42584.714    2515.0716   -45099.786     57.11626   0.92069306 
632000    203.44579   -12.304508    135750.58   -42567.799    2531.2524   -45099.052    57.182442   0.92002179 
634000     207.3242   -32.721893    135544.27    -42481.58    2579.5072   -45061.087    56.937985   0.92142212 
636000    202.00442    92.514005    135579.07   -42545.228     2513.319   -45058.547    57.219328   0.92118565 
638000    202.16731   -70.990727    135790.12   -42600.032    2515.3456   -45115.378    57.247015   0.91975392 
640000    203.96779   -93.504808    135886.59     -42524.4    2537.7471   -45062.148     57.43047   0.91910094 
642000    203.25653    122.40777    135317.68   -42556.472    2528.8976   -45085.369    57.177868   0.92296505 
644000    200.17983    10.137397    135683.44   -42581.211    2490.6177   -45071.828    57.327838   0.92047705 
646000    203.08885   -163.56509    135880.22   -42575.425    2526.8114   -45102.236    57.471087   0.91914402 
648000    207.11426   -263.28276    136134.02    -42577.92    2576.8952   -45154.815    57.208907   0.91743042 
650000    208.48219   -96.564946    135894.82   -42531.671    2593.9148   -45125.586    57.225022   0.91904528 
652000    205.76573   -183.61168    135878.69   -42520.679    2560.1168   -45080.796    57.441166   0.91915437 
654000    206.34952   -439.25599    136064.13   -42480.522    2567.3803   -45047.902    57.465491   0.91790169 
656000     205.8189   -377.82958    135915.42   -42599.034    2560.7784   -45159.812    57.427512   0.91890594 
658000    203.54554   -288.06303    135874.71   -42613.564    2532.4935   -45146.057    57.515554    0.9191813 
660000    204.00668    145.63503    135275.12   -42565.841     2538.231   -45104.072    57.167226   0.92325547 
662000     204.8365   -328.91503    136013.51   -42554.197    2548.5555   -45102.753    57.666914   0.91824328 
664000    203.58598   -168.50174    135884.25   -42556.988    2532.9967   -45089.985    57.580707   0.91911676 
666000    204.02955   -234.90929    135908.05   -42574.278    2538.5155   -45112.794    57.740407   0.91895579 
668000    205.08503   -272.74968    136181.08   -42544.255    2551.6477   -45095.903    57.742299   0.91711338 
670000    203.42871   -172.15988    135973.92   -42583.155    2531.0399   -45114.195    57.746571   0.91851063 
672000    208.47431   -241.96182    136126.54   -42549.412    2593.8167   -45143.229    57.700386   0.91748082 
674000    208.37826   -279.10544    135941.86   -42507.134    2592.6217   -45099.755    57.726954   0.91872722 
676000    207.16693   -155.51134    136055.03   -42510.221    2577.5505   -45087.771    57.706892   0.91796305 
678000    202.73445   -272.95219    136152.23   -42546.104     2522.402   -45068.506     57.76228   0.91730772 
680000    206.22375   -257.08654     136103.6   -42542.565    2565.8155    -45108.38    57.749343   0.91763547 
682000    207.73776   -169.15184    136116.29   -42565.023    2584.6527   -45149.676    57.946838   0.91754992 
684000    207.75775   -112.19515    136013.23   -42489.103    2584.9013   -45074.005    57.706084   0.91824515 
686000    202.20193   -235.65869    135821.29   -42571.736    2515.7764   -45087.513    57.666535    0.9195428 
688000    204.66257   -170.81443    135933.94   -42565.218    2546.3915   -45111.609    57.740611   0.91878076 
690000    205.78671   -586.30493    136164.81   -42525.857    2560.3779   -45086.235    57.671261   0.91722296 
692000    208.38506    -332.5669    135990.46   -42442.369    2592.7063   -45035.075    57.901572   0.91839891 
694000    204.90721   -299.16539    135758.37   -42486.697    2549.4353   -45036.132    57.991574   0.91996901 
696000    200.24569   -278.88433    135761.21   -42565.046    2491.4371   -45056.483    58.106372   0.91994973 
698000    203.83146   -140.84755    135917.04   -42532.003    2536.0509   -45068.054    58.113603     0.918895 
700000     203.0366   -439.71695    136102.07   -42533.459    2526.1613    -45059.62    58.273682   0.91764576 
702000      204.938   -204.70987    136008.59    -42511.69    2549.8183   -45061.509    58.122576   0.91827649 
704000    206.66027   -39.766577     135629.3   -42464.992    2571.2467   -45036.239    58.127222   0.92084445 
706000    208.80531   -42.528426    135453.92   -42458.865     2597.935     -45056.8    58.203725   0.92203676 
708000    206.01848   -74.515473    135850.73   -42541.924    2563.2616   -45105.186    58.455797   0.91934356 
710000    198.21562   -305.42757    135833.11   -42598.015    2466.1792   -45064.194     58.37026   0.91946281 
712000    203.33935   -113.48317    135923.14   -42564.105    2529.9281   -45094.033    58.475081   0.91885381 
714000    202.81868   -212.76617    135999.96   -42529.101    2523.4499   -45052.551    58.529858   0.91833478 
716000    204.54651   -100.92607     135924.4   -42549.161    2544.9474   -45094.109    58.686294   0.91884529 
718000    203.27766    -343.2881    136137.79   -42559.513    2529.1605   -45088.674    58.629514   0.91740499 
720000    209.76317   -413.91177    136083.71   -42480.253    2609.8526   -45090.105    58.683541    0.9177696 
722000    205.48102    -106.9547    135721.86   -42518.587    2556.5745   -45075.162     58.80864   0.92021645 
724000     205.9082   -209.63759    135979.29   -42497.844    2561.8894   -45059.734    58.879569   0.91847438 
726000    206.87467   -343.26741    136110.75   -42523.745    2573.9142   -45097.659    58.743899   0.91758727 
728000    204.98058   -301.08374    136330.09    -42554.37    2550.3481   -45104.718    58.813142   0.91611097 
730000    206.52763   -161.28417     136003.8   -42485.371    2569.5964   -45054.968    58.770698   0.91830887 
732000    209.43737   -392.88331    136013.88   -42490.095     2605.799   -45095.894    58.921535   0.91824079 
734000    206.07573   -479.57395    136018.87    -42534.16    2563.9738   -45098.133    58.851881   0.91820712 
736000    203.36773   -376.71378    135722.57   -42563.267    2530.2812   -45093.548     58.97911   0.92021163 
738000    206.17626   -21.809497    135388.44   -42496.718    2565.2246   -45061.943    58.631582    0.9224827 
740000    206.87764   -92.273859    135666.99   -42507.321    2573.9512   -45081.273    58.864457   0.92058865 
742000    206.05436   -194.34942     135706.4   -42444.739     2563.708   -45008.447    58.839733   0.92032131 
744000    210.41954   -93.829382    135538.61   -42467.343    2618.0191   -45085.362    58.750293   0.92146059 
746000    206.44582    80.009411    135279.56   -42522.327    2568.5785   -45090.905    58.844184   0.92322517 
748000    207.38266    52.425795    135471.99   -42534.553    2580.2346   -45114.788    58.787239   0.92191378 
750000    202.85666   -100.77048    135838.08    -42518.71    2523.9226   -45042.632    59.015318   0.91942919 
752000    208.15719   -403.20865    135862.29   -42498.175    2589.8712   -45088.046    58.841433   0.91926529 
754000    203.20402   -139.29114    136014.12   -42497.792    2528.2444   -45026.036    59.132234   0.91823917 
756000    201.71532   -218.84131    135932.02   -42539.552    2509.7221   -45049.274    59.299792   0.91879377 
758000    204.56331   -342.78354    136192.23   -42525.438    2545.1564   -45070.594    59.193696    0.9170383 
760000    204.94731   -280.33673    136206.04   -42518.148    2549.9342   -45068.082    59.470446   0.91694532 
762000    204.18216   -372.92005     136058.5   -42563.098    2540.4143   -45103.513    59.454824   0.91793963 
764000    203.34347   -14.050411    135963.41   -42566.455    2529.9794   -45096.435     59.40712   0.91858161 
766000    201.71579    -268.9658    136021.74   -42557.069     2509.728   -45066.797    59.198466   0.91818772 
768000    203.29832   -537.70041    136311.19   -42580.988    2529.4176   -45110.406    59.489114   0.91623799 
770000    203.55898   -100.08249    136043.36   -42571.441    2532.6607   -45104.102    59.382688   0.91804181 
772000    204.94858   -47.071088    135775.48   -42552.314      2549.95   -45102.264    59.334386   0.91985305 
774000    207.29126   -137.10774     135867.1   -42511.957    2579.0974   -45091.054    59.539984   0.91923276 
776000    202.72464   -399.90047    136273.49   -42502.176    2522.2799   -45024.456    59.884176   0.91649149 
778000    202.14846      -255.82    135832.12   -42517.509    2515.1112    -45032.62    59.632509   0.91946951 
780000    207.17271   -207.25209    135789.73   -42533.602    2577.6224   -45111.224     59.59983    0.9197565 
782000    204.85104    61.160675     135788.5   -42515.761    2548.7363   -45064.497    59.571075   0.91976489 
784000    210.60165   -92.815291    135873.36   -42441.145    2620.2849    -45061.43    59.554194   0.91919041 
786000    206.37905   -179.31819     135840.5   -42477.417    2567.7477   -45045.165    59.859213   0.91941277 
788000    205.62242   -467.70653    136104.63   -42456.087    2558.3338   -45014.421    59.769889   0.91762852 
790000    204.92216   -523.43322    136590.41   -42555.265    2549.6213   -45104.886    60.065498   0.91436502 
792000    204.52356    -270.7985    136285.93   -42587.523    2544.6619   -45132.185    59.843426   0.91640783 
794000    209.13201    -237.7167    136065.87   -42544.741    2601.9998   -45146.741    59.846144   0.91788995 
796000    204.28291   -79.649968    136063.68   -42536.073    2541.6678    -45077.74    59.836411   0.91790469 
798000    204.91559   -177.72784    135907.76   -42499.936    2549.5395   -45049.475    59.799867   0.91895778 
