0.0005 189.08972 104.53458 131273.27 -187165 9657.12 -196822 0.098144344 
0.001 222.88845 64.733742 131498.71 -183602 11383.3 -194985 0.11474835 
0.0015 239.48774 71.145843 131641.88 -181263 12231 -193495 0.12850585 
0.002 259.39439 -78.803309 131780.53 -179914 13247.7 -193162 0.13936666 
0.0025 275.74193 12.7612 131917.76 -178900 14082.6 -192983 0.12566789 
0.003 282.58387 -7.2180733 131978.33 -177730 14432 -192162 0.14299595 
0.0035 282.9391 5.7507932 132050.87 -177576 14450.2 -192027 0.14615558 
0.004 294.63999 13.983257 132036.29 -177175 15047.8 -192223 0.14598774 
0.0045 283.47009 -70.322615 132031.12 -177148 14477.3 -191625 0.16203891 
0.005 288.03534 48.091364 132019.25 -177415 14710.4 -192125 0.12716077 
0.0055 292.60663 5.3633806 132042.34 -177197 14943.9 -192141 0.13796378 
0.006 286.77597 -4.122613 132014.7 -177049 14646.1 -191695 0.14402993 
0.0065 292.64985 0.56794234 132050.36 -176787 14946.1 -191733 0.14746638 
0.007 293.59418 -9.4795696 132032.41 -177062 14994.3 -192057 0.1447558 
0.0075 292.01262 37.684963 132021.66 -177312 14913.6 -192226 0.13023248 
0.008 287.51654 -6.3780912 132022.53 -177110 14683.9 -191794 0.14309788 
0.0085 297.31651 59.415346 132008.19 -177173 15184.4 -192357 0.13605353 
0.009 290.23064 30.435892 131977.61 -176989 14822.6 -191811 0.15280015 
0.0095 296.74534 29.497337 132027.92 -176720 15155.3 -191875 0.13598501 
0.01 298.61106 -0.024359306 132073.26 -176579 15250.6 -191830 0.14639721 
0.0105 285.32176 -48.452309 132023.91 -177178 14571.9 -191749 0.14460616 
0.011 285.25705 -11.956199 131997.16 -176915 14568.5 -191484 0.15456572 
0.0115 291.78116 41.875694 132029.05 -176729 14901.7 -191631 0.15144144 
0.012 289.46166 24.359293 132066.29 -176871 14783.3 -191655 0.14413042 
0.0125 291.32901 10.431436 132059.35 -176950 14878.7 -191829 0.14382362 
0.013 287.49879 -34.585062 132049.32 -177109 14683 -191792 0.14531867 
0.0135 293.52516 51.70521 132044.34 -177104 14990.8 -192095 0.12978575 
0.014 293.56786 -0.17894253 132058.91 -176709 14993 -191702 0.15387535 
0.0145 293.57381 -12.570015 132086.72 -176727 14993.3 -191720 0.13762775 
0.015 295.07945 -4.4334172 132039.03 -176938 15070.2 -192008 0.14725125 
0.0155 293.24541 9.1594296 132044.01 -176825 14976.5 -191801 0.1442936 
0.016 293.27761 26.216764 132030.97 -177214 14978.2 -192192 0.13550419 
0.0165 284.6577 22.110413 131970.79 -177571 14537.9 -192109 0.15002698 
0.017 282.98395 -23.674983 132022.7 -177308 14452.5 -191761 0.14074242 
0.0175 286.75565 38.254115 132031.14 -177151 14645.1 -191797 0.14605562 
0.018 285.69869 -7.340812 132054.33 -177190 14591.1 -191781 0.14167092 
0.0185 286.81605 -5.2068771 132025.11 -176995 14648.2 -191643 0.14162335 
0.019 287.52733 37.30264 132046.56 -176938 14684.5 -191622 0.1462197 
0.0195 292.72607 24.266492 132047.65 -176960 14950 -191910 0.14102525 
0.02 292.77139 42.84604 132050.46 -177145 14952.3 -192097 0.13525487 
0.0205 281.94268 -6.4991246 132052.99 -177227 14399.3 -191627 0.14818615 
0.021 292.1284 8.2458666 132034.16 -177032 14919.5 -191952 0.13884905 
0.0215 289.11456 11.197533 131999.6 -177563 14765.6 -192329 0.14275707 
0.022 288.63536 16.83594 132024.01 -177126 14741.1 -191867 0.13585133 
0.0225 285.31411 -21.985133 132013.9 -177346 14571.5 -191917 0.14623299 
0.023 283.59184 37.060649 131978.46 -177436 14483.5 -191920 0.13896327 
0.0235 288.41844 33.346536 132017.4 -177080 14730 -191810 0.14067664 
0.024 295.19588 26.218681 132051.1 -176697 15076.1 -191773 0.13979685 
0.0245 286.69906 -45.496118 132036.94 -176569 14642.2 -191211 0.15711153 
0.025 284.50624 -20.726302 132026.32 -177058 14530.2 -191589 0.14686118 
0.0255 292.1257 42.457858 132027.04 -176784 14919.3 -191704 0.14154002 
0.026 289.11042 -9.6561688 132021.21 -177084 14765.3 -191849 0.14543781 
0.0265 283.02799 10.863095 131975.48 -177463 14454.7 -191918 0.14106785 
0.027 286.03789 8.7005696 131978.49 -177337 14608.4 -191945 0.14625767 
0.0275 291.65552 34.441832 132008.14 -177214 14895.3 -192110 0.13985681 
0.028 292.45133 21.00783 132005.36 -177348 14936 -192284 0.1381594 
0.0285 285.20625 -58.734806 132015.21 -177318 14566 -191884 0.14792957 
0.029 290.60403 2.986923 132031.71 -177087 14841.6 -191928 0.14035431 
0.0295 285.46107 2.7291908 132024.34 -177397 14579 -191976 0.13935351 
0.03 283.97687 16.694195 132026.23 -177317 14503.2 -191820 0.14518643 
0.0305 290.11506 5.6450435 131999.16 -177617 14816.7 -192433 0.1315394 
0.031 284.76946 -10.23133 131993.16 -177518 14543.6 -192062 0.14923788 
0.0315 285.52338 -26.182103 132032.44 -177046 14582.2 -191628 0.13596324 
0.032 290.10539 18.444722 132030.67 -177259 14816.2 -192075 0.14437175 
0.0325 284.72518 -16.845301 132019.39 -177333 14541.4 -191874 0.1439358 
0.033 292.41158 56.088434 131993.69 -177338 14933.9 -192272 0.1358088 
0.0335 282.75153 12.04848 132006.69 -177568 14440.6 -192008 0.14278975 
0.034 286.74192 -5.9690765 132016.57 -177402 14644.4 -192046 0.14195618 
0.0345 288.22862 -21.768481 132016.9 -177068 14720.3 -191789 0.14570192 
0.035 290.72313 -23.564789 132025.79 -177088 14847.7 -191935 0.14772432 
0.0355 289.05553 25.852869 132038.97 -177117 14762.5 -191879 0.13221643 
0.036 287.26031 10.303435 132023.79 -177573 14670.9 -192244 0.13934393 
0.0365 280.89864 19.196873 131998.45 -177757 14346 -192103 0.13581825 
0.037 285.07058 22.633153 132020.96 -177289 14559 -191848 0.14135071 
0.0375 287.15637 -4.6468827 132029.72 -177036 14665.5 -191702 0.14482374 
0.038 289.64363 19.535541 132041.93 -176949 14792.6 -191742 0.13896615 
0.0385 286.74723 -15.014366 132033 -177327 14644.7 -191972 0.14188091 
0.039 287.863 12.949161 132008.82 -177561 14701.6 -192263 0.13578409 
0.0395 283.68216 -20.430765 131995.56 -177317 14488.1 -191805 0.14657076 
0.04 288.36105 -8.9038961 132023.05 -176935 14727.1 -191662 0.14609729 
0.0405 287.49228 -7.6681325 132021.46 -176801 14682.7 -191484 0.15367354 
0.041 292.79933 20.185483 132026.84 -176892 14953.7 -191846 0.13985461 
0.0415 289.65007 11.516558 132028.36 -176730 14792.9 -191523 0.1494084 
0.042 289.84025 46.533832 132057 -176632 14802.6 -191434 0.14215393 
0.0425 290.1943 28.80197 132051.86 -176993 14820.7 -191814 0.14205436 
0.043 290.76061 -28.338088 132056.58 -177082 14849.6 -191932 0.14283614 
0.0435 292.12413 13.226625 132036.44 -176947 14919.3 -191866 0.1401762 
0.044 289.71068 6.4014477 132024.78 -177099 14796 -191895 0.14060466 
0.0445 291.73505 22.835125 132019.14 -177362 14899.4 -192261 0.14037719 
0.045 291.1631 30.507611 132036.47 -177054 14870.2 -191925 0.13682159 
0.0455 286.8899 -12.221407 132014.81 -177261 14651.9 -191913 0.14550421 
0.046 288.09914 -7.1627915 132026.29 -176837 14713.7 -191551 0.1420201 
0.0465 280.44757 -43.648706 132015.04 -177434 14322.9 -191757 0.14822192 
0.047 281.80505 -7.3268352 132017.47 -177291 14392.2 -191683 0.14827881 
0.0475 286.61853 13.639824 132010.7 -177444 14638.1 -192083 0.13728121 
0.048 284.74171 -33.523249 131999.12 -177436 14542.2 -191978 0.14637239 
0.0485 291.43133 -24.071187 132010.97 -176923 14883.9 -191806 0.14034937 
0.049 294.8546 -14.057006 132008.76 -176709 15058.7 -191768 0.14866364 
0.0495 290.70024 -30.218817 132022.82 -176858 14846.5 -191705 0.14733828 
0.05 286.79774 0.59897011 132018.59 -177057 14647.2 -191705 0.14416117 
0.0505 293.63837 -15.093637 132023.63 -176872 14996.6 -191869 0.14427203 
0.051 290.76986 -34.327214 132041.56 -176747 14850.1 -191597 0.14460029 
0.0515 291.19679 -4.9875431 132047.51 -176742 14871.9 -191614 0.14032795 
0.052 290.98181 46.36699 132052.66 -176711 14860.9 -191572 0.14866783 
0.0525 287.57372 -9.5379683 132059.48 -176947 14686.9 -191634 0.14221011 
0.053 288.07193 27.41999 132057.25 -177049 14712.3 -191762 0.14293671 
0.0535 286.63512 9.2380651 132037.61 -177189 14638.9 -191828 0.13789747 
0.054 287.66084 -21.109715 132032.54 -177679 14691.3 -192371 0.13746045 
0.0545 277.91865 -56.461009 131990.4 -177608 14193.8 -191802 0.14824836 
0.055 287.87033 17.229628 132005.48 -177663 14702 -192365 0.13988255 
0.0555 285.45852 -31.427584 132029.52 -177312 14578.8 -191891 0.13784845 
0.056 280.88779 -53.157707 132023.2 -177716 14345.4 -192061 0.14077389 
0.0565 285.95521 -14.465547 132013.83 -177371 14604.2 -191975 0.13865959 
0.057 287.85701 -36.1509 132017.01 -177274 14701.3 -191975 0.1470146 
0.0575 288.78884 8.5217197 132042.79 -176891 14748.9 -191640 0.14457508 
0.058 294.41757 26.085957 132062.53 -176897 15036.4 -191934 0.13758017 
0.0585 293.21275 36.175413 132073.02 -176342 14974.9 -191317 0.14403384 
0.059 291.81309 -8.8833169 132074.01 -176728 14903.4 -191632 0.14152621 
0.0595 292.34322 -0.84253603 132045.84 -176912 14930.5 -191842 0.14526635 
0.06 289.52665 -48.151085 132061.95 -176709 14786.6 -191496 0.1503344 
0.0605 291.99075 22.57948 132065.07 -177018 14912.4 -191930 0.13517047 
0.061 294.30958 -13.818376 132054.02 -176975 15030.9 -192006 0.13797366 
0.0615 287.45196 52.505391 132040.13 -177198 14680.6 -191879 0.13727367 
0.062 291.83764 -5.9149781 132027.76 -177053 14904.6 -191958 0.1405362 
0.0625 290.50427 13.798752 132058.39 -176823 14836.5 -191660 0.14837041 
0.063 291.50477 -18.103091 132067.58 -176802 14887.6 -191690 0.13850957 
0.0635 291.39623 -1.9374606 132069.36 -176931 14882.1 -191813 0.14036561 
0.064 293.98857 40.766319 132065.47 -177055 15014.5 -192070 0.13985031 
0.0645 291.15617 10.039686 132044.97 -177236 14869.8 -192105 0.14092031 
0.065 293.26414 37.925095 132043.21 -177221 14977.5 -192199 0.14108681 
0.0655 286.96089 -13.838196 132055.06 -177356 14655.6 -192012 0.13953229 
0.066 287.55768 7.3539423 132065.32 -177521 14686 -192207 0.13091438 
0.0665 283.67158 -25.94532 132050.44 -177762 14487.6 -192250 0.13798595 
0.067 279.76637 -11.478278 132025.28 -177949 14288.1 -192238 0.13391735 
0.0675 286.60031 -26.424984 132034.45 -177459 14637.2 -192096 0.14242828 
0.068 288.97174 7.9983967 132042.71 -177348 14758.3 -192106 0.13667679 
0.0685 287.4775 42.236575 132042.46 -177387 14682 -192069 0.13180813 
0.069 290.53922 49.120292 132056.17 -177224 14838.3 -192062 0.13963918 
0.0695 291.87094 30.935895 132047.27 -177066 14906.3 -191973 0.1372444 
0.07 292.36012 -16.448259 132052.03 -176673 14931.3 -191604 0.14627449 
0.0705 282.44993 -43.376701 132044.36 -177030 14425.2 -191455 0.14694469 
0.071 289.18931 21.498818 132055.97 -177026 14769.4 -191795 0.13614739 
0.0715 289.84507 1.6293008 132044.29 -177172 14802.9 -191975 0.13988051 
0.072 288.92072 -25.106227 132029.85 -177370 14755.7 -192126 0.1417678 
0.0725 289.05709 35.942206 132028.54 -177383 14762.6 -192146 0.13506407 
0.073 283.17286 -52.071352 132020.97 -177354 14462.1 -191816 0.14702159 
0.0735 292.7147 14.123229 132035.14 -177171 14949.4 -192120 0.13478283 
0.074 292.69964 42.667812 132045.18 -177010 14948.7 -191959 0.14046079 
0.0745 292.37399 40.366332 132050.21 -176943 14932 -191875 0.13833717 
0.075 290.46492 15.093967 132049.96 -177234 14834.5 -192068 0.13595345 
0.0755 279.56174 -4.027342 132030.79 -177305 14277.7 -191582 0.1420872 
0.076 288.3282 -37.390671 132065.37 -177152 14725.4 -191877 0.14192443 
0.0765 288.07559 0.10671189 132055.16 -177338 14712.5 -192051 0.13589707 
0.077 281.7914 -11.640961 132039.71 -177504 14391.6 -191896 0.14239379 
0.0775 292.34021 29.366941 132059.12 -177185 14930.3 -192115 0.132585 
0.078 295.12228 -30.238017 132061.58 -176691 15072.4 -191763 0.14572181 
0.0785 294.87803 14.655134 132096.19 -176647 15059.9 -191707 0.14012398 
0.079 291.26074 -3.8242415 132098.92 -176696 14875.2 -191572 0.13716701 
0.0795 295.41636 12.266631 132089.1 -176705 15087.4 -191793 0.14003697 
0.08 291.11915 -6.4352841 132101.94 -176951 14867.9 -191819 0.13476993 
0.0805 286.55501 -12.685831 132061.82 -177231 14634.8 -191866 0.13936722 
0.081 289.58543 -3.568853 132081 -177100 14789.6 -191890 0.13785002 
0.0815 287.78916 25.587794 132072.42 -177134 14697.9 -191832 0.13452259 
0.082 284.90745 -22.329896 132070.32 -177223 14550.7 -191774 0.13663352 
0.0825 291.20657 5.5558947 132070.64 -176849 14872.4 -191722 0.14179771 
0.083 291.52781 -38.272271 132087.69 -176751 14888.8 -191640 0.13771765 
0.0835 294.47921 21.167246 132101.14 -176888 15039.5 -191928 0.14148058 
0.084 289.07682 -0.80335372 132087.79 -177074 14763.6 -191838 0.13204387 
0.0845 282.67278 22.151432 132063.61 -177129 14436.6 -191566 0.14047961 
0.085 285.57776 -28.400716 132070.29 -177380 14584.9 -191965 0.13806774 
0.0855 288.75327 -13.331329 132086.64 -177115 14747.1 -191862 0.14012596 
0.086 288.39412 15.747787 132064.88 -177347 14728.8 -192076 0.13580337 
0.0865 285.97101 -18.996469 132062.68 -177656 14605 -192261 0.13415613 
0.087 290.38736 3.0094447 132044.47 -177748 14830.6 -192578 0.12545051 
0.0875 288.37703 7.4434124 132052.32 -177238 14727.9 -191966 0.14307243 
0.088 284.91809 -24.221791 132067.02 -177294 14551.2 -191846 0.13852227 
0.0885 285.18379 -8.9948793 132046.6 -177449 14564.8 -192014 0.14065315 
0.089 285.25266 3.3769503 132030.25 -177408 14568.3 -191976 0.13769351 
0.0895 287.05862 25.394877 132046.7 -177092 14660.6 -191753 0.13383979 
0.09 289.09412 -7.2848327 132052.05 -176908 14764.5 -191673 0.14510581 
0.0905 293.17253 3.5371574 132092.51 -176793 14972.8 -191766 0.14199718 
0.091 288.06029 13.608497 132064.19 -177185 14711.7 -191896 0.14193475 
0.0915 290.79021 23.846498 132050.84 -176932 14851.1 -191783 0.14104902 
0.092 292.99472 33.823888 132051.38 -177387 14963.7 -192351 0.1308338 
0.0925 289.8896 3.5251217 132037.36 -177226 14805.1 -192031 0.13788748 
0.093 287.84673 -18.16628 132046.52 -176912 14700.8 -191613 0.14687473 
0.0935 289.86291 -17.118275 132051.05 -177046 14803.8 -191849 0.13783291 
0.094 287.5619 11.87333 132045.7 -177161 14686.3 -191847 0.14165545 
0.0945 286.26448 7.8227755 132061.8 -177049 14620 -191669 0.1336919 
0.095 292.9363 1.9767953 132067.79 -176951 14960.7 -191912 0.14212376 
0.0955 289.28767 -18.182834 132063.24 -176842 14774.4 -191617 0.14290674 
0.096 283.78409 -32.772067 132045.66 -177064 14493.3 -191558 0.1474958 
0.0965 297.22416 13.797143 132069.64 -176470 15179.7 -191649 0.14087508 
0.097 290.94007 -17.350227 132058.95 -176821 14858.8 -191680 0.14102993 
0.0975 296.50477 0.4591495 132062.62 -176655 15143 -191798 0.1388864 
0.098 293.27906 -17.593883 132080.94 -176799 14978.2 -191777 0.14690332 
0.0985 289.56122 -0.45909088 132082.83 -176823 14788.4 -191612 0.14286239 
0.099 293.57131 14.929274 132063.96 -176801 14993.2 -191794 0.13785362 
0.0995 289.42456 25.319853 132069.64 -176875 14781.4 -191656 0.13600604 
0.1 294.1769 -18.344096 132059.66 -177049 15024.1 -192073 0.13752187 
0.1005 285.14203 -44.99396 132041.54 -177224 14562.7 -191787 0.14502437 
0.101 283.52107 -6.1755575 132041.51 -177324 14479.9 -191804 0.14154738 
0.1015 289.99661 35.607433 132040.22 -177014 14810.6 -191825 0.13632355 
0.102 285.94527 -9.5292765 132062.39 -177081 14603.7 -191684 0.13988476 
0.1025 285.83626 -9.4615006 132061.53 -177312 14598.1 -191910 0.13827034 
0.103 282.41419 -28.771771 132045.65 -177435 14423.4 -191858 0.13994982 
0.1035 287.65878 27.928802 132042.78 -177277 14691.2 -191968 0.14115284 
0.104 291.85013 14.398537 132057.94 -176936 14905.3 -191841 0.13543842 
0.1045 288.4324 -64.956439 132045.68 -176978 14730.7 -191709 0.14796188 
0.105 291.56578 8.8113681 132054.88 -177166 14890.7 -192057 0.13374362 
0.1055 284.90636 -42.064114 132063.31 -176960 14550.6 -191511 0.14496179 
0.106 289.94657 19.307752 132086.08 -176940 14808 -191748 0.14052447 
0.1065 299.97204 6.5850621 132079.03 -176768 15320.1 -192088 0.13424582 
0.107 289.61677 17.984801 132075 -176961 14791.2 -191752 0.13779635 
0.1075 293.84828 20.032813 132089.11 -176733 15007.3 -191740 0.1401416 
0.108 290.12141 -14.252156 132110.89 -176652 14817 -191469 0.13855245 
0.1085 287.21675 -28.881306 132088.92 -177095 14668.6 -191764 0.14234276 
0.109 287.2007 -1.2300946 132069.08 -177175 14667.8 -191843 0.13546533 
0.1095 292.28713 12.004201 132043.14 -177161 14927.6 -192088 0.13866089 
0.11 286.99603 -1.7966419 132029.47 -177423 14657.4 -192080 0.14014212 
0.1105 285.96818 8.1136615 132032.94 -177317 14604.9 -191921 0.13922896 
0.111 278.40848 -64.46245 131987.64 -177810 14218.8 -192029 0.14123376 
0.1115 284.43937 -13.518142 132009.31 -177471 14526.8 -191998 0.13762516 
0.112 291.95619 22.287901 132037.41 -177008 14910.7 -191919 0.13849707 
0.1125 290.61025 -21.710691 132047.53 -177049 14841.9 -191891 0.14071785 
0.113 290.56773 -7.5503074 132035.99 -177120 14839.8 -191960 0.13961298 
0.1135 288.75603 10.504336 132027.77 -177320 14747.2 -192067 0.13675949 
0.114 294.68058 5.6426943 132045.02 -177024 15049.8 -192074 0.14044492 
0.1145 286.91191 -11.253491 132032.9 -177158 14653.1 -191811 0.1393242 
0.115 284.27835 -9.7115056 132012.3 -177393 14518.6 -191912 0.14188982 
0.1155 291.06213 16.406592 132015.41 -177047 14865 -191912 0.13793436 
0.116 287.46884 -23.833193 132024.14 -177029 14681.5 -191710 0.14159885 
0.1165 281.83195 -30.367016 132007.82 -177032 14393.6 -191426 0.14127474 
0.117 292.58884 18.739004 132031.33 -176958 14943 -191901 0.1417233 
0.1175 295.77899 9.287241 132023.88 -176881 15105.9 -191986 0.13826737 
0.118 293.99951 -35.152859 132039.54 -176663 15015 -191678 0.14952778 
0.1185 293.45798 40.79428 132031.55 -176778 14987.4 -191765 0.13843795 
0.119 288.82736 -3.6781505 132011.36 -176783 14750.9 -191534 0.14728262 
0.1195 287.32422 17.289934 131988.82 -177172 14674.1 -191847 0.13920946 
0.12 291.82097 6.0515269 132000.19 -176965 14903.8 -191869 0.13935191 
0.1205 292.80895 8.3756052 132012.96 -176839 14954.2 -191793 0.14272955 
0.121 288.7714 -2.6834958 132011.13 -177074 14748 -191822 0.13565041 
0.1215 288.15951 -39.838335 131995.69 -177275 14716.8 -191992 0.14064797 
0.122 286.50599 25.74883 131972.45 -177471 14632.3 -192103 0.13669459 
0.1225 286.12695 -34.455632 131955.4 -177280 14613 -191893 0.14340827 
0.123 286.68761 -27.96622 131962.02 -177476 14641.6 -192117 0.1429775 
0.1235 285.93796 -16.986203 131973.32 -177491 14603.3 -192094 0.13843814 
0.124 285.93132 10.751216 131978.71 -177367 14603 -191970 0.13862056 
0.1245 284.8068 -2.9973565 132000.18 -177434 14545.6 -191979 0.14286103 
0.125 290.59721 -20.195473 131986.19 -177284 14841.3 -192125 0.13742088 
0.1255 287.73591 12.639754 131971.91 -177483 14695.1 -192178 0.14340696 
0.126 281.14438 -15.126964 131988.76 -177947 14358.5 -192305 0.12988961 
0.1265 284.71293 24.157129 131979.5 -177708 14540.8 -192249 0.13777926 
0.127 285.26721 11.289273 132011.55 -177460 14569.1 -192029 0.13540559 
0.1275 288.96046 -18.960931 132015.41 -177249 14757.7 -192007 0.13936214 
0.128 293.56681 -20.971613 132040.79 -176658 14992.9 -191651 0.14343893 
0.1285 286.00529 -8.4321071 132020.89 -177116 14606.8 -191723 0.14206584 
0.129 293.3423 16.637146 132038.48 -176677 14981.5 -191659 0.13924046 
0.1295 293.25487 20.029078 132047.33 -176676 14977 -191653 0.14391545 
0.13 293.71559 2.4301332 132040.89 -176818 15000.5 -191819 0.13693541 
0.1305 287.98705 2.406719 132045.5 -176905 14708 -191613 0.14113819 
0.131 285.29533 -0.3486356 132037.45 -177065 14570.5 -191635 0.1427948 
0.1315 287.46125 8.5299367 132016.67 -177310 14681.1 -191992 0.13734914 
0.132 282.06716 -43.567784 132001.02 -177379 14405.6 -191785 0.14312352 
0.1325 294.83283 22.006383 132041.63 -177005 15057.6 -192063 0.13662788 
0.133 291.8307 -15.843926 132034.96 -176834 14904.3 -191738 0.14237222 
0.1335 296.24155 21.882701 132044.23 -176685 15129.5 -191814 0.14151594 
0.134 291.18973 9.4535982 132026.17 -176936 14871.5 -191808 0.14229444 
0.1345 285.72841 -19.225461 132041.7 -176812 14592.6 -191405 0.14054173 
0.135 293.02159 3.72009 132048.79 -176804 14965.1 -191769 0.14317762 
0.1355 291.62332 -2.6326606 132039.33 -176735 14893.7 -191629 0.13903404 
0.136 290.09357 -34.039142 132040.72 -176905 14815.6 -191721 0.14681466 
0.1365 297.69569 5.0277349 132078.28 -176519 15203.8 -191723 0.13959649 
0.137 290.98102 -19.490812 132072.41 -176650 14860.9 -191511 0.14406297 
0.1375 290.68408 2.0843923 132066.61 -177111 14845.7 -191957 0.13331822 
0.138 285.46907 -18.808536 132013.57 -177546 14579.4 -192125 0.13636205 
0.1385 285.86472 -18.11629 132011.92 -177177 14599.6 -191777 0.14183163 
0.139 290.4441 5.3899667 132031.05 -176825 14833.5 -191658 0.14410962 
0.1395 290.82387 1.8747919 132038.91 -177233 14852.9 -192086 0.13381114 
0.14 282.47384 8.5343288 132013.21 -177473 14426.4 -191899 0.13776397 
0.1405 285.57012 -2.9854524 132025.47 -177380 14584.5 -191964 0.13640406 
0.141 290.69479 1.8412003 132031.16 -177292 14846.3 -192138 0.13777194 
0.1415 288.56504 -6.7024684 132040.23 -177252 14737.5 -191990 0.14079301 
0.142 288.23952 4.8500669 132049.06 -177209 14720.9 -191930 0.13540106 
0.1425 289.59916 -50.737562 132015.05 -177227 14790.3 -192017 0.1385395 
0.143 286.62546 -27.397818 132025.77 -177314 14638.4 -191953 0.13336662 
0.1435 290.91941 6.2415856 132010.69 -177249 14857.7 -192106 0.13708497 
0.144 287.40233 2.3747657 132023.71 -177387 14678.1 -192065 0.13691653 
0.1445 288.61788 28.469441 132031.87 -177242 14740.2 -191982 0.13845735 
0.145 286.86961 14.751749 132045.43 -177127 14650.9 -191778 0.13507179 
0.1455 290.74306 17.051043 132043.06 -176974 14848.7 -191822 0.14221939 
0.146 293.84995 59.494926 132074.28 -176625 15007.4 -191632 0.1368994 
0.1465 289.9526 4.1889009 132042.13 -176735 14808.4 -191544 0.14789868 
0.147 286.99115 -34.804369 132054.48 -176940 14657.1 -191597 0.13855163 
0.1475 294.14346 7.8157799 132063.51 -176880 15022.4 -191902 0.13687308 
0.148 294.78858 28.558582 132057.42 -176842 15055.3 -191898 0.1347595 
0.1485 288.36806 -46.314062 132045.66 -177105 14727.4 -191832 0.1404338 
0.149 287.49771 -26.838005 132006.2 -177521 14683 -192204 0.13811484 
0.1495 288.17374 11.267609 132018.28 -177294 14717.5 -192011 0.13989529 
0.15 287.00412 28.178391 132005.64 -177507 14657.8 -192164 0.13022766 
0.1505 290.724 11.558778 132020.03 -177095 14847.8 -191943 0.13956265 
0.151 284.36702 -13.440246 132046.55 -177299 14523.1 -191822 0.13825724 
0.1515 290.92881 8.1558773 132061.36 -177287 14858.2 -192145 0.13732544 
0.152 285.18262 -35.896486 132060.93 -177156 14564.7 -191721 0.14200678 
0.1525 282.19563 -4.0324607 132025.52 -177649 14412.2 -192061 0.13372719 
0.153 286.69422 29.611289 132018.88 -177390 14641.9 -192032 0.13900782 
0.1535 288.22074 20.27063 132036.6 -177532 14719.9 -192252 0.1346855 
0.154 284.36349 4.8838378 132032.41 -177300 14522.9 -191823 0.14039692 
0.1545 285.03993 -15.026705 132082.88 -177032 14557.5 -191590 0.1433648 
0.155 288.64163 -13.835043 132088.87 -177139 14741.4 -191880 0.13924786 
0.1555 286.75329 -18.94851 132080.51 -177185 14645 -191830 0.13618488 
0.156 285.79083 -7.3788393 132068.87 -177136 14595.8 -191732 0.13909566 
0.1565 289.56373 -15.345716 132098.92 -176705 14788.5 -191494 0.13576694 
0.157 291.89365 -7.1235357 132073.2 -177054 14907.5 -191961 0.1398963 
0.1575 290.40499 -6.7557864 132059.64 -176871 14831.5 -191702 0.13752604 
0.158 288.67578 -18.662335 132059.91 -176990 14743.1 -191733 0.14294175 
0.1585 287.9304 32.712802 132071.02 -176969 14705.1 -191674 0.14138714 
0.159 286.93787 -14.965194 132071.67 -176885 14654.4 -191540 0.14345342 
0.1595 290.5117 -2.9444917 132065.42 -177150 14836.9 -191987 0.13749089 
0.16 297.8095 20.606193 132053.67 -177098 15209.6 -192308 0.13671484 
0.1605 291.42134 -8.1154073 132060.06 -177212 14883.4 -192096 0.13460352 
0.161 289.0845 -44.212055 132038.56 -177663 14764 -192427 0.13910294 
0.1615 284.58223 2.483711 132036.02 -177486 14534.1 -192020 0.13520054 
0.162 288.15628 -17.8662 132041.52 -177565 14716.6 -192282 0.13505316 
0.1625 288.8889 -8.5048021 132060.14 -177162 14754 -191916 0.13987694 
0.163 291.04038 -13.330881 132082.78 -176970 14863.9 -191834 0.13491283 
0.1635 289.32868 14.001109 132057.36 -177349 14776.5 -192126 0.13684946 
0.164 287.93754 24.252939 132097.6 -176852 14705.4 -191557 0.13607077 
0.1645 285.54201 -21.548489 132090.29 -177043 14583.1 -191626 0.14110937 
0.165 291.06106 6.4858584 132090.75 -177003 14865 -191868 0.13738382 
0.1655 289.05468 16.97516 132076.87 -177049 14762.5 -191811 0.13699697 
0.166 283.71257 5.3841309 132066.86 -177124 14489.7 -191614 0.13686854 
0.1665 287.21454 -50.773358 132064.92 -177033 14668.5 -191702 0.14360368 
0.167 287.29084 7.8038512 132060.12 -177183 14672.4 -191855 0.13469935 
0.1675 283.59341 -26.881576 132030.82 -177398 14483.6 -191881 0.14534871 
0.168 287.34157 9.8686849 132051.55 -177302 14675 -191977 0.13717769 
0.1685 294.59695 18.277773 132081.64 -177139 15045.6 -192184 0.13489439 
0.169 297.57956 -11.712581 132105.75 -176565 15197.9 -191763 0.13792265 
0.1695 294.10707 15.610229 132111.63 -176513 15020.5 -191534 0.1395205 
0.17 290.36295 -3.2841209 132068.35 -177173 14829.3 -192003 0.1372081 
0.1705 289.17112 8.9258291 132053.51 -177133 14768.4 -191902 0.1393203 
0.171 288.49075 -7.9679788 132028.86 -177268 14733.7 -192002 0.13514278 
0.1715 285.65819 -28.517618 132010.64 -177464 14589 -192053 0.13759338 
0.172 286.38083 -14.076814 132001.54 -177331 14625.9 -191957 0.13845974 
0.1725 292.4288 18.90007 132031.17 -176791 14934.8 -191726 0.14047847 
0.173 297.42844 32.38778 132044.06 -176635 15190.2 -191826 0.14309695 
0.1735 291.9067 10.160472 132038.13 -177039 14908.2 -191948 0.13643699 
0.174 286.82797 -5.3489298 132008.61 -177238 14648.8 -191887 0.14040608 
0.1745 290.56918 32.653169 132023.69 -177076 14839.8 -191915 0.13857667 
0.175 289.64207 11.622936 132000.58 -177135 14792.5 -191928 0.14030498 
0.1755 292.46797 31.503791 132019.66 -176998 14936.8 -191935 0.14036191 
0.176 290.66728 24.779927 132041.64 -176806 14844.9 -191651 0.14223844 
0.1765 290.71584 16.535041 132061.79 -176963 14847.3 -191811 0.13595228 
0.177 288.38553 -28.033793 132073.53 -177160 14728.3 -191888 0.14288495 
0.1775 289.83509 3.7457046 132057.3 -177202 14802.4 -192004 0.13239251 
0.178 289.42082 8.2128873 132078.75 -177138 14781.2 -191919 0.13899021 
0.1785 292.11435 22.949117 132072.32 -176944 14918.8 -191863 0.13199682 
0.179 298.65882 39.973184 132105.91 -176405 15253 -191658 0.13627499 
0.1795 291.8673 23.574285 132097.19 -176795 14906.1 -191701 0.1377154 
0.18 287.4551 14.114317 132073.29 -177096 14680.8 -191777 0.13733569 
0.1805 285.93679 15.377304 132051.36 -177264 14603.3 -191867 0.14040501 
0.181 291.04959 -16.398147 132049.58 -177191 14864.4 -192055 0.13699753 
0.1815 290.38549 -6.8283042 132038.99 -177199 14830.5 -192030 0.1377898 
0.182 288.98759 -42.327832 132039.29 -177257 14759.1 -192016 0.14248024 
0.1825 285.76271 -28.40295 132024.84 -177282 14594.4 -191876 0.14013853 
0.183 287.93306 12.200494 132025.21 -177110 14705.2 -191815 0.13669235 
0.1835 285.79409 -8.8468123 132035.94 -177330 14596 -191926 0.13757745 
0.184 285.01527 -25.853528 132016.88 -177579 14556.2 -192136 0.13157472 
0.1845 289.15287 25.570547 132032.15 -177367 14767.5 -192134 0.13694953 
0.185 293.2924 30.779211 132031.12 -177289 14978.9 -192268 0.13209671 
0.1855 286.53522 29.251718 132027.86 -177407 14633.8 -192041 0.13586503 
0.186 279.98575 -12.351421 132022.71 -177443 14299.3 -191742 0.13742083 
0.1865 288.37982 17.871477 132027.48 -177484 14728 -192212 0.13264424 
0.187 282.63495 6.3609255 132019.94 -177597 14434.6 -192032 0.13603131 
0.1875 290.59488 -2.6700392 132029.69 -177420 14841.2 -192261 0.13587963 
0.188 286.52168 21.143577 131999.39 -177520 14633.1 -192153 0.13606953 
0.1885 278.79234 -1.8763432 131980.46 -177941 14238.4 -192179 0.13528674 
0.189 277.85184 -13.95427 131967.77 -178060 14190.4 -192250 0.13188051 
0.1895 284.10566 31.265957 131987.79 -177566 14509.7 -192075 0.13777934 
0.19 284.16028 24.228362 132035.81 -177224 14512.5 -191736 0.13659615 
0.1905 288.07508 49.2615 132052.83 -177201 14712.5 -191914 0.13493613 
0.191 294.71525 29.914291 132066.24 -177008 15051.6 -192060 0.13082215 
0.1915 287.61312 8.0056729 132069.49 -177130 14688.9 -191818 0.13408006 
0.192 289.59612 -56.414874 132062.99 -176975 14790.2 -191765 0.14156494 
0.1925 289.91055 15.92136 132069.2 -177121 14806.2 -191927 0.13603761 
0.193 288.75136 -23.899758 132077.54 -177072 14747 -191819 0.13997339 
0.1935 293.60687 -27.366919 132098.03 -176977 14995 -191972 0.13293728 
0.194 288.29877 22.377518 132065.6 -177151 14723.9 -191875 0.13820033 
0.1945 284.73328 19.372159 132082.06 -176747 14541.8 -191288 0.1406624 
0.195 285.56922 -24.008544 132085.91 -176947 14584.5 -191531 0.14358134 
0.1955 285.05486 -27.208684 132078.75 -177099 14558.2 -191657 0.14252697 
0.196 287.23116 3.5799522 132071.92 -177546 14669.4 -192215 0.12796605 
0.1965 286.99576 13.960948 132025.51 -177691 14657.3 -192348 0.13283862 
0.197 293.12355 -20.494861 132059.84 -177035 14970.3 -192005 0.13911315 
0.1975 291.31912 7.2831926 132058.53 -177123 14878.1 -192001 0.1370569 
0.198 290.2361 -0.021962323 132081.23 -177022 14822.8 -191845 0.1405386 
0.1985 289.01652 -11.034316 132079.23 -177064 14760.6 -191824 0.13531769 
0.199 287.1421 31.093757 132058.41 -177174 14664.8 -191839 0.13899081 
0.1995 290.54173 36.622599 132050.26 -176954 14838.4 -191792 0.14145239 
0.2 285.94809 -5.4829772 132058.11 -177141 14603.8 -191745 0.13844863 
0.2005 287.52274 -13.606905 132071.1 -177258 14684.3 -191942 0.14039334 
0.201 287.47216 5.4857666 132050.93 -177134 14681.7 -191815 0.13382757 
0.2015 285.84251 -33.375624 132033.96 -177398 14598.4 -191996 0.1378655 
0.202 282.70637 -29.145394 132043.2 -177568 14438.3 -192006 0.13913531 
0.2025 285.65789 14.252276 132049.73 -177119 14589 -191708 0.13910947 
0.203 288.6765 9.5364582 132051.04 -177166 14743.2 -191909 0.14375124 
0.2035 286.39838 -23.226535 132011.49 -177417 14626.8 -192044 0.13456432 
0.204 283.17798 -8.4510719 132028.96 -177054 14462.4 -191516 0.14321479 
0.2045 288.26607 -6.372548 132038.01 -177316 14722.2 -192038 0.14039699 
0.205 285.15538 -17.772236 132023.63 -177318 14563.4 -191881 0.1386641 
0.2055 290.14469 14.277219 132026.56 -177345 14818.2 -192163 0.13993343 
0.206 291.20971 -4.3899765 132048.56 -176921 14872.6 -191793 0.13696821 
0.2065 289.08807 -54.530837 132060.58 -177129 14764.2 -191893 0.1416441 
0.207 294.62949 -19.728531 132077.07 -177053 15047.2 -192100 0.1375564 
0.2075 290.32286 -0.13537786 132070.52 -176927 14827.3 -191754 0.13911307 
0.208 288.19721 -13.268533 132072.78 -177021 14718.7 -191740 0.14048953 
0.2085 287.44954 -6.013541 132055.52 -177460 14680.5 -192141 0.1340852 
0.209 290.40981 8.5277763 132083.26 -177156 14831.7 -191988 0.13627884 
0.2095 288.33299 6.2174795 132048.45 -177463 14725.6 -192188 0.13628675 
0.21 286.86671 -24.226053 132051.81 -177353 14650.8 -192004 0.13999929 
0.2105 287.68663 47.478514 132030.54 -177642 14692.6 -192335 0.13097913 
0.211 284.67363 -8.0161773 132032.11 -177401 14538.8 -191939 0.13580608 
0.2115 290.31085 -16.975184 132059.47 -177342 14826.7 -192169 0.13658022 
0.212 286.20795 -18.833595 132052.23 -177340 14617.1 -191957 0.1389156 
0.2125 284.95658 1.0017576 132044.33 -177216 14553.2 -191770 0.14261837 
0.213 287.29282 -20.855677 132055.3 -177305 14672.5 -191977 0.13597327 
0.2135 284.13861 -44.304443 132032.74 -177649 14511.4 -192160 0.13643958 
0.214 290.23911 5.6846005 132033.55 -177336 14823 -192159 0.13647277 
0.2145 287.50649 -2.7227323 132027.13 -177445 14683.4 -192129 0.13291331 
0.215 285.12688 -9.9171042 132028.31 -177360 14561.9 -191922 0.1431676 
0.2155 285.26939 -11.628329 132034.29 -177162 14569.2 -191731 0.13770213 
0.216 290.48902 42.968006 132055 -177233 14835.8 -192069 0.13556579 
0.2165 285.89885 -29.093082 132024.15 -177436 14601.3 -192037 0.13802777 
0.217 292.30029 5.3852636 132047.18 -177140 14928.3 -192068 0.13288801 
0.2175 282.44474 -23.068037 132040.44 -177147 14424.9 -191572 0.14717888 
0.218 286.68415 2.8851353 132028.02 -177260 14641.4 -191901 0.13641193 
0.2185 284.19586 -10.077696 131996.93 -177560 14514.4 -192074 0.14051692 
0.219 281.89423 -14.713 132018.39 -177649 14396.8 -192046 0.1377827 
0.2195 286.95961 15.701216 132013.29 -177309 14655.5 -191964 0.13397001 
0.22 283.53792 -0.32557777 132020.27 -177701 14480.7 -192181 0.1384376 
0.2205 285.1232 29.893235 132037.06 -177711 14561.7 -192273 0.13146627 
0.221 284.83017 20.107157 132037.96 -177346 14546.7 -191893 0.1416806 
0.2215 283.5007 -38.630202 132043.77 -177384 14478.8 -191863 0.14072084 
0.222 288.66776 10.280356 132020.78 -177530 14742.7 -192272 0.13236256 
0.2225 285.56743 -30.403033 132039.94 -177474 14584.4 -192059 0.13883993 
0.223 287.72453 12.559163 132016.37 -177411 14694.6 -192105 0.13852367 
0.2235 285.87515 31.566571 132017.74 -177339 14600.1 -191940 0.13997359 
0.224 293.7138 24.683646 132029.57 -177341 15000.4 -192341 0.13556686 
0.2245 286.40157 0.11487771 132062.32 -177233 14627 -191860 0.13735844 
0.225 281.34266 9.1463174 132040.86 -177252 14368.6 -191621 0.14170531 
0.2255 286.70325 24.606713 132050.37 -176850 14642.4 -191492 0.14447954 
0.226 292.78613 19.819587 132067.97 -177046 14953.1 -191999 0.14008471 
0.2265 292.32591 11.865038 132048.05 -177195 14929.6 -192125 0.13782063 
0.227 292.02558 -6.9914869 132023.05 -177268 14914.2 -192183 0.13890034 
0.2275 291.29524 10.230224 132022.71 -177092 14876.9 -191969 0.13711969 
0.228 286.44025 -26.430712 132021.18 -176955 14629 -191584 0.14853442 
0.2285 284.79756 -32.151411 132016.94 -176879 14545.1 -191424 0.15164617 
0.229 289.25999 -1.4858505 132021.63 -177070 14773 -191843 0.14099114 
0.2295 291.75077 0.66277288 132033.91 -176794 14900.2 -191694 0.14557955 
0.23 292.31971 38.801245 132056.27 -176925 14929.3 -191854 0.13690509 
0.2305 291.65804 -43.415445 132070.56 -176573 14895.5 -191468 0.14843346 
0.231 291.34035 -17.76742 132075.53 -176823 14879.2 -191702 0.1463784 
0.2315 295.42652 21.007087 132079.07 -176694 15087.9 -191782 0.13773142 
0.232 288.77436 -1.2079685 132071.33 -176963 14748.2 -191711 0.13980839 
0.2325 292.8136 -24.21956 132065.27 -176691 14954.5 -191645 0.14154174 
0.233 282.64372 4.1352614 132045.56 -177102 14435.1 -191537 0.14263316 
0.2335 286.117 -6.4658076 132063.56 -176829 14612.5 -191442 0.14685277 
0.234 288.1547 25.559333 132081.65 -176793 14716.5 -191509 0.13672226 
0.2345 293.79633 14.352978 132079.8 -176944 15004.7 -191948 0.13926888 
0.235 287.97627 0.92041028 132073.5 -177175 14707.4 -191882 0.13837255 
0.2355 286.90144 -6.0799128 132058.34 -177230 14652.5 -191882 0.13964545 
0.236 290.46348 3.1289513 132048.19 -177248 14834.4 -192082 0.14146734 
0.2365 285.76901 -19.598885 132052.49 -177514 14594.7 -192108 0.13277698 
0.237 288.65353 9.9636712 132052.7 -177295 14742 -192037 0.13662561 
0.2375 286.61561 10.53663 132045.81 -177404 14637.9 -192042 0.13773092 
0.238 290.86449 -23.753261 132066.83 -177302 14854.9 -192156 0.13709366 
0.2385 291.18311 8.9415943 132069.75 -177076 14871.2 -191947 0.14242841 
0.239 286.10497 -11.018633 132043.8 -177247 14611.9 -191859 0.13697152 
0.2395 289.04724 24.487497 132047.51 -177453 14762.1 -192215 0.13297153 
0.24 282.22239 -2.3809046 132052 -177277 14413.6 -191690 0.13952418 
0.2405 282.90994 19.183106 132042.17 -177486 14448.7 -191935 0.13752074 
0.241 288.2194 -5.5252599 132029.16 -177437 14719.8 -192157 0.14154725 
0.2415 292.5855 18.633131 132052.72 -177316 14942.8 -192259 0.13310313 
0.242 290.29626 15.572261 132058.39 -177329 14825.9 -192155 0.13385036 
0.2425 285.20897 -9.4728895 132053.56 -177677 14566.1 -192243 0.13526035 
0.243 282.55647 -13.83659 132043.18 -177662 14430.6 -192093 0.13843328 
0.2435 287.39463 22.14838 132053.37 -177239 14677.7 -191917 0.13789312 
0.244 285.63914 6.2999271 132048.35 -177276 14588.1 -191864 0.13845299 
0.2445 287.17057 37.196425 132074.83 -177193 14666.3 -191860 0.13357311 
0.245 290.13919 26.771325 132041.55 -177389 14817.9 -192207 0.13557908 
0.2455 287.28372 -9.7774383 132062.38 -177134 14672.1 -191806 0.14082233 
0.246 287.12297 16.215517 132054.34 -177143 14663.8 -191807 0.13766475 
0.2465 285.76363 -31.069613 132043.35 -177385 14594.4 -191980 0.13879022 
0.247 285.62052 14.64809 132033.73 -177563 14587.1 -192150 0.13195125 
0.2475 282.94414 -18.182324 132048.03 -177212 14450.4 -191662 0.14051238 
0.248 284.74637 25.675852 132046.7 -177309 14542.5 -191852 0.1387093 
0.2485 290.87023 37.697128 132044.19 -177403 14855.2 -192258 0.13432528 
0.249 284.53181 -20.209703 132026.65 -177295 14531.5 -191826 0.1390398 
0.2495 288.50642 23.665546 132016.9 -177124 14734.5 -191858 0.13850559 
0.25 289.6011 10.099176 132047.02 -177148 14790.4 -191938 0.13504156 
0.2505 290.39904 -65.662754 132074.35 -176669 14831.2 -191500 0.14778936 
0.251 290.77585 8.3111294 132072.34 -177002 14850.4 -191852 0.13767851 
0.2515 288.18311 0.32769246 132056.34 -177069 14718 -191787 0.13880209 
0.252 287.73448 7.5979811 132058.34 -177154 14695.1 -191849 0.1339349 
0.2525 293.23151 32.678074 132063.3 -176912 14975.8 -191888 0.13506795 
0.253 295.59524 -36.210824 132090.58 -176490 15096.5 -191586 0.14425065 
0.2535 287.99044 3.7769685 132040.48 -177448 14708.1 -192156 0.13545256 
0.254 280.75088 8.8989834 132020.26 -177471 14338.4 -191810 0.1351713 
0.2545 280.72869 -28.479234 132019.91 -177525 14337.3 -191862 0.13854696 
0.255 285.06504 -13.01479 132027.63 -177357 14558.7 -191916 0.13693281 
0.2555 286.13792 34.321863 132033.3 -177371 14613.5 -191984 0.13631939 
0.256 283.49454 -11.819849 132013.56 -177569 14478.5 -192047 0.13674003 
0.2565 289.62131 28.17274 132017.57 -177644 14791.4 -192436 0.13041007 
0.257 286.50347 24.274398 132048.51 -177367 14632.2 -191999 0.13269689 
0.2575 282.53443 33.945924 132037.42 -177492 14429.5 -191922 0.13383578 
0.258 292.16297 25.62114 132037.84 -177272 14921.2 -192193 0.13271144 
0.2585 288.00192 -11.80898 132058.94 -177045 14708.7 -191753 0.1406475 
0.259 291.78789 15.760572 132074.88 -177022 14902.1 -191924 0.1344255 
0.2595 292.62158 19.53045 132067.23 -177263 14944.7 -192207 0.13224007 
0.26 289.18018 -7.1315459 132077.41 -177272 14768.9 -192041 0.13639021 
0.2605 286.24693 27.754777 132059.82 -177582 14619.1 -192201 0.1284875 
0.261 284.18392 7.5668274 132044.83 -177720 14513.7 -192234 0.13621711 
0.2615 283.7787 27.642125 132037.42 -177683 14493 -192176 0.13086926 
0.262 282.34681 13.087836 132023.44 -178028 14419.9 -192448 0.13077844 
0.2625 284.79885 20.359762 132022.77 -177513 14545.1 -192058 0.13476309 
0.263 289.74695 -1.9017418 132071.47 -177204 14797.9 -192002 0.13498151 
0.2635 287.96633 25.994754 132089.2 -177253 14706.9 -191960 0.13582679 
0.264 291.23846 7.9763111 132114.15 -176815 14874 -191689 0.13777057 
0.2645 290.31396 -9.8153109 132103.74 -177023 14826.8 -191849 0.13655168 
0.265 293.31772 28.129826 132110.27 -176912 14980.2 -191892 0.13460844 
0.2655 287.25357 -29.6928 132064.97 -177396 14670.5 -192067 0.133627 
0.266 288.84984 5.4724265 132059.24 -177595 14752 -192347 0.13506911 
0.2665 286.38244 -20.831266 132047.63 -177571 14626 -192197 0.13307351 
0.267 287.67197 -2.8155591 132054.45 -177210 14691.9 -191902 0.13705721 
0.2675 290.20215 -3.575177 132058.29 -177074 14821.1 -191895 0.13733057 
0.268 284.80008 -11.47327 132048.15 -177408 14545.2 -191953 0.13473297 
0.2685 287.88107 1.690503 132068.63 -177238 14702.6 -191941 0.13974279 
0.269 289.04627 -5.0933616 132036.92 -177390 14762.1 -192152 0.1380821 
0.2695 279.25901 -26.020498 132043.06 -177426 14262.2 -191688 0.1404774 
0.27 285.62549 24.477861 132047.87 -177556 14587.4 -192143 0.13248538 
0.2705 283.66065 0.6604438 132069.96 -177321 14487 -191808 0.1372368 
0.271 292.30125 1.3546741 132074.09 -177109 14928.3 -192038 0.13724311 
0.2715 295.78125 24.256352 132091.17 -176837 15106 -191943 0.1411458 
0.272 292.55783 34.701946 132111.21 -176669 14941.4 -191610 0.13721799 
0.2725 295.80705 -3.2819115 132113.11 -176944 15107.4 -192052 0.13586411 
0.273 292.03401 -37.317009 132099.98 -176867 14914.7 -191782 0.14063921 
0.2735 287.47795 15.507915 132086.15 -176976 14682 -191658 0.13716146 
0.274 286.91267 24.772408 132096.88 -176887 14653.1 -191540 0.14226832 
0.2745 295.61928 10.96687 132109.39 -176945 15097.8 -192043 0.13706552 
0.275 287.28241 -40.621315 132081.38 -177006 14672 -191677 0.13886048 
0.2755 293.2877 29.013626 132092.6 -177017 14978.7 -191995 0.13807929 
0.276 285.35454 -22.447238 132037.93 -177577 14573.5 -192150 0.13476493 
0.2765 288.2464 11.538738 132019.84 -177796 14721.2 -192517 0.13459154 
0.277 283.64276 2.4227011 132020.21 -177540 14486.1 -192026 0.13963986 
0.2775 282.28247 11.04897 132042.37 -177537 14416.6 -191953 0.13358613 
0.278 291.62538 37.023997 132058.98 -177060 14893.8 -191954 0.13776462 
0.2785 293.93847 4.021449 132099.59 -176862 15011.9 -191874 0.13459175 
0.279 289.48601 20.008274 132068.75 -176790 14784.5 -191574 0.14409344 
0.2795 291.31343 -33.980595 132079.03 -176958 14877.9 -191836 0.1390278 
0.28 289.52345 -8.6938407 132076.41 -176975 14786.4 -191761 0.13679084 
0.2805 293.65282 -20.521062 132057.75 -176883 14997.3 -191881 0.14374006 
0.281 290.43273 -24.702137 132063.6 -176994 14832.9 -191827 0.14126507 
0.2815 286.00524 -28.565369 132029.43 -177322 14606.8 -191929 0.14244997 
0.282 286.52311 23.507982 132020.17 -177481 14633.2 -192114 0.13502188 
0.2825 282.12129 -13.702887 132006.05 -177702 14408.4 -192111 0.13717848 
0.283 279.6034 -7.5652916 131996.62 -177871 14279.8 -192150 0.13989616 
0.2835 286.04249 37.534027 132008.09 -177664 14608.7 -192273 0.13489309 
0.284 292.89362 22.389319 132018.35 -177249 14958.6 -192208 0.13768857 
0.2845 282.17449 -20.438134 132006.92 -177702 14411.1 -192113 0.13701548 
0.285 283.6691 13.39324 131996.97 -177777 14487.4 -192265 0.13537952 
0.2855 291.48507 18.229788 132015.09 -177281 14886.6 -192167 0.14004898 
0.286 289.47018 -14.407139 132047.09 -177148 14783.7 -191931 0.14117213 
0.2865 286.16627 -1.2460807 132007.42 -177671 14615 -192286 0.13772746 
0.287 291.31955 -16.334777 132000.18 -177279 14878.2 -192157 0.13786724 
0.2875 289.68628 8.275098 132002.86 -177242 14794.8 -192037 0.13781928 
0.288 284.54141 15.121224 131979.12 -177535 14532 -192067 0.13717119 
0.2885 285.50098 3.7084015 131987.29 -177353 14581 -191934 0.14309665 
0.289 289.2446 25.287114 132004.87 -177012 14772.2 -191784 0.1424324 
0.2895 287.8915 32.165842 132003.39 -177314 14703.1 -192017 0.13671568 
0.29 294.25205 25.704056 132017.18 -177026 15027.9 -192054 0.13984045 
0.2905 284.22558 2.0554313 132038.61 -177300 14515.9 -191815 0.1421753 
0.291 297.22905 14.213362 132041.89 -176642 15180 -191822 0.14428225 
0.2915 292.97541 16.876145 132049.12 -176981 14962.7 -191944 0.14197142 
0.292 289.75133 -16.562271 132042.18 -177144 14798.1 -191942 0.13809841 
0.2925 287.4661 1.7555523 132026.77 -177242 14681.4 -191923 0.14124323 
0.293 287.89737 30.927083 132014.37 -177405 14703.4 -192109 0.13480687 
0.2935 282.35877 17.694367 132024.69 -177223 14420.5 -191644 0.14268026 
0.294 289.82457 -9.6493656 132034.55 -177274 14801.8 -192075 0.14253093 
0.2945 289.09159 17.827153 132041.38 -177037 14764.4 -191801 0.13860759 
0.295 301.66369 -5.70345 132058.57 -176704 15406.5 -192110 0.14305501 
0.2955 298.90498 2.0317282 132056.93 -176763 15265.6 -192029 0.14247476 
0.296 286.49133 12.501085 132054.96 -177097 14631.6 -191729 0.14336508 
0.2965 285.75432 -18.593301 132057.22 -177162 14593.9 -191756 0.14623259 
0.297 285.82982 -24.834015 132055.1 -177084 14597.8 -191681 0.14302069 
0.2975 281.72611 2.2795125 132037.22 -177489 14388.2 -191877 0.14269144 
0.298 289.14389 29.666781 132015.45 -177242 14767.1 -192009 0.13893591 
0.2985 290.10075 -13.460079 132040.27 -177055 14815.9 -191871 0.14599647 
0.299 282.88301 18.772107 132018.98 -177598 14447.3 -192045 0.14233595 
0.2995 282.55376 12.30517 132017.88 -177585 14430.5 -192016 0.13748404 
0.3 290.02775 38.703207 132014.21 -177366 14812.2 -192178 0.14143672 
0.3005 285.77217 -1.9132002 132027.5 -177356 14594.9 -191951 0.14227802 
0.301 286.33988 -16.582816 132025.78 -177188 14623.9 -191812 0.1457566 
0.3015 289.30675 -11.522189 132055.66 -176958 14775.4 -191733 0.14336366 
0.302 290.74072 21.016625 132061.58 -176793 14848.6 -191641 0.14242021 
0.3025 287.16488 -24.540769 132054.8 -176738 14666 -191404 0.14744215 
0.303 286.82537 29.818943 132047.64 -177084 14648.6 -191733 0.14337108 
0.3035 293.09029 18.610205 132063.03 -176536 14968.6 -191504 0.14662581 
0.304 290.5479 -17.443566 132080.07 -176564 14838.8 -191402 0.14911755 
0.3045 293.21168 -15.393878 132080.56 -176785 14974.8 -191760 0.1449935 
0.305 288.35569 -7.5752059 132039.47 -177140 14726.8 -191867 0.14385925 
0.3055 294.39035 11.929492 132059.41 -176898 15035 -191933 0.14201577 
0.306 290.29102 10.601581 132052.22 -176977 14825.6 -191802 0.14306682 
0.3065 287.21255 8.5652807 132048.24 -177065 14668.4 -191733 0.14322818 
0.307 287.83137 -39.4314 132046.39 -177161 14700 -191861 0.14504016 
0.3075 287.39001 28.785348 132020.34 -177094 14677.5 -191772 0.14349599 
0.308 290.30198 -22.178412 132040.07 -177350 14826.2 -192176 0.14378661 
0.3085 286.93554 -23.09929 132016.84 -177404 14654.3 -192058 0.14394071 
0.309 287.19315 33.726907 132022.25 -177385 14667.4 -192052 0.13860985 
0.3095 289.0802 22.857214 132049.61 -177035 14763.8 -191799 0.14504759 
0.31 289.75357 16.571017 132041.47 -177112 14798.2 -191911 0.14036317 
0.3105 286.49051 -33.822581 132018.72 -177194 14631.5 -191825 0.14453515 
0.311 292.57223 12.355144 132025.03 -176844 14942.1 -191786 0.14348306 
0.3115 286.8245 -24.938433 132005.49 -177279 14648.6 -191927 0.1423988 
0.312 286.02987 2.3649294 131999.27 -177266 14608 -191874 0.14626474 
0.3125 285.86956 5.0787616 132010.54 -177276 14599.8 -191876 0.14699579 
0.313 288.12359 44.549569 132020.08 -177391 14714.9 -192106 0.13845479 
0.3135 284.77743 -12.942757 131997 -177366 14544.1 -191910 0.1471618 
0.314 287.16382 19.761882 131996.03 -177372 14665.9 -192038 0.13898193 
0.3145 287.98866 4.8945647 132020.76 -177157 14708.1 -191865 0.14560555 
0.315 288.52881 -7.5144077 132019.68 -177352 14735.6 -192087 0.14290346 
0.3155 286.05294 -37.221194 132007.35 -177594 14609.2 -192203 0.14091254 
0.316 285.34457 -6.8425243 132015.86 -177041 14573 -191614 0.14721082 
0.3165 290.2083 -7.6616417 131994.04 -177413 14821.4 -192234 0.14147881 
0.317 285.13024 22.970722 131994.42 -177681 14562.1 -192243 0.13823935 
0.3175 289.48726 16.053525 131983.71 -177498 14784.6 -192283 0.14396104 
0.318 280.75523 -1.0911462 131987.56 -177795 14338.6 -192133 0.13849782 
0.3185 278.72246 17.911677 131959.59 -177821 14234.8 -192056 0.14178592 
0.319 283.32371 -11.099943 131954.43 -177921 14469.8 -192391 0.14173491 
0.3195 285.29756 26.992263 131981.84 -177499 14570.6 -192069 0.14122122 
0.32 285.45021 40.546686 131974.21 -177165 14578.4 -191744 0.14963183 
0.3205 285.35254 -20.600016 132022.86 -177068 14573.4 -191641 0.14550935 
0.321 290.50557 -13.938591 132016.38 -176915 14836.6 -191751 0.14731385 
0.3215 289.89645 27.676537 132015.67 -176973 14805.5 -191779 0.14598725 
0.322 288.1546 -26.983838 132005.56 -177308 14716.5 -192024 0.14372776 
0.3225 286.01031 19.615842 131994.99 -177242 14607 -191849 0.14686171 
0.323 282.83845 -2.4998047 132013.37 -177532 14445 -191977 0.14131766 
0.3235 281.23572 18.864073 132002.09 -177615 14363.2 -191978 0.13647806 
0.324 290.9507 -4.249345 132012.57 -177324 14859.3 -192183 0.14056938 
0.3245 291.93417 9.527977 132025.92 -177053 14909.6 -191963 0.1417012 
0.325 285.46265 -4.3529238 132038.67 -176921 14579 -191500 0.14916662 
0.3255 286.30057 9.852148 132057.45 -177152 14621.8 -191774 0.14107378 
0.326 284.1369 10.127964 132046.93 -177251 14511.3 -191763 0.14263756 
0.3265 288.57359 27.252493 132050.53 -176884 14737.9 -191622 0.14433699 
0.327 286.13994 12.201493 132032.65 -177095 14613.6 -191709 0.14788158 
0.3275 292.41913 29.624642 132047.57 -176833 14934.3 -191767 0.14332337 
0.328 292.30856 25.724327 132062.28 -176812 14928.7 -191741 0.14378679 
0.3285 290.01143 26.683334 132056.16 -176788 14811.4 -191600 0.14223977 
0.329 289.79733 -17.064967 132064.14 -177005 14800.4 -191805 0.14153596 
0.3295 290.12556 -2.982983 132054.03 -177092 14817.2 -191909 0.14398933 
0.33 288.04037 -20.166723 132050.65 -177077 14710.7 -191787 0.14323257 
0.3305 287.95098 39.107544 132040.64 -177206 14706.1 -191912 0.14058479 
0.331 285.88025 -6.5233986 132021.66 -177497 14600.4 -192097 0.1404599 
0.3315 288.55811 16.116831 132002.62 -177439 14737.1 -192176 0.1376961 
0.332 289.78195 11.32032 131993.38 -177357 14799.6 -192156 0.1477881 
0.3325 290.05723 0.059650928 132007.86 -177242 14813.7 -192055 0.14281322 
0.333 287.89001 8.0259508 132008.4 -177415 14703 -192118 0.14114145 
0.3335 279.9123 -4.5438996 132000.71 -177380 14295.6 -191676 0.14652359 
0.334 288.92697 -15.302526 131997.16 -177549 14756 -192305 0.13677139 
0.3345 282.92722 -8.8829117 131975.12 -177453 14449.6 -191903 0.15004914 
0.335 283.79905 10.616481 131984.92 -177908 14494.1 -192402 0.13592398 
0.3355 291.70555 21.927078 132001.39 -177171 14897.9 -192069 0.14298676 
0.336 290.50168 13.558771 132027.77 -177423 14836.4 -192260 0.14032064 
0.3365 289.82835 21.757931 132017.28 -177399 14802 -192201 0.13630831 
0.337 290.28993 -29.040885 132018.68 -177258 14825.6 -192083 0.14693095 
0.3375 291.06129 -4.9825674 132032.98 -177177 14865 -192042 0.139342 
0.338 289.58829 -19.163174 132038.05 -176680 14789.8 -191469 0.14939905 
0.3385 294.72691 -6.0290905 132047.9 -176885 15052.2 -191937 0.14341689 
0.339 292.26259 -35.694164 132032.2 -177054 14926.3 -191980 0.14027282 
0.3395 290.15932 24.007992 132045.21 -177146 14818.9 -191965 0.1411674 
0.34 287.00987 3.6014149 132023.99 -177354 14658.1 -192012 0.13810761 
0.3405 289.64957 -36.972714 132000.21 -177358 14792.9 -192151 0.14229913 
0.341 283.48877 12.356293 131994.21 -177386 14478.2 -191864 0.1399461 
0.3415 289.05707 15.702971 132026.16 -177071 14762.6 -191833 0.14267241 
0.342 294.40439 36.790514 132052.29 -176767 15035.7 -191802 0.14248199 
0.3425 288.59599 4.598226 132072.72 -176920 14739.1 -191659 0.14302985 
0.343 290.47219 -22.579162 132067.98 -177028 14834.9 -191863 0.14068391 
0.3435 289.41509 16.945787 132060.15 -177194 14780.9 -191975 0.13817473 
0.344 287.67975 -32.332612 132048.12 -177171 14692.3 -191863 0.14482978 
0.3445 291.00934 41.977379 132060.5 -177147 14862.3 -192009 0.1343382 
0.345 286.61193 -1.7573829 132032.9 -177083 14637.7 -191720 0.14641678 
0.3455 283.17715 -16.381567 132038.06 -177556 14462.3 -192019 0.13778284 
0.346 282.90169 27.831021 132047.59 -177434 14448.3 -191882 0.13574631 
0.3465 284.82879 12.373845 132055.78 -177526 14546.7 -192073 0.13688233 
0.347 288.15356 27.017209 132046.82 -177778 14716.5 -192494 0.12991178 
0.3475 284.58033 20.169696 132046.76 -177486 14534 -192020 0.13804128 
0.348 289.60988 -3.3486236 132084.49 -176693 14790.9 -191484 0.1465407 
0.3485 286.71401 -43.329771 132086.01 -177037 14643 -191679 0.14195735 
0.349 291.8285 -4.6567774 132061.67 -177252 14904.2 -192156 0.14147611 
0.3495 285.71287 -7.5473898 132060.11 -177529 14591.8 -192121 0.13498537 
0.35 292.6426 13.401041 132047.51 -177182 14945.7 -192128 0.13777503 
0.3505 282.12467 9.5842356 132048.74 -177634 14408.6 -192043 0.14003145 
0.351 289.48293 -4.711155 132067.06 -177154 14784.4 -191939 0.138244 
0.3515 288.92479 -5.3685331 132061.23 -177341 14755.9 -192097 0.14167646 
0.352 293.06559 -0.053324383 132082.85 -176795 14967.3 -191763 0.13974473 
0.3525 289.29012 3.0832784 132064.33 -177206 14774.5 -191980 0.13763559 
0.353 290.12643 -29.048877 132068.75 -177219 14817.2 -192036 0.13771377 
0.3535 287.25187 -11.662843 132067.74 -177253 14670.4 -191924 0.1368076 
0.354 286.03844 -44.467957 132060.13 -177348 14608.5 -191956 0.1408733 
0.3545 285.00739 2.0771391 132068.39 -177471 14555.8 -192027 0.1358977 
0.355 294.42981 54.339279 132060.06 -177335 15037 -192372 0.13155601 
0.3555 286.56972 -1.6777424 132024.74 -177568 14635.6 -192203 0.14032309 
0.356 287.58726 1.4340314 132043.19 -177278 14687.6 -191965 0.13869861 
0.3565 282.22399 2.6833541 132030.26 -177692 14413.6 -192106 0.14086287 
0.357 283.27702 -27.457613 132044.51 -177448 14467.4 -191915 0.13955125 
0.3575 289.62018 -4.7049904 132035.53 -177264 14791.4 -192055 0.14182295 
0.358 287.5495 -6.8878166 132025.67 -177193 14685.6 -191879 0.13912298 
0.3585 291.66018 -17.406467 132021.47 -177321 14895.6 -192217 0.136261 
0.359 286.47738 -9.2965983 132035.93 -177730 14630.9 -192361 0.13228581 
0.3595 281.11675 -19.620684 132005.9 -177765 14357.1 -192122 0.13649543 
0.36 279.90396 -29.13248 132017.26 -177702 14295.2 -191997 0.13795153 
0.3605 285.85175 26.077844 132047.55 -177139 14598.9 -191738 0.1371983 
0.361 293.65539 13.138374 132074.92 -176637 14997.5 -191634 0.14289921 
0.3615 288.73214 12.75961 132094.06 -176370 14746 -191116 0.14655154 
0.362 292.1103 8.0040835 132074.04 -177003 14918.6 -191921 0.13853692 
0.3625 283.8679 21.233683 132059.67 -177030 14497.6 -191527 0.14093096 
0.363 289.55551 -1.1886012 132074.06 -176746 14788.1 -191534 0.13903374 
0.3635 283.90985 -27.94258 132055.47 -177208 14499.7 -191708 0.14319459 
0.364 289.6513 5.9054488 132050.73 -177137 14793 -191930 0.1403922 
0.3645 289.58786 33.353237 132067.76 -177086 14789.7 -191876 0.13848617 
0.365 288.56435 39.19839 132050.7 -177249 14737.5 -191987 0.13737909 
0.3655 290.80526 60.700226 132058.98 -177144 14851.9 -191996 0.13139993 
0.366 288.90437 -10.731952 132083.2 -176791 14754.8 -191546 0.1423673 
0.3665 293.03383 10.273068 132090 -176586 14965.7 -191551 0.13673328 
0.367 290.84753 -8.7122677 132108.72 -176632 14854.1 -191486 0.14160894 
0.3675 299.32037 0.62351124 132121.01 -176576 15286.8 -191862 0.14260406 
0.368 295.38517 19.674133 132117.9 -176705 15085.8 -191791 0.13569564 
0.3685 292.9273 -0.085863923 132085.38 -177191 14960.3 -192151 0.13630467 
0.369 287.15203 -20.720062 132050.04 -177527 14665.3 -192192 0.13650708 
0.3695 285.34216 -8.4892363 132067.68 -177366 14572.9 -191939 0.13826616 
0.37 286.69455 -19.477625 132060.56 -177289 14642 -191931 0.14264444 
0.3705 291.3432 -10.374688 132102.01 -176629 14879.4 -191509 0.14212928 
0.371 287.39598 -25.791611 132113.52 -177063 14677.8 -191741 0.14078018 
0.3715 285.96305 -15.834483 132074.07 -177297 14604.6 -191902 0.1366994 
0.372 287.79579 15.59888 132075.13 -177177 14698.2 -191875 0.13749243 
0.3725 288.93053 25.086737 132064.16 -177447 14756.2 -192203 0.13421939 
0.373 287.19729 30.705683 132069.04 -177248 14667.6 -191916 0.13317936 
0.3735 290.68911 18.369087 132073.2 -177000 14846 -191846 0.14022828 
0.374 283.95908 12.037214 132053.2 -177258 14502.3 -191760 0.13904035 
0.3745 286.44565 15.955953 132039.4 -177101 14629.3 -191731 0.14067504 
0.375 288.35672 21.639755 132030.2 -177324 14726.9 -192051 0.13367325 
0.3755 287.31743 14.69464 132066.15 -176935 14673.8 -191609 0.14120686 
0.376 293.84719 6.6804307 132059.59 -176961 15007.3 -191968 0.14054983 
0.3765 293.79536 7.5361309 132056.95 -177246 15004.6 -192250 0.13592163 
0.377 287.46188 -15.289052 132047.44 -177343 14681.2 -192025 0.14091765 
0.3775 283.41566 -19.614009 132045.2 -177416 14474.5 -191891 0.13950753 
0.378 288.59248 8.8302391 132069.21 -177106 14738.9 -191845 0.14002402 
0.3785 296.71575 54.093376 132081.05 -176785 15153.8 -191939 0.13749595 
0.379 292.6161 27.253002 132089.03 -176756 14944.4 -191701 0.13575785 
0.3795 292.12589 -7.8734897 132076.39 -177030 14919.4 -191949 0.14201041 
0.38 286.46147 1.6924031 132062.11 -176950 14630.1 -191580 0.14088893 
0.3805 288.31771 14.371849 132027.41 -177330 14724.9 -192055 0.13704113 
0.381 284.62688 -3.3517162 132023.03 -177537 14536.4 -192073 0.13642339 
0.3815 288.2662 2.428198 132026.9 -177356 14722.2 -192078 0.13307083 
0.382 289.23527 -2.5390129 132034.73 -177415 14771.7 -192187 0.13747413 
0.3825 289.22885 45.874779 132047.18 -177200 14771.4 -191971 0.13674304 
0.383 285.12186 -5.5687883 132055.76 -177175 14561.6 -191737 0.14322826 
0.3835 287.81995 16.522985 132068.54 -177029 14699.4 -191729 0.14159332 
0.384 288.41806 11.818831 132086.28 -177207 14730 -191937 0.13682516 
0.3845 292.76232 13.377736 132064.26 -177171 14951.9 -192123 0.13799873 
0.385 291.93587 28.682259 132061.19 -177112 14909.6 -192022 0.13656099 
0.3855 288.85102 4.7502954 132051.15 -177358 14752.1 -192110 0.13590587 
0.386 284.53941 -21.236735 132060.62 -177169 14531.9 -191701 0.14071434 
0.3865 290.17401 -3.467416 132069.77 -177250 14819.7 -192070 0.13502369 
0.387 286.308 -42.72536 132064.56 -177142 14622.2 -191764 0.14203553 
0.3875 291.0195 18.551113 132032 -177325 14862.8 -192188 0.13641904 
0.388 286.71763 -37.521034 132015.03 -177498 14643.1 -192141 0.13719277 
0.3885 281.49685 29.766097 132005.27 -177704 14376.5 -192080 0.13598364 
0.389 282.18612 -0.60329836 132011.69 -177407 14411.7 -191819 0.14041677 
0.3895 289.98322 -11.796772 132034.19 -177282 14809.9 -192092 0.13968777 
0.39 289.40731 10.14032 132044.21 -177317 14780.5 -192098 0.13962978 
0.3905 287.49245 5.0000737 132036.19 -177332 14682.7 -192015 0.13817956 
0.391 285.32907 -3.7244676 132043.93 -177233 14572.2 -191805 0.13701922 
0.3915 289.41821 -8.6533458 132034.12 -177466 14781.1 -192247 0.13731525 
0.392 291.24412 25.029343 132047.33 -177210 14874.3 -192084 0.13593716 
0.3925 288.67654 -6.150995 132034.37 -177340 14743.2 -192084 0.13974664 
0.393 287.99063 1.4366822 132062.34 -177045 14708.2 -191753 0.13817074 
0.3935 293.65957 19.948229 132070.68 -176684 14997.7 -191682 0.13886995 
0.394 288.34064 -43.356083 132051.45 -176972 14726 -191698 0.14104441 
0.3945 292.22897 10.386137 132057.19 -176965 14924.6 -191889 0.13515891 
0.395 290.59563 -2.0989117 132061.11 -177242 14841.2 -192083 0.13577038 
0.3955 293.15661 -5.4249723 132069.96 -176918 14972 -191890 0.1363153 
0.396 295.44338 -0.8264315 132080.36 -176900 15088.8 -191989 0.13673191 
0.3965 288.9823 -10.88435 132075.32 -177027 14758.8 -191786 0.14078575 
0.397 291.03803 -26.891193 132082.84 -176816 14863.8 -191679 0.13998893 
0.3975 291.99978 -3.4977067 132082.15 -177124 14912.9 -192037 0.13887089 
0.398 287.18489 -16.406726 132067.31 -177260 14667 -191927 0.13916297 
0.3985 288.44504 -9.4294872 132065.69 -177301 14731.4 -192032 0.13288441 
0.399 287.23478 13.345588 132052 -177228 14669.6 -191898 0.13703269 
0.3995 285.66706 30.369607 132061.28 -177312 14589.5 -191902 0.13413196 
0.4 284.23885 -3.9861678 132051.83 -177444 14516.5 -191960 0.13434747 
0.4005 287.59468 19.911641 132032.45 -177403 14687.9 -192091 0.13332319 
0.401 283.12991 -20.276975 132011.03 -177591 14459.9 -192051 0.13542736 
0.4015 290.07046 -16.166664 132019.65 -177428 14814.4 -192242 0.13808589 
0.402 285.96204 20.691608 132013.34 -177554 14604.6 -192159 0.13634476 
0.4025 283.76915 33.474957 131996.85 -177563 14492.6 -192055 0.13879461 
0.403 291.02848 25.963716 132015.32 -177188 14863.3 -192051 0.13834101 
0.4035 285.11487 23.987162 132018.05 -177404 14561.3 -191965 0.13455844 
0.404 288.45922 19.10319 132017.57 -177025 14732.1 -191757 0.14167597 
0.4045 287.83979 10.947784 132047.38 -176986 14700.5 -191686 0.13935938 
0.405 289.00061 -5.2852902 132054.64 -177196 14759.7 -191956 0.1384095 
0.4055 292.18711 6.6601269 132043.31 -177072 14922.5 -191994 0.13841385 
0.406 287.26157 0.64993054 132043.3 -177154 14670.9 -191825 0.13814158 
0.4065 292.06346 14.551076 132032.79 -177161 14916.2 -192077 0.14001853 
0.407 289.32807 10.560372 132039.7 -176951 14776.5 -191727 0.14169094 
0.4075 290.77443 6.6463241 132052.34 -176925 14850.3 -191775 0.13845137 
0.408 289.25694 -10.870829 132031.44 -177384 14772.8 -192157 0.13822245 
0.4085 289.10295 14.853466 132025.28 -177393 14765 -192158 0.13417695 
0.409 283.23648 -26.131399 132021.77 -177816 14465.4 -192281 0.13474369 
0.4095 284.92277 14.940169 132027.26 -177443 14551.5 -191995 0.14260993 
0.41 288.51751 62.939613 132045.34 -177161 14735.1 -191896 0.13647791 
0.4105 290.2638 34.359826 132105.02 -176964 14824.3 -191788 0.13754405 
0.411 292.89315 23.775847 132096.5 -176818 14958.5 -191776 0.13726289 
0.4115 288.09854 19.71609 132079.09 -177223 14713.7 -191936 0.13618815 
0.412 289.3088 -18.113629 132067.66 -176869 14775.5 -191645 0.14646161 
0.4125 290.25386 32.204548 132104.05 -176436 14823.7 -191260 0.14348978 
0.413 290.27354 14.523256 132106.77 -176660 14824.7 -191485 0.13935318 
0.4135 286.60474 -8.6021469 132068.4 -177170 14637.4 -191807 0.13938884 
0.414 290.48094 28.089944 132042.46 -177127 14835.3 -191962 0.13702193 
0.4145 285.69894 25.335354 132061.27 -176980 14591.1 -191571 0.13979747 
0.415 288.64747 -28.545237 132074.97 -176826 14741.7 -191567 0.14524262 
0.4155 290.57006 -18.80651 132099.09 -176764 14839.9 -191604 0.14074191 
0.416 287.53396 -16.230251 132074.84 -176992 14684.8 -191677 0.14229932 
0.4165 290.34761 -8.4077915 132079.5 -177086 14828.5 -191915 0.14093632 
0.417 295.49308 50.779063 132090.16 -177105 15091.3 -192196 0.13544775 
0.4175 283.09774 -68.342405 132063.21 -177631 14458.3 -192089 0.14515811 
0.418 284.1335 7.0777767 132043.97 -177520 14511.2 -192031 0.13228456 
0.4185 288.99308 8.550764 132068.39 -177514 14759.4 -192274 0.13372701 
0.419 287.78306 -22.340707 132060.96 -177457 14697.6 -192155 0.13786224 
0.4195 288.73188 21.50789 132065.18 -177340 14746 -192086 0.13557149 
0.42 282.11474 -11.678957 132076.14 -177378 14408.1 -191786 0.14356679 
0.4205 286.58085 34.449523 132082.46 -177234 14636.2 -191870 0.13381411 
0.421 286.90932 28.564291 132081.9 -177133 14652.9 -191786 0.1376795 
0.4215 288.81803 -12.607871 132063.03 -177379 14750.4 -192129 0.13799401 
0.422 289.02064 5.4341845 132048.89 -177330 14760.8 -192091 0.13445761 
0.4225 285.7511 -33.106891 132040.66 -177393 14593.8 -191987 0.14399655 
0.423 287.54871 -34.952962 132074.08 -177110 14685.6 -191796 0.14116893 
0.4235 294.43361 42.63648 132075.31 -177179 15037.2 -192216 0.13194112 
0.424 296.34717 33.891388 132070.56 -177142 15134.9 -192277 0.13563168 
0.4245 293.26308 14.75978 132080.91 -176844 14977.4 -191822 0.13666074 
0.425 289.81047 -45.22563 132063.44 -177143 14801.1 -191944 0.14624365 
0.4255 283.29804 -21.875925 132070.84 -177302 14468.5 -191771 0.14078688 
0.426 290.96679 -12.174587 132060 -177193 14860.2 -192054 0.13573522 
0.4265 286.98145 -12.729597 132078.68 -177212 14656.6 -191869 0.1386105 
0.427 289.20392 22.850796 132064.05 -177442 14770.1 -192213 0.1326642 
0.4275 287.16084 11.029487 132070.7 -177263 14665.8 -191929 0.14113927 
0.428 285.28451 -26.039845 132065.93 -177401 14570 -191971 0.14221497 
0.4285 286.93126 -28.764853 132069.26 -177370 14654.1 -192024 0.13869833 
0.429 288.33013 -2.8839525 132058.32 -177197 14725.5 -191922 0.14348764 
0.4295 289.35271 -6.3644635 132078.3 -177026 14777.7 -191804 0.14145574 
0.43 283.18866 7.7713879 132066.66 -177237 14462.9 -191700 0.14232949 
0.4305 291.87047 20.973579 132062.98 -177106 14906.3 -192012 0.14064594 
0.431 289.55097 -15.864863 132076.53 -177140 14787.8 -191928 0.13915457 
0.4315 286.06358 -15.741647 132053.99 -177236 14609.7 -191846 0.14228294 
0.432 285.81668 -19.608699 132052.15 -177395 14597.1 -191992 0.14119567 
0.4325 280.09478 -13.621322 132040.52 -177577 14304.9 -191882 0.14072165 
0.433 292.7429 -5.4827367 132061.73 -177059 14950.9 -192010 0.1469415 
0.4335 293.50689 -15.455122 132073.34 -177110 14989.9 -192100 0.14109316 
0.434 290.54451 3.2456291 132052.01 -177371 14838.6 -192210 0.13803616 
0.4345 284.90925 2.8791194 132060.08 -177193 14550.8 -191744 0.14344181 
0.435 290.52285 -14.832645 132074.92 -177073 14837.5 -191911 0.14098217 
0.4355 296.32315 -7.7442675 132064.29 -177226 15133.7 -192359 0.13908707 
0.436 290.23957 -20.803425 132084.94 -177070 14823 -191893 0.14141512 
0.4365 293.48521 -9.6498247 132073.92 -176932 14988.8 -191921 0.13857047 
0.437 290.70106 12.541171 132042.96 -177117 14846.6 -191964 0.14215037 
0.4375 296.01277 -13.859281 132048.25 -176965 15117.9 -192083 0.14090933 
0.438 288.68632 -91.713992 132071.74 -177108 14743.7 -191851 0.14596064 
0.4385 286.22751 -35.84362 132079.61 -177077 14618.1 -191695 0.14534287 
0.439 289.43423 -18.641364 132067.55 -177218 14781.9 -192000 0.13841683 
0.4395 286.53781 -6.9998338 132048.23 -177445 14634 -192079 0.14056812 
0.44 287.00679 56.497793 132036.33 -177261 14657.9 -191919 0.14027926 
0.4405 288.59832 42.699459 132054 -177138 14739.2 -191877 0.1395174 
0.441 284.60372 2.3318327 132048.83 -177514 14535.2 -192049 0.14367636 
0.4415 279.98183 -49.815787 132045.81 -177388 14299.1 -191688 0.14152569 
0.442 287.63844 -3.9639773 132065.39 -177130 14690.2 -191821 0.142367 
0.4425 287.70853 -17.850604 132069.53 -177362 14693.7 -192056 0.14099413 
0.443 289.61868 14.063026 132050.33 -177238 14791.3 -192030 0.13709972 
0.4435 283.16366 28.435015 132027.34 -177128 14461.6 -191590 0.14450853 
0.444 283.42125 -4.1277593 132050.8 -177313 14474.8 -191787 0.13729623 
0.4445 284.89983 -19.977075 132046.27 -177328 14550.3 -191878 0.14029658 
0.445 291.31279 1.4898632 132064.22 -177096 14877.8 -191974 0.14305571 
0.4455 289.65207 -3.7812131 132051.73 -177281 14793 -192074 0.13866134 
0.446 291.70494 36.706103 132068.91 -177070 14897.9 -191968 0.14281587 
0.4465 284.87407 -28.758671 132068.3 -177565 14549 -192114 0.13678002 
0.447 287.04725 -24.714458 132058.45 -177075 14660 -191735 0.14320058 
0.4475 289.12024 -20.91446 132055.54 -177391 14765.8 -192156 0.14243472 
0.448 282.0706 -22.821586 132043.95 -177782 14405.8 -192188 0.1358719 
0.4485 284.57509 -14.253774 132038.31 -177346 14533.7 -191879 0.14414111 
0.449 284.94042 -3.1580042 132045.23 -177135 14552.4 -191688 0.14085642 
0.4495 288.89503 2.9540093 132074.32 -177058 14754.3 -191812 0.13720196 
0.45 292.40228 4.3614702 132071.25 -177220 14933.5 -192153 0.13725995 
0.4505 288.22943 -27.58711 132079.94 -177000 14720.4 -191720 0.1412699 
0.451 287.83118 -16.305235 132084.65 -177246 14700 -191946 0.13850542 
0.4515 289.77345 -7.7912739 132050.66 -177311 14799.2 -192111 0.13805599 
0.452 289.53655 2.1198126 132085.15 -177199 14787.1 -191986 0.13698351 
0.4525 289.83529 17.68317 132065.19 -177190 14802.4 -191993 0.13725997 
0.453 288.35492 2.4159606 132051.12 -177080 14726.8 -191806 0.1419323 
0.4535 286.61307 4.9384928 132057.75 -177278 14637.8 -191916 0.1376073 
0.454 282.5855 3.3691166 132042.6 -177423 14432.1 -191855 0.1392255 
0.4545 287.05289 -3.7937065 132057 -177126 14660.3 -191786 0.1414633 
0.455 279.62576 15.58617 132034.19 -177480 14280.9 -191761 0.13619308 
0.4555 278.03085 -21.527308 132044.07 -177760 14199.5 -191960 0.14024181 
0.456 288.33663 13.075249 132028.5 -177745 14725.8 -192471 0.13334355 
0.4565 285.47739 -7.6050351 132064.34 -177536 14579.8 -192116 0.13677565 
0.457 286.0545 1.527111 132084.33 -177296 14609.3 -191905 0.13918117 
0.4575 294.94505 25.223114 132096.68 -176640 15063.3 -191704 0.13539241 
0.458 291.30763 -17.263353 132095.32 -176832 14877.6 -191709 0.1463989 
0.4585 290.32328 47.60865 132067.33 -177216 14827.3 -192043 0.13311342 
0.459 290.5619 19.023939 132092.77 -176765 14839.5 -191604 0.14020143 
0.4595 292.00297 30.033981 132089.85 -177012 14913.1 -191925 0.1442918 
0.46 290.27277 22.407651 132080.73 -177040 14824.7 -191864 0.13783881 
0.4605 288.11119 -14.263672 132065.71 -177253 14714.3 -191967 0.14336092 
0.461 287.48418 -59.731469 132070.96 -177387 14682.3 -192069 0.14121799 
0.4615 286.30916 17.591867 132093.2 -176872 14622.3 -191494 0.13934431 
0.462 285.96174 -35.657143 132081.73 -177077 14604.5 -191681 0.14576046 
0.4625 295.65651 32.622968 132077.27 -176977 15099.7 -192077 0.1334902 
0.463 290.09235 10.043859 132096.55 -176746 14815.5 -191561 0.14454032 
0.4635 290.94234 27.586133 132092.96 -177096 14858.9 -191955 0.13533286 
0.464 290.62833 31.83736 132073.8 -177076 14842.9 -191919 0.13508347 
0.4645 288.21237 -23.179951 132059.38 -177198 14719.5 -191917 0.14202308 
0.465 288.56839 25.153781 132047.18 -177263 14737.7 -192001 0.13720754 
0.4655 285.65636 28.371519 132049.21 -177198 14588.9 -191787 0.14078447 
0.466 280.145 -7.0044101 132065.04 -177157 14307.5 -191465 0.1439428 
0.4665 287.05762 1.7380034 132045.42 -177408 14660.5 -192069 0.13813861 
0.467 288.02723 -0.77713124 132031.69 -177607 14710 -192317 0.13825721 
0.4675 292.18078 33.894582 132030.5 -177451 14922.2 -192373 0.13415828 
0.468 289.18309 23.334043 132041.68 -177332 14769.1 -192101 0.13791304 
0.4685 288.63242 -20.250717 132035.81 -177266 14740.9 -192007 0.14244874 
0.469 289.34089 15.496215 132020.36 -177454 14777.1 -192232 0.13676553 
0.4695 281.42757 -34.562601 132020.85 -177582 14373 -191955 0.13983187 
0.47 286.14649 9.4372328 132005.16 -177614 14614 -192228 0.13911699 
0.4705 288.14259 -14.408309 132033.12 -177176 14715.9 -191892 0.14232588 
0.471 288.41877 4.6313851 132035.05 -176958 14730 -191688 0.14168366 
0.4715 291.39663 -33.791339 132027.41 -177090 14882.1 -191972 0.14252143 
0.472 289.65756 -4.953231 132009.62 -177205 14793.3 -191999 0.1412407 
0.4725 291.91466 -3.213915 132005.06 -176820 14908.6 -191729 0.15032874 
0.473 292.83385 20.342956 132005.26 -177298 14955.5 -192253 0.13741959 
0.4735 288.7784 5.0096269 131989.42 -177298 14748.4 -192047 0.14416186 
0.474 289.83406 -35.020603 131992.87 -177283 14802.3 -192085 0.14424788 
0.4745 290.38769 -22.447271 131972.59 -177478 14830.6 -192308 0.13820782 
0.475 284.29553 -18.543751 131966.84 -177331 14519.4 -191851 0.14714937 
0.4755 288.95194 -14.339366 131997.03 -177293 14757.3 -192050 0.14016844 
0.476 288.09958 -10.350345 131981.03 -177150 14713.7 -191864 0.14373529 
0.4765 281.78425 -23.060794 131981.65 -177230 14391.2 -191621 0.14743564 
0.477 286.44698 34.509041 131982.06 -177079 14629.3 -191709 0.14077735 
0.4775 289.06075 -7.8858888 131991.79 -176904 14762.8 -191667 0.15069606 
0.478 290.59608 8.0076531 131991.25 -177126 14841.2 -191967 0.14445808 
0.4785 292.92398 2.0154649 131984.97 -177006 14960.1 -191966 0.14322943 
0.479 288.72422 17.373874 131974.85 -177081 14745.6 -191827 0.14653148 
0.4795 288.81308 -5.8897268 131976.35 -177141 14750.2 -191891 0.14216018 
0.48 290.52189 -18.608509 131993.68 -176994 14837.4 -191832 0.14432931 
0.4805 292.78159 -40.635741 132023.64 -176669 14952.8 -191622 0.14563813 
0.481 293.00318 50.759292 132026.89 -176801 14964.2 -191765 0.14096425 
0.4815 291.73756 11.921158 132011.55 -176934 14899.5 -191834 0.14303916 
0.482 290.62269 36.465424 132008.49 -177084 14842.6 -191926 0.1416171 
0.4825 285.93292 11.3994 131981.72 -176975 14603.1 -191578 0.14332042 
0.483 285.22776 -43.871123 131989.88 -177210 14567.1 -191777 0.14580718 
0.4835 290.79661 45.496509 131982.04 -177104 14851.5 -191956 0.14093874 
0.484 283.25777 -11.166842 131987.58 -177186 14466.4 -191652 0.14401381 
0.4845 287.36378 -20.493082 132003.52 -177388 14676.1 -192064 0.14430647 
0.485 284.40812 16.79458 132007.45 -177440 14525.2 -191965 0.13750312 
0.4855 285.04291 -34.542973 131978.17 -177393 14557.6 -191950 0.14494608 
0.486 285.33298 8.359381 131989.56 -177358 14572.4 -191931 0.1450327 
0.4865 292.39381 14.498866 132032.51 -176791 14933 -191724 0.14022676 
0.487 286.81936 -38.988138 132026.07 -176995 14648.3 -191643 0.14776367 
0.4875 296.7675 23.611077 132045.85 -176871 15156.4 -192028 0.13593562 
0.488 288.52281 -18.3099 132036.51 -176832 14735.3 -191567 0.1481042 
0.4885 293.08786 17.788504 132044.3 -176772 14968.5 -191740 0.1453056 
0.489 291.86253 -24.063152 132026.44 -176973 14905.9 -191879 0.14120425 
0.4895 290.08454 17.188879 132033.25 -176938 14815.1 -191753 0.14715445 
0.49 288.32414 -1.054594 132012.75 -177131 14725.2 -191857 0.13846493 
0.4905 287.94101 -15.462454 132005.76 -177098 14705.6 -191804 0.14546701 
0.491 284.22996 12.050898 132013.79 -177222 14516.1 -191738 0.14451828 
0.4915 292.70664 -1.5124635 132018.9 -176811 14949 -191760 0.14221527 
0.492 293.41612 14.186847 132025.15 -176980 14985.2 -191965 0.14303719 
0.4925 290.86999 9.3908076 132008.41 -177040 14855.2 -191895 0.13828132 
0.493 286.83952 19.021766 132039.08 -177032 14649.4 -191682 0.14397119 
0.4935 292.6422 -2.4768879 132024.15 -176847 14945.7 -191793 0.14686321 
0.494 292.10475 -10.792329 132053.94 -176789 14918.3 -191707 0.14341932 
0.4945 289.65538 -17.729288 132027.05 -177124 14793.2 -191917 0.14613876 
0.495 290.97747 -2.7778999 132031.2 -177052 14860.7 -191913 0.13951542 
0.4955 283.73257 -18.398682 132011.66 -177343 14490.7 -191834 0.14480622 
0.496 291.37725 7.5381711 132015.06 -177229 14881.1 -192110 0.1424942 
0.4965 286.56271 10.166142 132032.55 -177140 14635.2 -191775 0.14166445 
0.497 287.93052 2.7163831 132016.02 -177279 14705.1 -191984 0.14171996 
0.4975 288.23279 40.178863 132007.46 -177101 14720.5 -191822 0.14045755 
0.498 288.89453 18.130124 131998.05 -177019 14754.3 -191773 0.14331288 
0.4985 286.59521 16.177186 131990.8 -177237 14636.9 -191874 0.14287575 
0.499 290.82776 9.8695339 132001.91 -177167 14853.1 -192020 0.14338653 
0.4995 286.9984 -2.4396003 132004.43 -177341 14657.5 -191999 0.14018137 
