0.001 286.58514 0.26408079 132033.68 -177160 14636.4 -191796 0.14087858 
0.002 285.7788 -20.985627 132028.15 -177132 14595.2 -191727 0.13937925 
0.003 290.24807 20.113377 132001.7 -177283 14823.4 -192106 0.14029042 
0.004 288.22668 69.31647 131984.4 -177339 14720.2 -192059 0.14216781 
0.005 284.67215 -32.232421 132000.56 -177387 14538.7 -191925 0.14338476 
0.006 287.13465 -16.512255 132005.92 -177481 14664.4 -192146 0.13662371 
0.007 290.32144 -5.0501961 132032.7 -177445 14827.2 -192272 0.13510916 
0.008 284.75979 16.988635 132036.99 -177457 14543.2 -192000 0.1392156 
0.009 286.01897 8.0118736 132035.84 -177479 14607.5 -192087 0.14071039 
0.01 284.38311 3.4923011 132010.26 -177300 14523.9 -191824 0.1386378 
0.011 289.9786 46.34829 131969.04 -177177 14809.7 -191986 0.1403906 
0.012 288.11299 -36.045598 132031.57 -177248 14714.4 -191962 0.14165342 
0.013 282.63592 -77.620775 132085.55 -177422 14434.7 -191857 0.14328334 
0.014 286.39489 47.941527 132014.67 -177487 14626.7 -192114 0.13551204 
0.015 282.54669 19.363629 131974.97 -177537 14430.1 -191968 0.13803856 
0.016 289.9015 -37.046184 132050.78 -177326 14805.7 -192132 0.14093729 
0.017 281.56616 -124.25891 132111.46 -177477 14380 -191857 0.14498061 
0.018 285.16461 27.987556 131958.15 -177592 14563.8 -192155 0.13736954 
0.019 291.20648 112.28587 131898.28 -177303 14872.4 -192176 0.13798831 
0.02 289.84222 -99.020566 132134.18 -177283 14802.7 -192085 0.14118198 
0.021 284.4443 -110.29138 132170.35 -177343 14527 -191870 0.14369412 
0.022 287.90631 150.98247 131899.98 -177256 14703.9 -191960 0.13829295 
0.023 287.64005 82.116144 131925.54 -177209 14690.3 -191899 0.14160986 
0.024 290.68296 -129.03675 132222.59 -177183 14845.7 -192028 0.13985142 
0.025 290.70152 -41.776102 132124.64 -177148 14846.6 -191995 0.14469234 
0.026 289.83538 169.27502 131819.17 -177145 14802.4 -191947 0.14370507 
0.027 287.65121 36.415764 132010.4 -176991 14690.8 -191682 0.14459408 
0.028 290.39154 -201.40761 132355.62 -176922 14830.8 -191753 0.13760811 
0.029 287.32501 -38.263701 132098.71 -176879 14674.2 -191553 0.14839354 
0.03 290.96775 222.11347 131784.02 -176822 14860.2 -191683 0.14552279 
0.031 293.57127 -14.550594 132106.14 -176798 14993.2 -191791 0.1433646 
0.032 292.21474 -228.96119 132355.8 -176663 14923.9 -191587 0.14443792 
0.033 289.10603 35.926764 131955.56 -176825 14765.1 -191590 0.15037393 
0.034 296.40286 293.02076 131749.23 -176963 15137.8 -192101 0.14070075 
0.035 289.26665 -110.75178 132203.97 -177010 14773.3 -191783 0.14032123 
0.036 294.01022 -222.09447 132306.23 -176788 15015.6 -191804 0.1395264 
0.037 297.00629 178.58247 131820.11 -176722 15168.6 -191890 0.14840786 
0.038 291.56252 204.14995 131840.29 -176874 14890.6 -191765 0.14367036 
0.039 288.43154 -301.9229 132341.36 -176979 14730.7 -191710 0.14917141 
0.04 288.84756 -112.29518 132190.64 -176823 14751.9 -191575 0.14404879 
0.041 297.06857 312.59279 131697 -176969 15171.8 -192140 0.1403523 
0.042 285.67642 83.865808 131918.19 -177086 14590 -191676 0.14872079 
0.043 287.31676 -270.1709 132341.65 -176898 14673.7 -191571 0.14478901 
0.044 296.81232 -11.72239 132067.96 -176657 15158.7 -191815 0.14376971 
0.045 295.01433 274.38645 131725.55 -176571 15066.9 -191638 0.15019656 
0.046 296.21648 -3.8468942 132090.94 -176512 15128.3 -191640 0.14611279 
0.047 288.83531 -322.13811 132377.29 -176699 14751.3 -191450 0.15008415 
0.048 295.85696 107.49243 131948.49 -176658 15109.9 -191767 0.13976444 
0.049 298.13607 331.26468 131773.97 -176722 15226.3 -191949 0.13926681 
0.05 286.78604 -214.32425 132295.73 -176704 14646.6 -191351 0.14863389 
0.051 294.90782 -316.87397 132370.35 -176699 15061.4 -191760 0.14700664 
0.052 288.515 304.04511 131761.25 -176637 14734.9 -191372 0.14343522 
0.053 291.58402 178.50792 131828 -176567 14891.7 -191459 0.14248038 
0.054 296.61132 -269.87311 132422.89 -176691 15148.4 -191839 0.14005815 
0.055 289.28963 -149.7491 132196.67 -176851 14774.5 -191626 0.14795565 
0.056 288.81909 347.53595 131615.93 -176908 14750.5 -191659 0.14324781 
0.057 292.77831 97.588036 131926.27 -177020 14952.7 -191972 0.14008593 
0.058 287.03033 -382.957 132424.77 -176896 14659.1 -191555 0.14772071 
0.059 288.81277 -1.578334 132022.06 -177183 14750.1 -191933 0.14321754 
0.06 287.89666 339.38261 131630.65 -177181 14703.4 -191884 0.1428715 
0.061 284.42892 -47.940818 132075.84 -177096 14526.3 -191622 0.14535744 
0.062 293.21849 -258.20027 132367.99 -176966 14975.2 -191941 0.14111278 
0.063 291.49006 53.885588 131904.3 -177012 14886.9 -191899 0.15222985 
0.064 295.34305 265.6924 131716.39 -177049 15083.7 -192132 0.14157412 
0.065 291.69586 -107.89758 132140.02 -176970 14897.4 -191867 0.14558001 
0.066 289.76097 -193.91057 132241.12 -176856 14798.6 -191655 0.14622714 
0.067 286.21887 88.077883 131884.6 -176931 14617.7 -191549 0.15258805 
0.068 292.33471 108.7235 131849.11 -176919 14930 -191849 0.15000052 
0.069 291.36556 -107.96791 132122.31 -176892 14880.5 -191773 0.14852493 
0.07 285.81734 -92.872236 132098.21 -176947 14597.2 -191544 0.14816796 
0.071 288.69215 89.199664 131875.86 -177023 14744 -191767 0.1487061 
0.072 290.8966 34.67797 131928.51 -177149 14856.6 -192005 0.14552299 
0.073 286.32226 -104.09411 132118.04 -177124 14622.9 -191747 0.14784851 
0.074 288.12226 -49.30127 132049.66 -177032 14714.9 -191747 0.14921086 
0.075 289.45016 95.441769 131900.58 -177247 14782.7 -192029 0.14599916 
0.076 285.39236 -3.944674 131996.17 -177478 14575.5 -192054 0.14681455 
0.077 286.18865 -83.40039 132089.39 -177496 14616.1 -192112 0.13917655 
0.078 289.15002 68.963135 131934.71 -177676 14767.4 -192444 0.13684147 
0.079 288.80547 92.019424 131868.12 -177449 14749.8 -192199 0.14578901 
0.08 287.507 -75.780193 132042.08 -177399 14683.5 -192082 0.14765815 
0.081 282.41571 -77.176071 132097 -177195 14423.4 -191619 0.14815175 
0.082 292.32523 45.944816 131956.55 -177187 14929.5 -192116 0.14149693 
0.083 288.78988 23.194497 131920.81 -177259 14749 -192008 0.14568007 
0.084 288.89211 -8.4847622 132049.43 -177080 14754.2 -191834 0.14381199 
0.085 288.72985 -81.247611 132068.5 -177174 14745.9 -191920 0.14860431 
0.086 288.15858 26.042713 131919.82 -177109 14716.7 -191825 0.14884932 
0.087 289.61852 29.021128 131920.5 -177286 14791.3 -192077 0.14817172 
0.088 284.82854 -84.678292 132026.88 -177435 14546.7 -191981 0.14279872 
0.089 283.82282 -32.874876 131964.48 -177505 14495.3 -192000 0.14380552 
0.09 291.29116 78.759318 131870.67 -177629 14876.7 -192506 0.13915384 
0.091 284.80724 -11.935876 131973.46 -177759 14545.6 -192304 0.14160749 
0.092 278.50611 -103.73835 132054.6 -177814 14223.8 -192038 0.14745 
0.093 281.83934 56.160739 131914.73 -177652 14394 -192046 0.14305016 
0.094 285.61209 91.70015 131887.73 -177411 14586.7 -191997 0.1448475 
0.095 288.37142 -42.186513 132085.41 -177475 14727.6 -192202 0.14094042 
0.096 288.60878 1.8409392 132077.86 -177390 14739.7 -192130 0.13828517 
0.097 282.1658 104.05867 131883.94 -177381 14410.7 -191792 0.14918954 
0.098 287.31445 111.71434 131942.42 -177476 14673.6 -192150 0.13945844 
0.099 288.18381 -119.71661 132172.82 -177448 14718 -192166 0.14171539 
0.1 281.87394 -58.95648 132015.54 -177438 14395.8 -191834 0.14641145 
0.101 287.7626 206.01004 131749.16 -177548 14696.5 -192245 0.14369593 
0.102 289.88266 15.816352 131982.88 -177454 14804.8 -192259 0.14759158 
0.103 281.62176 -261.58249 132232.52 -177462 14382.9 -191845 0.15121733 
0.104 283.36733 21.909784 131887.25 -177407 14472 -191879 0.15217391 
0.105 292.34866 266.62956 131681.28 -177420 14930.7 -192350 0.14450067 
0.106 285.79555 -146.8091 132132.91 -177374 14596.1 -191970 0.14656112 
0.107 288.26145 -279.14124 132260.81 -177354 14722 -192076 0.15017178 
0.108 286.88592 169.044 131742.01 -177176 14651.7 -191828 0.15281126 
0.109 290.74207 219.14366 131756.29 -177003 14848.7 -191852 0.14977684 
0.11 293.22539 -254.08518 132344.05 -177035 14975.5 -192010 0.14108365 
0.111 291.90086 -134.6264 132213.48 -176860 14907.9 -191768 0.14513565 
0.112 290.17604 317.45498 131673.93 -176772 14819.8 -191592 0.15237481 
0.113 292.23218 81.132642 131949.15 -176799 14924.8 -191724 0.14994246 
0.114 286.9322 -318.60591 132445.42 -176980 14654.1 -191634 0.14909794 
0.115 286.02896 -7.8622991 132048.83 -177038 14608 -191646 0.14234106 
0.116 291.53071 349.39512 131607.41 -176980 14889 -191869 0.14734719 
0.117 288.89679 -37.156137 132106.08 -177041 14754.4 -191795 0.14638735 
0.118 292.35232 -343.60429 132458.41 -177080 14930.9 -192011 0.14564424 
0.119 293.79683 74.195586 131908.85 -176868 15004.7 -191873 0.14898679 
0.12 288.10728 295.25863 131657.43 -176986 14714.1 -191700 0.14839898 
0.121 291.66643 -155.02187 132221.11 -176946 14895.9 -191842 0.14613464 
0.122 289.20945 -271.08846 132367.92 -176959 14770.4 -191729 0.1480483 
0.123 293.13803 244.58536 131807.42 -176974 14971 -191945 0.1442563 
0.124 293.03096 244.50953 131827.14 -176670 14965.6 -191636 0.15023117 
0.125 289.20552 -315.23462 132383.7 -176718 14770.2 -191488 0.15595589 
0.126 288.57737 -148.97367 132223.88 -176820 14738.1 -191558 0.14892436 
0.127 294.3824 273.06143 131715.95 -177043 15034.6 -192077 0.14506643 
0.128 289.43851 76.690172 131933.07 -177143 14782.1 -191925 0.14662634 
0.129 289.87446 -246.09698 132332.88 -177022 14804.4 -191827 0.15259834 
0.13 290.38807 -19.293932 132078.21 -176956 14830.6 -191787 0.15088855 
0.131 289.91825 243.47095 131781.45 -177079 14806.6 -191886 0.14553218 
0.132 288.48524 -10.386232 132042.15 -177174 14733.4 -191907 0.14447256 
0.133 290.5514 -167.01255 132259.28 -177205 14838.9 -192044 0.14371769 
0.134 295.35598 -12.550322 131998.52 -177224 15084.3 -192308 0.14871345 
0.135 290.33611 154.0096 131832.61 -177230 14827.9 -192058 0.14719356 
0.136 288.86549 -29.762803 132086.85 -177212 14752.8 -191965 0.14379094 
0.137 289.00938 -135.3762 132200.5 -177085 14760.2 -191845 0.14850801 
0.138 290.17253 48.543183 131969.11 -177124 14819.6 -191944 0.14712691 
0.139 285.62688 111.24189 131903.91 -177063 14587.4 -191650 0.14846648 
0.14 288.27365 -99.974482 132117.6 -177036 14722.6 -191758 0.15133278 
0.141 288.3875 -53.49387 132108.04 -177091 14728.4 -191819 0.14923642 
0.142 283.59906 85.904894 131917.28 -177088 14483.9 -191572 0.15596189 
0.143 283.22121 16.357855 131972.69 -177156 14464.6 -191620 0.15116721 
0.144 288.4742 -60.062872 132130.82 -177209 14732.9 -191942 0.14041766 
0.145 284.05103 -62.8235 132024.36 -177381 14507 -191888 0.15127264 
0.146 290.87246 142.55837 131878.87 -177524 14855.3 -192380 0.14537141 
0.147 289.8996 4.8215719 132023.01 -177526 14805.7 -192331 0.14823115 
0.148 281.85513 -68.364417 132156.64 -177369 14394.8 -191764 0.1489724 
0.149 290.72329 14.09264 132045.55 -177067 14847.7 -191915 0.14419283 
0.15 289.53951 104.06609 131936.09 -177016 14787.3 -191803 0.14918724 
0.151 290.77099 -34.923666 132102.82 -177068 14850.2 -191919 0.1467141 
0.152 289.97295 -76.416819 132168.14 -177283 14809.4 -192093 0.14242069 
0.153 295.31581 74.092017 131958.72 -177059 15082.3 -192142 0.14913242 
0.154 287.51646 103.48402 131934.44 -176916 14683.9 -191600 0.15027482 
0.155 293.4464 -121.1266 132190 -176882 14986.8 -191869 0.15082561 
0.156 293.95732 -108.1893 132178.42 -176894 15012.9 -191907 0.14755548 
0.157 296.34606 179.20322 131917.32 -176876 15134.9 -192011 0.14218203 
0.158 288.44721 61.062576 131967.03 -177121 14731.5 -191852 0.15184804 
0.159 290.11674 -182.81412 132253.38 -176990 14816.7 -191807 0.15017809 
0.16 288.4161 -75.758418 132120.23 -176881 14729.9 -191611 0.15036563 
0.161 292.46669 248.53569 131746.04 -176999 14936.8 -191936 0.14701714 
0.162 289.85985 76.178644 131978.52 -177005 14803.6 -191809 0.15155647 
0.163 292.10101 -361.38359 132466.07 -176958 14918.1 -191876 0.15723588 
0.164 296.10718 36.778232 132063.37 -176922 15122.7 -192045 0.1447299 
0.165 293.61429 435.2847 131542.57 -176883 14995.4 -191879 0.1503885 
0.166 289.10687 -78.554836 132139.34 -176888 14765.2 -191653 0.15088888 
0.167 289.95971 -438.8442 132578.41 -176711 14808.7 -191520 0.15790189 
0.168 294.79726 202.59435 131844.84 -176451 15055.8 -191507 0.15539748 
0.169 298.72216 452.4805 131597.74 -176577 15256.2 -191833 0.1431752 
0.17 289.7335 -296.43021 132393.19 -176730 14797.2 -191528 0.14807699 
0.171 294.86518 -376.07054 132451.86 -176888 15059.3 -191947 0.1512928 
0.172 288.31939 318.18738 131644.73 -177112 14724.9 -191837 0.15240986 
0.173 285.66551 278.393 131740.49 -176964 14589.4 -191553 0.15056155 
0.174 290.13256 -381.7042 132465.46 -177125 14817.5 -191943 0.14898128 
0.175 287.04466 -153.12309 132221.83 -177262 14659.8 -191922 0.14592332 
0.176 289.2183 374.90198 131588.47 -177233 14770.9 -192004 0.14577055 
0.177 288.93219 85.761215 131938.99 -177115 14756.2 -191871 0.14660754 
0.178 290.50192 -352.86137 132448.41 -177079 14836.4 -191915 0.15119431 
0.179 293.40797 31.312068 132046.52 -177081 14984.8 -192066 0.14810665 
0.18 282.54604 247.22404 131712.4 -177074 14430.1 -191504 0.15496375 
0.181 281.04842 -119.71208 132162.08 -177134 14353.6 -191488 0.1465201 
0.182 291.40952 -229.44319 132356.03 -177232 14882.8 -192115 0.13730157 
0.183 289.88449 114.59223 131901.56 -177129 14804.9 -191934 0.14754233 
0.184 286.42748 217.61624 131805.63 -177297 14628.3 -191925 0.15232803 
0.185 286.86871 -153.33552 132199.59 -177254 14650.9 -191905 0.15185085 
0.186 292.87349 -139.31739 132192.93 -177098 14957.5 -192056 0.1451574 
0.187 296.42944 160.98519 131853.58 -177063 15139.1 -192202 0.14101896 
0.188 289.19337 84.450654 131936.87 -177168 14769.6 -191937 0.14549873 
0.189 285.54092 -185.90239 132250.38 -177023 14583 -191606 0.14983869 
0.19 287.15098 -25.258183 132108.34 -177231 14665.3 -191896 0.14538333 
0.191 288.72308 199.5235 131830.39 -177208 14745.6 -191954 0.14543138 
0.192 288.54742 50.723638 132007.37 -177073 14736.6 -191810 0.14221996 
0.193 286.28908 -196.07907 132223.2 -177058 14621.3 -191680 0.14810912 
0.194 291.20961 44.790847 132021.92 -177259 14872.6 -192132 0.14067318 
0.195 291.44198 134.80392 131860.62 -177365 14884.4 -192250 0.14463147 
0.196 285.88078 -46.320154 132062.66 -177443 14600.4 -192043 0.14671796 
0.197 288.78572 -80.565771 132167.69 -177397 14748.8 -192146 0.13862464 
0.198 283.9366 23.495309 131948.68 -177670 14501.1 -192171 0.13831149 
0.199 284.23183 133.44795 131846.65 -177621 14516.2 -192137 0.139475 
0.2 283.15391 -102.90599 132095.77 -177685 14461.1 -192146 0.14641416 
0.201 285.7522 -113.73296 132170.01 -177593 14593.8 -192187 0.1449309 
0.202 289.81258 111.45324 131934.57 -177550 14801.2 -192351 0.13700211 
0.203 278.59298 78.902534 131929.67 -177669 14228.2 -191897 0.13839799 
0.204 285.17448 -126.03271 132177.04 -177728 14564.3 -192293 0.13824074 
0.205 285.71449 -79.160942 132133.19 -177577 14591.9 -192169 0.14460664 
0.206 280.37662 145.84476 131870.66 -177675 14319.3 -191995 0.14661095 
0.207 286.30394 56.211503 131946.75 -177567 14622 -192189 0.14463818 
0.208 286.74949 -170.80553 132208.15 -177537 14644.8 -192182 0.14149034 
0.209 283.57195 -38.92362 132063.42 -177519 14482.5 -192001 0.14300818 
0.21 288.13268 158.256 131827.37 -177433 14715.4 -192148 0.14206379 
0.211 288.03665 -28.065927 132024.37 -177525 14710.5 -192235 0.14617923 
0.212 284.67578 -215.26287 132233.07 -177720 14538.9 -192258 0.14522748 
0.213 281.66895 104.52221 131917.03 -177835 14385.3 -192220 0.14326418 
0.214 279.08058 216.78145 131739.68 -177827 14253.1 -192080 0.1431483 
0.215 284.18998 -134.39569 132177.79 -177661 14514.1 -192175 0.13750846 
0.216 283.43077 -223.10865 132295.22 -177677 14475.3 -192152 0.13680173 
0.217 285.16173 247.05322 131690.88 -177624 14563.7 -192188 0.14624683 
0.218 282.55681 244.11636 131695.57 -177623 14430.6 -192054 0.14611892 
0.219 283.93103 -356.4987 132395.94 -177491 14500.8 -191991 0.14929977 
0.22 281.76001 -233.60352 132232.9 -177562 14389.9 -191952 0.14253775 
0.221 285.49817 435.96975 131468.22 -177786 14580.9 -192367 0.13905242 
0.222 283.09617 129.9196 131820.31 -177710 14458.2 -192168 0.14709813 
0.223 284.95022 -482.17909 132568.77 -177415 14552.9 -191968 0.14596446 
0.224 287.0775 -31.363716 132057.31 -177275 14661.5 -191937 0.14793702 
0.225 289.82247 447.67367 131473.15 -177388 14801.7 -192189 0.14564822 
0.226 287.81799 -56.922645 132081.81 -177470 14699.3 -192169 0.14251916 
0.227 284.94526 -450.52875 132491.58 -177670 14552.6 -192222 0.14601848 
0.228 288.33763 190.15811 131808.57 -177611 14725.9 -192337 0.13972972 
0.229 285.27602 391.75528 131600.52 -177495 14569.5 -192064 0.14490225 
0.23 287.9951 -189.48182 132314.54 -177485 14708.4 -192193 0.1430215 
0.231 281.23711 -308.09978 132363.02 -177581 14363.2 -191944 0.14111608 
0.232 283.94787 248.38225 131692.53 -177529 14501.7 -192030 0.14643695 
0.233 286.63563 193.27464 131772.35 -177557 14639 -192195 0.14234022 
0.234 289.82022 -252.41343 132340.13 -177400 14801.6 -192202 0.14370382 
0.235 288.80256 -104.11126 132171.51 -177323 14749.6 -192072 0.14388638 
0.236 284.90077 225.92199 131734.7 -177215 14550.4 -191765 0.14011363 
0.237 286.18219 27.288061 132005.07 -176926 14615.8 -191542 0.14566604 
0.238 286.52393 -274.56874 132371 -176820 14633.3 -191453 0.14908979 
0.239 293.11841 1.2857817 132080.29 -176700 14970 -191670 0.148141 
0.24 290.29896 200.91696 131813.3 -176724 14826 -191550 0.15187222 
0.241 294.09648 -37.177461 132114.64 -176737 15020 -191757 0.14514737 
0.242 294.50262 -212.70816 132309.39 -176658 15040.7 -191699 0.14700672 
0.243 291.85444 71.196496 131982.61 -176897 14905.5 -191803 0.14278489 
0.244 284.05562 197.02968 131850.48 -176667 14507.2 -191175 0.14884568 
0.245 294.48039 -117.69632 132222.38 -176574 15039.6 -191614 0.1527639 
0.246 288.61535 -185.46797 132263.79 -176721 14740.1 -191461 0.15197115 
0.247 293.20625 152.98277 131881.16 -176772 14974.5 -191747 0.14582479 
0.248 295.95785 165.10323 131912.23 -176866 15115.1 -191981 0.13820313 
0.249 287.83421 -195.28728 132271.17 -176777 14700.2 -191477 0.14676182 
0.25 290.2423 -63.629353 132149.96 -176769 14823.2 -191592 0.15249077 
0.251 292.25589 173.35685 131817.83 -176923 14926 -191849 0.15174483 
0.252 285.89195 26.790519 132005.49 -176916 14601 -191517 0.148892 
0.253 295.02057 -172.99455 132289.29 -177003 15067.2 -192070 0.13658984 
0.254 285.13403 24.316973 132021.71 -177033 14562.3 -191595 0.14417767 
0.255 295.12628 199.23919 131790.4 -176821 15072.6 -191894 0.15149298 
0.256 292.92992 -65.086873 132095.97 -176916 14960.4 -191876 0.14843956 
0.257 289.90169 -214.61823 132257.31 -176758 14805.8 -191564 0.15033326 
0.258 290.40494 121.26234 131930.74 -176766 14831.5 -191597 0.14451091 
0.259 291.68234 128.8139 131855.98 -176766 14896.7 -191663 0.15025313 
0.26 297.5537 -96.949501 132206.79 -176573 15196.6 -191769 0.14690258 
0.261 296.33239 -141.93671 132209.37 -176446 15134.2 -191580 0.14885415 
0.262 295.44003 226.29631 131833.92 -176395 15088.6 -191484 0.14819472 
0.263 293.88156 100.33343 131976.22 -176557 15009 -191566 0.14877627 
0.264 295.23244 -238.41935 132363.86 -176638 15078 -191716 0.14690148 
0.265 295.95655 2.5863071 132111.1 -176666 15115 -191781 0.14318974 
0.266 297.52142 282.58797 131768.77 -176708 15194.9 -191903 0.1439296 
0.267 292.23995 -59.741145 132129.73 -176800 14925.2 -191725 0.14995529 
0.268 290.61611 -264.32755 132385 -176935 14842.2 -191777 0.14701412 
0.269 290.12824 81.171162 131964.86 -176876 14817.3 -191693 0.14301797 
0.27 297.01353 253.14262 131794.14 -176844 15169 -192013 0.13734837 
0.271 292.63846 -160.9965 132292.93 -176874 14945.5 -191819 0.14244657 
0.272 287.89518 -224.03741 132333.53 -176972 14703.3 -191676 0.14705998 
0.273 293.52062 254.43176 131777.72 -176953 14990.6 -191943 0.14520472 
0.274 293.13584 176.72804 131875.66 -176732 14970.9 -191703 0.14230785 
0.275 294.55131 -323.21254 132483.29 -176738 15043.2 -191781 0.14163709 
0.276 288.14966 -134.91219 132221.95 -176870 14716.3 -191587 0.14492071 
0.277 291.7347 459.67201 131562.02 -176953 14899.4 -191852 0.14400309 
0.278 288.55644 10.134375 132004.89 -177099 14737.1 -191836 0.14366364 
0.279 288.87093 -486.28641 132640.39 -176974 14753.1 -191728 0.14487627 
0.28 292.48214 122.53689 131950.74 -176917 14937.5 -191854 0.14116135 
0.281 287.22101 581.71626 131357.3 -177013 14668.9 -191682 0.14707447 
0.282 289.54171 -225.21622 132276.04 -177048 14787.4 -191835 0.1456499 
0.283 288.26389 -586.77328 132671.04 -177052 14722.1 -191774 0.14817826 
0.284 294.04717 371.77501 131626.6 -176882 15017.5 -191900 0.1467249 
0.285 292.31956 484.52431 131487.37 -176863 14929.2 -191792 0.14757852 
0.286 285.50274 -401.22093 132533.8 -177012 14581.1 -191593 0.1457743 
0.287 288.81327 -345.69709 132453.79 -177098 14750.2 -191848 0.1439508 
0.288 290.60709 435.04279 131556.33 -176955 14841.8 -191797 0.14427621 
0.289 297.02019 233.61491 131796.1 -177025 15169.3 -192194 0.14573293 
0.29 290.71409 -378.14508 132479.79 -177075 14847.2 -191923 0.14542448 
0.291 285.64504 -45.237667 132137.41 -177234 14588.4 -191823 0.13961764 
0.292 286.78774 347.23917 131633.33 -177208 14646.7 -191854 0.14126512 
0.293 294.09797 18.725745 132009.89 -177139 15020.1 -192159 0.14336165 
0.294 281.37128 -297.14379 132370.94 -177259 14370.1 -191629 0.14809905 
0.295 288.18613 35.880522 131993.25 -177364 14718.1 -192082 0.14331911 
0.296 289.56588 259.33822 131752.75 -177365 14788.6 -192154 0.13918906 
0.297 291.12304 -71.063884 132136.82 -177146 14868.1 -192014 0.14169464 
0.298 295.21419 -158.19182 132315.23 -177133 15077.1 -192210 0.13990361 
0.299 290.80793 128.14491 131927.67 -177075 14852 -191927 0.14192869 
0.3 288.24426 188.70646 131815.54 -177032 14721.1 -191753 0.14526612 
0.301 289.63062 -124.72406 132209.09 -176928 14791.9 -191720 0.14520904 
0.302 284.51525 -228.95977 132250.9 -176802 14530.7 -191332 0.15506744 
0.303 288.99365 112.74975 131861.27 -176960 14759.4 -191720 0.14691224 
0.304 296.67667 176.07944 131899.57 -176728 15151.8 -191880 0.13991952 
0.305 292.84437 -189.19437 132286.06 -176890 14956 -191846 0.14489621 
0.306 288.51596 -99.070258 132180.23 -176905 14735 -191640 0.14569011 
0.307 292.17985 171.22034 131829.52 -176900 14922.1 -191822 0.14713879 
0.308 295.32249 63.019662 131984.36 -176871 15082.6 -191954 0.14679762 
0.309 292.56181 -184.90949 132294.68 -176871 14941.6 -191812 0.14299785 
0.31 291.59586 -12.639578 132071.54 -176937 14892.3 -191830 0.14509906 
0.311 292.41309 209.15982 131783.06 -176957 14934 -191891 0.14457414 
0.312 291.39331 -18.992629 132068.26 -176828 14881.9 -191710 0.14567952 
0.313 290.22888 -213.93602 132326.85 -176920 14822.5 -191742 0.14630805 
0.314 288.91727 32.753554 132025.11 -176799 14755.5 -191554 0.14862097 
0.315 291.19797 206.65004 131850.59 -176697 14872 -191569 0.14603378 
0.316 291.39785 -93.845693 132198.45 -176720 14882.2 -191602 0.1441467 
0.317 297.70486 -150.34182 132310.6 -176553 15204.3 -191757 0.13930598 
0.318 295.66276 109.08292 131959.97 -176472 15100 -191572 0.14653432 
0.319 292.23784 112.12342 131912.65 -176579 14925.1 -191504 0.14974374 
0.32 293.17345 -139.87595 132236.11 -176599 14972.9 -191572 0.14524316 
0.321 293.64175 -103.87171 132189.28 -176620 14996.8 -191617 0.14611792 
0.322 298.51542 210.95411 131876.49 -176554 15245.7 -191799 0.1434299 
0.323 289.64591 5.9833506 131998.05 -176765 14792.7 -191557 0.14831943 
0.324 291.08943 -198.91788 132294.83 -176814 14866.4 -191680 0.14541282 
0.325 291.52535 -11.507653 132093.02 -176798 14888.7 -191687 0.14290312 
0.326 285.0981 228.30193 131816.85 -176888 14560.4 -191448 0.14817803 
0.327 291.8861 -4.1300054 132076.3 -176973 14907.1 -191880 0.14188633 
0.328 290.26932 -137.19332 132266.86 -177080 14824.5 -191905 0.14215827 
0.329 290.12333 63.207428 131962.57 -176970 14817.1 -191787 0.14722944 
0.33 289.12463 152.7412 131845.38 -176957 14766.1 -191723 0.14663668 
0.331 293.61946 -104.76376 132191.4 -177091 14995.6 -192087 0.14381702 
0.332 295.02634 -113.2661 132232.78 -177067 15067.5 -192135 0.13892417 
0.333 289.36779 151.93972 131883.38 -177131 14778.5 -191909 0.1431608 
0.334 286.30742 120.22368 131931.69 -177031 14622.2 -191653 0.14824289 
0.335 288.52832 -143.51643 132265.05 -177110 14735.6 -191846 0.14550544 
0.336 285.29546 -102.72301 132136.05 -177187 14570.5 -191758 0.15066242 
0.337 286.27536 225.48793 131800.02 -177319 14620.6 -191939 0.1413683 
0.338 291.96881 40.618077 132012.44 -177152 14911.3 -192063 0.13994821 
0.339 291.94847 -210.01576 132320.14 -176942 14910.3 -191853 0.14631749 
0.34 289.81689 -20.057779 132063.89 -176928 14801.4 -191730 0.14221409 
0.341 290.0798 235.44959 131803.31 -177217 14814.9 -192032 0.13796162 
0.342 290.76399 -21.519795 132114.11 -176996 14849.8 -191846 0.14037718 
0.343 290.40927 -239.66212 132312.23 -176937 14831.7 -191769 0.14439776 
0.344 294.87347 89.956063 131954.61 -176814 15059.7 -191874 0.14641358 
0.345 291.01974 160.27912 131841.14 -176997 14862.9 -191859 0.1434635 
0.346 289.68178 -125.9539 132217.05 -177018 14794.5 -191812 0.13965921 
0.347 287.6246 -159.72202 132237.72 -177168 14689.5 -191857 0.14718894 
0.348 288.95308 205.47745 131821.44 -177217 14757.3 -191974 0.14298722 
0.349 293.11709 178.32723 131874.53 -177091 14970 -192061 0.14139244 
0.35 291.39842 -255.74418 132336.87 -176926 14882.2 -191808 0.14609748 
0.351 284.85249 -112.78859 132175.63 -176910 14547.9 -191458 0.14901614 
0.352 291.34725 283.78936 131722.84 -176938 14879.6 -191818 0.15056647 
0.353 290.58239 75.473272 131993.41 -176833 14840.5 -191673 0.14605897 
0.354 288.50354 -323.9038 132405.47 -176914 14734.4 -191648 0.14606423 
0.355 288.55206 49.130628 131951.41 -177084 14736.8 -191820 0.14794291 
0.356 285.07331 394.60901 131543.79 -177099 14559.2 -191658 0.15088964 
0.357 290.27775 -108.08234 132143.63 -176989 14825 -191814 0.15133652 
0.358 290.27832 -392.80222 132482.46 -176894 14825 -191719 0.14849466 
0.359 292.70258 175.38241 131790 -176950 14948.8 -191899 0.14656675 
0.36 285.82121 349.76032 131613.4 -177078 14597.4 -191675 0.14779288 
0.361 284.0325 -248.04604 132376.63 -177210 14506 -191716 0.14335212 
0.362 285.4507 -286.15025 132391.51 -177110 14578.4 -191688 0.14715285 
0.363 288.76949 365.56634 131643.26 -177015 14747.9 -191763 0.14426942 
0.364 291.27931 187.45389 131801.97 -177299 14876.1 -192175 0.14175562 
0.365 283.87927 -354.7113 132458.57 -177315 14498.2 -191813 0.14573523 
0.366 291.16578 -136.50867 132184.5 -177400 14870.3 -192270 0.14312154 
0.367 283.93878 310.11292 131614.94 -177313 14501.2 -191814 0.150902 
0.368 291.84203 64.135991 131949.66 -177261 14904.9 -192166 0.14480854 
0.369 288.75358 -306.54664 132370.54 -177259 14747.1 -192006 0.14749855 
0.37 289.65524 -0.79738804 131980.23 -177405 14793.2 -192198 0.14785139 
0.371 284.27098 261.37159 131688.91 -177429 14518.2 -191947 0.14733316 
0.372 289.87828 -38.672579 132039.32 -177306 14804.6 -192111 0.15271069 
0.373 282.97139 -180.71672 132212.95 -177340 14451.8 -191792 0.15286718 
0.374 285.39676 55.952008 131914.6 -177392 14575.7 -191968 0.14659232 
0.375 282.2964 131.7842 131823.22 -177264 14417.3 -191681 0.15037753 
0.376 288.58747 -57.934184 132117.26 -177176 14738.6 -191914 0.14384339 
0.377 287.72371 -130.53044 132184.12 -177159 14694.5 -191854 0.14940825 
0.378 288.86151 62.860558 131933.36 -177051 14752.6 -191803 0.14719292 
0.379 288.57639 124.83628 131920.32 -176943 14738.1 -191681 0.14685353 
0.38 291.19284 -109.96024 132163.28 -176926 14871.7 -191798 0.1473195 
0.381 292.73012 -92.524856 132134.84 -177020 14950.2 -191970 0.13997679 
0.382 291.50397 175.90225 131906.37 -176907 14887.6 -191794 0.14339696 
0.383 289.82325 24.836119 131981.31 -176860 14801.8 -191662 0.14898794 
0.384 294.42386 -133.39398 132161.14 -176837 15036.7 -191874 0.14692815 
0.385 290.30326 -12.124978 132054.25 -176874 14826.3 -191701 0.14580532 
0.386 287.02209 78.327997 131927.46 -177061 14658.7 -191720 0.14261321 
0.387 294.78117 26.220272 132032.53 -176970 15055 -192025 0.14265835 
0.388 291.6634 -61.538053 132113.03 -177081 14895.7 -191977 0.14774817 
0.389 287.34269 -5.1670456 131981.22 -177117 14675.1 -191792 0.15138641 
0.39 287.28525 110.70583 131925.36 -177127 14672.1 -191799 0.1490505 
0.391 289.01259 -28.746776 132060.86 -177084 14760.3 -191844 0.14273274 
0.392 285.02891 -79.476205 132092.13 -177194 14556.9 -191751 0.14771677 
0.393 289.54337 55.497742 131932.81 -177226 14787.5 -192014 0.1504288 
0.394 290.02397 92.217428 131926.6 -177138 14812 -191950 0.14931642 
0.395 289.75448 -60.328494 132136.26 -177121 14798.2 -191919 0.1485282 
0.396 287.1541 -96.144439 132133.39 -177138 14665.4 -191803 0.14619606 
0.397 288.95142 96.66334 131918.19 -176953 14757.2 -191710 0.14406101 
0.398 290.03251 91.727601 131967.98 -176946 14812.4 -191758 0.14518109 
0.399 292.76304 -151.38652 132201.86 -177028 14951.9 -191980 0.14645269 
0.4 289.13935 -33.95706 132070.99 -176940 14766.8 -191707 0.14707364 
0.401 296.5062 207.74016 131847.44 -176763 15143.1 -191906 0.1420249 
0.402 287.62284 -1.8668596 132087.39 -176707 14689.4 -191396 0.14520686 
0.403 293.41166 -191.31378 132277.37 -176786 14985 -191771 0.14229929 
0.404 295.76088 67.594416 131978.45 -176583 15105 -191688 0.14663268 
0.405 292.46389 153.87808 131868.2 -176804 14936.6 -191741 0.14688534 
0.406 292.05 -100.08036 132220.63 -176724 14915.5 -191640 0.14609254 
0.407 297.74989 -169.78806 132306.4 -176606 15206.6 -191813 0.1460126 
0.408 291.58484 136.70643 131950.07 -176678 14891.7 -191569 0.14369976 
0.409 294.71473 136.97645 131886.48 -176710 15051.6 -191762 0.14613027 
0.41 292.41933 -166.91374 132246.86 -176592 14934.3 -191527 0.15245473 
0.411 290.95226 -139.22544 132245.87 -176772 14859.4 -191631 0.15150833 
0.412 287.11932 228.19304 131834.92 -176803 14663.7 -191466 0.14864692 
0.413 285.74378 99.952682 131890.51 -176916 14593.4 -191510 0.14724896 
0.414 293.71182 -206.64691 132302 -177081 15000.3 -192081 0.14348183 
0.415 289.59238 -66.73489 132158.82 -177025 14790 -191815 0.14720702 
0.416 292.71306 268.80524 131771.32 -177090 14949.3 -192039 0.14563572 
0.417 289.65281 60.409018 132013.63 -177201 14793 -191994 0.14087713 
0.418 290.60519 -266.24315 132364.42 -177249 14841.7 -192091 0.13940423 
0.419 289.45599 12.827011 132049.86 -177032 14783 -191815 0.14394904 
0.42 291.02582 263.07501 131751.38 -177145 14863.2 -192008 0.14317955 
0.421 294.00121 -17.018377 132111.72 -177080 15015.1 -192095 0.14310889 
0.422 290.31162 -247.47834 132380.5 -177149 14826.7 -191975 0.14177896 
0.423 288.73577 71.78503 131961.97 -177109 14746.2 -191855 0.14039332 
0.424 289.76364 279.92356 131759.63 -177182 14798.7 -191981 0.14286677 
0.425 294.17481 -174.98948 132228.92 -177018 15024 -192042 0.14495732 
0.426 289.58377 -240.88528 132298.64 -176887 14789.5 -191677 0.1532997 
0.427 291.12195 220.08924 131831.07 -176809 14868.1 -191677 0.1471126 
0.428 291.19437 110.51231 131925.13 -176841 14871.8 -191713 0.14844952 
0.429 292.68925 -238.09337 132357.42 -176856 14948.1 -191804 0.14561638 
0.43 292.64131 -61.621604 132162.96 -176697 14945.7 -191643 0.14901305 
0.431 290.22838 269.42182 131746.48 -176738 14822.4 -191560 0.15257885 
0.432 290.89398 2.3969873 132018.8 -176735 14856.4 -191592 0.15327637 
0.433 296.98807 -237.54189 132386.27 -176666 15167.7 -191834 0.14613653 
0.434 294.74195 0.068064015 132056.17 -176829 15053 -191881 0.14303026 
0.435 296.11725 307.27161 131737.82 -176897 15123.2 -192020 0.14007652 
0.436 290.77399 -45.743666 132102.25 -176803 14850.3 -191654 0.14884888 
0.437 293.30734 -224.37161 132339.23 -176681 14979.7 -191661 0.14609773 
0.438 291.23971 85.064511 131943.93 -176883 14874.1 -191757 0.14589853 
0.439 290.85567 225.61169 131814.76 -176945 14854.5 -191800 0.14045966 
0.44 290.15534 -169.58782 132268.48 -176779 14818.7 -191598 0.14117654 
0.441 287.65631 -224.93625 132321.94 -176881 14691.1 -191572 0.14891677 
0.442 293.51277 195.28008 131828.5 -176832 14990.2 -191822 0.14420682 
0.443 292.3787 185.32802 131857.2 -176914 14932.3 -191846 0.1454791 
0.444 288.11336 -248.59115 132340.07 -176902 14714.4 -191616 0.14724284 
0.445 291.42659 -92.97584 132231.62 -176959 14883.6 -191843 0.14116 
0.446 291.65534 252.34439 131780.74 -176853 14895.3 -191748 0.14549625 
0.447 294.66688 100.59137 131962.78 -176728 15049.1 -191777 0.14537787 
0.448 285.84031 -286.70172 132366.45 -176839 14598.3 -191438 0.1536881 
0.449 291.3484 -38.663546 132129.33 -176926 14879.6 -191806 0.14902142 
0.45 295.23869 278.06044 131811.21 -176984 15078.3 -192062 0.14067519 
0.451 291.16394 -17.375974 132093.28 -177165 14870.2 -192035 0.14185858 
0.452 287.73134 -183.00043 132283.32 -177269 14694.9 -191964 0.1415621 
0.453 288.07892 86.642556 131972.04 -177208 14712.7 -191921 0.14500111 
0.454 284.85067 139.93408 131897.67 -177271 14547.8 -191819 0.14425796 
0.455 285.95123 -110.66104 132169.4 -177272 14604 -191876 0.13971384 
0.456 290.12359 -61.01112 132149.82 -177323 14817.1 -192140 0.13676696 
0.457 287.90724 82.75313 131913.89 -177293 14703.9 -191997 0.14003859 
0.458 285.56489 45.993853 131976.35 -177320 14584.3 -191905 0.14117508 
0.459 286.66948 -105.2031 132168.03 -177208 14640.7 -191849 0.14262157 
0.46 294.22077 -13.671951 132068.1 -177269 15026.3 -192295 0.13780848 
0.461 286.32392 96.492909 131901.23 -177347 14623 -191970 0.14059046 
0.462 292.75843 22.424616 132007.96 -177170 14951.7 -192121 0.14121916 
0.463 292.03708 -44.075522 132150.4 -177388 14914.8 -192303 0.13503838 
0.464 284.55571 46.224455 132011.75 -177283 14532.7 -191815 0.14280644 
0.465 290.18383 148.26964 131933.07 -177007 14820.2 -191827 0.14627603 
0.466 286.55367 -77.488028 132104.4 -177015 14634.8 -191650 0.14947891 
0.467 288.44238 -80.691558 132118.8 -177014 14731.2 -191745 0.14874041 
0.468 291.32173 108.77488 131963.26 -176939 14878.3 -191817 0.14386243 
0.469 284.84721 0.46105904 132017.64 -176937 14547.6 -191485 0.15315279 
0.47 290.27535 -111.04937 132161.2 -176952 14824.8 -191776 0.15496251 
0.471 281.45615 5.2720106 132066.2 -177257 14374.4 -191632 0.14851675 
0.472 285.69886 93.776401 131932.21 -177198 14591.1 -191789 0.14628667 
0.473 286.23781 -5.473199 132057.91 -177176 14618.6 -191795 0.14387109 
0.474 289.26087 -104.44006 132169.04 -177400 14773 -192173 0.14299289 
0.475 281.11687 -9.6864063 132008.27 -177429 14357.1 -191786 0.15101409 
0.476 289.27853 134.977 131915.2 -177434 14773.9 -192208 0.13901187 
0.477 286.49867 -30.27141 132080.61 -177505 14632 -192137 0.14202126 
0.478 292.0373 -89.809535 132111.02 -177335 14914.8 -192250 0.14178823 
0.479 291.08489 84.782816 131948.26 -177195 14866.2 -192061 0.13964984 
0.48 285.30106 25.065932 132001.66 -177180 14570.8 -191751 0.14242376 
0.481 291.54501 -84.631695 132153.13 -177300 14889.7 -192190 0.14139389 
0.482 287.05956 -49.08704 132067.89 -177280 14660.6 -191941 0.14531297 
0.483 291.63942 106.4394 131888.49 -177333 14894.5 -192227 0.14360229 
0.484 287.15647 34.574444 131964.52 -177542 14665.6 -192207 0.13830129 
0.485 282.74523 -72.136569 132118.5 -177479 14440.3 -191919 0.14172704 
0.486 286.54828 -1.7249162 132019.58 -177439 14634.5 -192074 0.14534348 
0.487 286.62817 146.92823 131868.74 -177265 14638.6 -191904 0.15051146 
0.488 294.7155 -34.540992 132082.89 -177162 15051.6 -192213 0.14696698 
0.489 288.13817 -168.15797 132246.39 -177139 14715.7 -191855 0.1462438 
0.49 293.84659 88.769289 131970.3 -177030 15007.2 -192037 0.14189529 
0.491 288.23464 170.65308 131844.25 -177075 14720.6 -191795 0.15229684 
0.492 292.89662 -105.88707 132212.86 -176800 14958.7 -191759 0.14929827 
0.493 288.61181 -201.79356 132308.44 -176991 14739.9 -191731 0.15168961 
0.494 294.76254 140.2581 131865.58 -176847 15054 -191901 0.14868011 
0.495 288.53994 199.50069 131841.75 -176858 14736.2 -191594 0.14915862 
0.496 293.07071 -224.82977 132288.67 -177132 14967.6 -192099 0.14701192 
0.497 279.51722 -145.96722 132161.96 -177477 14275.4 -191752 0.15170257 
0.498 285.01119 232.39144 131676.22 -177564 14556 -192120 0.14775424 
0.499 283.25965 132.55132 131873.11 -177432 14466.5 -191899 0.1451991 
0.5 285.16001 -269.1525 132355.16 -177455 14563.6 -192019 0.14346332 
0.501 286.81305 -42.847189 132046.64 -177297 14648 -191945 0.14346048 
0.502 288.85607 316.09651 131634.95 -177214 14752.4 -191966 0.14604831 
0.503 294.75654 -14.459172 132054.41 -177048 15053.7 -192102 0.14861213 
0.504 288.4717 -351.28945 132428.58 -177165 14732.7 -191898 0.15012166 
0.505 288.29257 69.197606 131937.28 -177131 14723.6 -191855 0.14618902 
0.506 290.46321 339.21456 131661.81 -176996 14834.4 -191830 0.14605822 
0.507 292.6772 -131.90354 132197.41 -177083 14947.5 -192031 0.14973427 
0.508 293.20855 -261.80313 132335.98 -177115 14974.6 -192089 0.14848083 
0.509 288.7497 205.43963 131811.85 -176994 14746.9 -191741 0.15199239 
0.51 288.09469 194.03497 131803.64 -177037 14713.5 -191751 0.14802016 
0.511 288.74039 -211.9492 132322.98 -176967 14746.4 -191713 0.14616992 
0.512 295.432 -140.31847 132235.24 -176762 15088.2 -191850 0.1514815 
0.513 289.22519 239.11132 131768.25 -176773 14771.2 -191544 0.15453241 
0.514 294.43335 110.23351 131935.48 -176853 15037.2 -191890 0.15206834 
0.515 286.05011 -287.09698 132342.61 -176823 14609.1 -191432 0.15216086 
0.516 288.25154 -25.180776 132106.69 -176750 14721.5 -191471 0.14797283 
0.517 294.65111 276.37695 131778.99 -176874 15048.3 -191923 0.14394156 
0.518 291.67001 2.9826167 132076.82 -176900 14896.1 -191796 0.14749126 
0.519 293.19982 -199.58718 132324.14 -176886 14974.2 -191860 0.14925762 
0.52 295.306 71.281994 132025.93 -176938 15081.8 -192020 0.13995195 
0.521 294.31153 216.28852 131864.12 -176976 15031 -192007 0.13779726 
0.522 292.97627 -57.135519 132149.55 -177063 14962.8 -192026 0.13792944 
0.523 283.64758 -162.87128 132214.18 -177016 14486.3 -191503 0.14954942 
0.524 291.02043 88.289909 131918.07 -177000 14862.9 -191863 0.14674632 
0.525 290.33411 115.34517 131928.71 -177124 14827.8 -191952 0.1439848 
0.526 291.99838 -142.42392 132197.74 -177115 14912.8 -192028 0.14225502 
0.527 293.26726 -70.798352 132101.64 -177087 14977.6 -192065 0.1421652 
0.528 291.05305 136.75395 131871.35 -177066 14864.6 -191931 0.14490652 
0.529 290.94026 27.690713 132008.74 -177153 14858.8 -192011 0.14829865 
0.53 293.19246 -109.60524 132156.13 -176982 14973.8 -191956 0.15209892 
0.531 291.62489 47.73187 132000.74 -176906 14893.8 -191800 0.14742854 
0.532 287.52822 91.775829 131907.01 -177031 14684.5 -191716 0.1461074 
0.533 293.52752 -11.63879 132064.72 -177036 14990.9 -192027 0.14549057 
0.534 291.31979 -48.155477 132102.09 -177010 14878.2 -191888 0.1509533 
0.535 294.63468 41.199321 131972.57 -176838 15047.5 -191886 0.1555622 
0.536 294.3929 88.537187 131986.87 -176793 15035.1 -191828 0.14993722 
0.537 295.15061 -40.99404 132107.87 -176821 15073.8 -191895 0.14570218 
0.538 287.03976 -58.898793 132056.49 -176727 14659.6 -191386 0.15395306 
0.539 294.13273 122.37461 131934.93 -176815 15021.8 -191837 0.14580681 
0.54 295.14743 34.679672 132033.11 -176723 15073.7 -191796 0.14868716 
0.541 289.61618 -64.957855 132120.45 -176857 14791.2 -191649 0.14885346 
0.542 291.18124 -4.4816158 132011.52 -176849 14871.1 -191720 0.14359164 
0.543 292.33716 58.393757 131955.38 -176755 14930.1 -191685 0.14615351 
0.544 290.88256 -77.297329 132090.46 -176823 14855.9 -191679 0.14723701 
0.545 290.67205 -34.176103 132116.96 -176961 14845.1 -191806 0.1464021 
0.546 289.45215 37.529567 131983.02 -177000 14782.8 -191783 0.15080946 
0.547 287.39184 31.510437 131967.53 -176912 14677.6 -191589 0.15060752 
0.548 289.94285 -30.905715 132095.98 -176772 14807.9 -191580 0.14753669 
0.549 292.74647 -75.968841 132113.76 -176992 14951 -191943 0.14788192 
0.55 296.25591 77.763554 132007.59 -176724 15130.3 -191854 0.14959451 
0.551 290.20604 42.641084 132058.2 -176678 14821.3 -191499 0.15799162 
0.552 288.47694 -28.902592 132193.83 -176888 14733 -191621 0.14942021 
0.553 290.046 -51.294135 132089.64 -177186 14813.1 -191999 0.14817897 
0.554 289.18346 121.68143 131912.88 -177166 14769.1 -191935 0.14479784 
0.555 284.86212 23.116188 132052.11 -177173 14548.4 -191721 0.14824714 
0.556 280.10313 -127.2008 132212.02 -177095 14305.3 -191400 0.15350072 
0.557 288.07187 -1.4698153 132071.76 -177311 14712.3 -192023 0.14866334 
0.558 287.64032 105.00595 131941.73 -177495 14690.3 -192186 0.13927679 
0.559 283.39281 -25.638796 132066.29 -177627 14473.3 -192100 0.13949384 
0.56 285.16828 -68.518751 132127.01 -177626 14564 -192190 0.13683444 
0.561 289.41489 36.843351 131996.13 -177431 14780.9 -192212 0.14481849 
0.562 287.58445 83.387428 131979.58 -177342 14687.4 -192029 0.14289938 
0.563 291.51937 -62.281534 132140.1 -177244 14888.4 -192133 0.14173246 
0.564 285.35633 -50.023147 132150.84 -177314 14573.6 -191887 0.1382511 
0.565 294.8957 85.897489 131991.35 -177231 15060.8 -192292 0.13535212 
0.566 285.88898 44.146052 132005.31 -177362 14600.8 -191963 0.14070023 
0.567 288.89113 -56.689161 132147.51 -177285 14754.1 -192039 0.14673482 
0.568 292.9098 -25.647881 132110.13 -177304 14959.4 -192263 0.14309827 
0.569 287.43971 65.858938 131958.34 -177238 14680 -191918 0.14551317 
0.57 289.98462 55.053912 132026.46 -177182 14810 -191992 0.13934383 
0.571 289.70426 -97.833659 132172.16 -177232 14795.7 -192028 0.14375245 
0.572 283.03857 -3.3856631 132062.51 -176997 14455.2 -191452 0.15767899 
0.573 286.87485 117.11129 131951.31 -176903 14651.2 -191555 0.15462024 
0.574 289.36317 -87.045264 132135.95 -176788 14778.3 -191566 0.15324023 
0.575 292.58674 -149.1733 132209.81 -176884 14942.9 -191827 0.14714958 
0.576 291.47926 97.872435 131958.77 -176996 14886.3 -191882 0.14351429 
0.577 285.62949 111.82746 131941.08 -177062 14587.6 -191650 0.14765693 
0.578 289.31973 -136.60478 132226.37 -176973 14776 -191749 0.14731264 
0.579 288.46469 -101.49965 132175.69 -177045 14732.4 -191778 0.14785788 
0.58 290.78839 211.69659 131864.63 -177006 14851 -191857 0.14087092 
0.581 291.59096 74.738067 132014.41 -177074 14892 -191966 0.13473878 
0.582 292.39948 -238.72724 132345.05 -177272 14933.3 -192205 0.13691146 
0.583 290.21954 31.922889 132047.48 -177341 14822 -192163 0.13785794 
0.584 290.42378 297.3314 131737.35 -177126 14832.4 -191958 0.14271724 
0.585 286.11106 -102.95657 132152.76 -177215 14612.2 -191828 0.14267443 
0.586 287.58036 -247.83504 132375.07 -177197 14687.2 -191884 0.13904135 
0.587 284.04958 150.42852 131894.26 -177247 14506.9 -191754 0.13775556 
0.588 288.01243 281.71772 131749.34 -177139 14709.3 -191848 0.14533323 
0.589 289.55362 -187.64493 132297.91 -176991 14788 -191779 0.15102539 
0.59 293.29496 -252.65299 132370.45 -176944 14979.1 -191923 0.1507784 
0.591 291.13516 291.18638 131761.92 -177110 14868.8 -191979 0.14504147 
0.592 287.06422 204.76212 131804.42 -177256 14660.8 -191917 0.14680126 
0.593 283.56064 -310.8339 132409.22 -177360 14481.9 -191842 0.15304899 
0.594 284.28441 -152.2995 132207.12 -177521 14518.9 -192039 0.15107996 
0.595 289.25891 386.54785 131600.05 -177556 14772.9 -192329 0.14955066 
0.596 284.62172 120.5496 131928.28 -177573 14536.1 -192109 0.14657198 
0.597 281.88047 -373.86416 132474.43 -177692 14396.1 -192088 0.14357309 
0.598 284.15201 9.4781379 132023.9 -177447 14512.1 -191959 0.14527961 
0.599 288.59026 378.21812 131615.79 -177418 14738.8 -192157 0.14543253 
0.6 289.09979 -112.55123 132144.53 -177536 14764.8 -192300 0.14690765 
0.601 288.12252 -311.11035 132394.81 -177415 14714.9 -192130 0.14464664 
0.602 288.68153 148.20875 131850.83 -177568 14743.4 -192312 0.13751696 
0.603 284.32628 237.64646 131747.21 -177508 14521 -192029 0.13678966 
0.604 286.2459 -160.05917 132260.94 -177508 14619.1 -192128 0.13250165 
0.605 288.00245 -157.61234 132246.56 -177454 14708.8 -192163 0.13808067 
0.606 284.01291 200.17215 131814.64 -177485 14505 -191990 0.14311246 
0.607 284.99478 79.172875 131951.83 -177452 14555.2 -192007 0.14242151 
0.608 284.94937 -203.28695 132302.83 -177416 14552.8 -191969 0.13890069 
0.609 285.708 3.9872463 132147.36 -177406 14591.6 -191998 0.1335884 
0.61 287.21441 122.56323 131890.68 -177328 14668.5 -191997 0.1451099 
0.611 285.68222 8.9804906 132065.34 -177222 14590.3 -191812 0.14653358 
0.612 286.56667 -170.6355 132265.78 -177053 14635.4 -191689 0.15198864 
0.613 291.27387 7.5451823 132063.21 -176721 14875.8 -191597 0.14954182 
0.614 291.48829 117.97111 131949.02 -176701 14886.8 -191588 0.14655447 
0.615 294.94768 -37.084507 132150.42 -176856 15063.5 -191920 0.14771007 
0.616 290.58432 -112.89959 132200.64 -176958 14840.6 -191798 0.15374744 
0.617 285.97778 25.758941 131944.71 -177290 14605.4 -191895 0.15580724 
0.618 293.3765 127.71129 131894.21 -177120 14983.2 -192103 0.14876433 
0.619 290.42865 -60.631157 132150.79 -177168 14832.7 -192000 0.1435735 
0.62 293.32114 -94.894609 132153.73 -177081 14980.4 -192061 0.14332207 
0.621 293.25461 125.26569 131894.93 -177038 14977 -192015 0.14542992 
0.622 289.21825 52.029237 131952.26 -177122 14770.9 -191893 0.14697708 
0.623 288.05938 -142.45869 132174.67 -177176 14711.7 -191888 0.14506153 
0.624 288.26158 -19.894474 132071.81 -177200 14722 -191922 0.13952553 
0.625 285.31021 128.48912 131903.33 -177247 14571.3 -191818 0.13749918 
0.626 287.1742 -4.3071478 132043.76 -177204 14666.5 -191870 0.14209143 
0.627 288.23114 -127.1545 132189.33 -177420 14720.4 -192140 0.13741943 
0.628 285.30133 26.915365 132006.16 -177465 14570.8 -192036 0.13810645 
0.629 286.29387 116.18094 131889.59 -177355 14621.5 -191976 0.14085749 
0.63 287.07919 -69.43609 132072.97 -177302 14661.6 -191963 0.14535833 
0.631 289.43964 -89.581845 132145.75 -177188 14782.2 -191970 0.14286514 
0.632 288.80931 86.831827 131954.54 -177315 14750 -192065 0.14236239 
0.633 283.47852 93.834797 131931.57 -177351 14477.7 -191829 0.14409188 
0.634 284.52382 -96.246715 132164.5 -177276 14531.1 -191807 0.14844347 
0.635 291.15129 -121.63752 132188.3 -177365 14869.6 -192235 0.14397957 
0.636 287.66879 123.81242 131926.97 -177500 14691.7 -192191 0.14360439 
0.637 286.44784 127.43972 131939.53 -177468 14629.4 -192098 0.14285724 
0.638 286.73148 -166.91504 132200.99 -177454 14643.8 -192098 0.14649809 
0.639 290.60586 -45.759379 132082.65 -177460 14841.7 -192302 0.14493676 
0.64 285.7497 180.26825 131817.88 -177365 14593.7 -191958 0.14206583 
0.641 281.83181 -13.097844 132010.84 -177239 14393.6 -191633 0.14442379 
0.642 287.71265 -209.29925 132272.63 -177374 14694 -192067 0.14248821 
0.643 285.53478 33.232085 132028.82 -177445 14582.7 -192028 0.1429727 
0.644 282.11973 153.13017 131785.63 -177684 14408.3 -192093 0.14122892 
0.645 281.86973 -55.395133 132060.34 -177760 14395.6 -192156 0.13695092 
0.646 286.84908 -195.06609 132226.49 -177667 14649.9 -192317 0.13635786 
0.647 288.19383 79.880528 131880.55 -177625 14718.5 -192344 0.13805629 
0.648 281.22884 127.62603 131768.82 -177554 14362.8 -191917 0.1462947 
0.649 280.43813 -105.50658 132154.5 -177598 14322.4 -191920 0.14050102 
0.65 284.24198 -186.05929 132197.43 -177690 14516.7 -192207 0.14430726 
0.651 286.4655 211.78824 131772.53 -177702 14630.3 -192332 0.14170907 
0.652 283.13759 151.06444 131813.36 -177680 14460.3 -192140 0.14241243 
0.653 287.0983 -229.09991 132233.23 -177503 14662.6 -192166 0.1477657 
0.654 284.19143 -112.40554 132094.23 -177582 14514.1 -192097 0.14826568 
0.655 286.38791 248.67904 131682.82 -177683 14626.3 -192309 0.14865703 
0.656 281.28021 33.941641 131917.93 -177552 14365.4 -191918 0.15034634 
0.657 284.94717 -288.72708 132290.07 -177584 14552.7 -192137 0.14650425 
0.658 286.49166 67.226796 131944.81 -177529 14631.6 -192160 0.14582032 
0.659 286.87814 326.95425 131677.77 -177431 14651.3 -192083 0.14628953 
0.66 285.55702 -99.956788 132158.54 -177238 14583.9 -191822 0.14940719 
0.661 284.44747 -325.78426 132370.7 -177312 14527.2 -191839 0.1494222 
0.662 284.23235 190.52189 131802.16 -177345 14516.2 -191861 0.14650197 
0.663 287.97715 311.73174 131680.92 -177182 14707.5 -191890 0.14385214 
0.664 292.45465 -262.10942 132321.96 -177094 14936.1 -192031 0.14274112 
0.665 288.12726 -262.70388 132341.2 -177038 14715.1 -191753 0.14548109 
0.666 294.65746 343.97799 131683.12 -176929 15048.6 -191977 0.14496063 
0.667 291.0745 225.22961 131828.59 -176838 14865.7 -191703 0.14444087 
0.668 291.13869 -358.90369 132538.94 -176851 14868.9 -191720 0.14304001 
0.669 292.5323 -149.09091 132255.91 -176965 14940.1 -191905 0.1433279 
0.67 295.52083 502.82435 131538.73 -176774 15092.7 -191866 0.13956053 
0.671 294.02867 93.042071 131979.2 -176831 15016.5 -191848 0.14480616 
0.672 286.88471 -518.59431 132628.73 -176775 14651.7 -191426 0.15361931 
0.673 287.48231 7.813905 132035.69 -176874 14682.2 -191557 0.14940239 
0.674 293.12236 497.51328 131490.09 -177004 14970.2 -191974 0.14712898 
0.675 286.48862 -142.88099 132142.16 -177303 14631.4 -191935 0.15014457 
0.676 287.34687 -390.29686 132488.91 -177227 14675.3 -191902 0.14812585 
0.677 282.53431 163.85318 131830.1 -177297 14429.5 -191726 0.1529901 
0.678 284.64621 365.86846 131650.88 -177188 14537.4 -191725 0.1472124 
0.679 288.1959 -218.96286 132261.35 -177499 14718.6 -192217 0.15043995 
0.68 283.81547 -238.97509 132286.86 -177590 14494.9 -192085 0.14781683 
0.681 286.24805 236.39733 131767.56 -177571 14619.2 -192190 0.14579167 
0.682 289.88098 168.54868 131846.64 -177448 14804.7 -192252 0.143424 
0.683 283.99042 -197.07008 132265.88 -177210 14503.9 -191714 0.14862109 
0.684 289.06358 -70.70019 132153.41 -177265 14763 -192028 0.1443403 
0.685 291.69543 177.76779 131811.46 -177292 14897.4 -192190 0.14284391 
0.686 282.45736 74.332564 131940.72 -177399 14425.6 -191824 0.14231898 
0.687 293.617 -129.43878 132211.15 -177255 14995.5 -192251 0.14365271 
0.688 292.3206 -24.422947 132073.62 -177219 14929.3 -192148 0.14343444 
0.689 287.47875 158.21868 131878.49 -177072 14682 -191754 0.14571564 
0.69 287.39114 4.3898663 132025.14 -177164 14677.5 -191841 0.14362529 
0.691 291.89472 -90.145497 132145.52 -177333 14907.5 -192240 0.14292848 
0.692 291.68353 55.984786 131969.79 -177237 14896.8 -192134 0.14817477 
0.693 287.08733 102.48932 131894.17 -177304 14662 -191966 0.14634218 
0.694 287.51567 -26.924272 132083.68 -177026 14683.9 -191710 0.15041327 
0.695 286.44411 -120.3972 132145.61 -177069 14629.2 -191698 0.15257031 
0.696 288.54876 71.277171 131969.18 -177056 14736.7 -191793 0.1500378 
0.697 289.01496 74.432473 131949.92 -177174 14760.5 -191934 0.15077035 
0.698 290.79827 -64.631052 132118.11 -177105 14851.5 -191957 0.14829429 
0.699 294.73731 -30.592503 132093.15 -176924 15052.7 -191977 0.15015855 
0.7 287.43675 89.834564 131983.73 -176846 14679.9 -191526 0.15368354 
0.701 284.97127 -10.209458 132087.03 -176987 14554 -191541 0.1513499 
0.702 293.56735 -82.514923 132164.34 -177102 14993 -192095 0.14532692 
0.703 288.73831 44.624331 132022.72 -177108 14746.3 -191854 0.14676157 
0.704 286.99674 43.557759 131986.39 -177079 14657.4 -191737 0.15238764 
0.705 289.75805 -56.438111 132135.37 -177244 14798.4 -192042 0.14643573 
0.706 288.95143 -33.686539 132128.21 -177064 14757.2 -191821 0.14365471 
0.707 295.95527 129.33552 131998.24 -177037 15114.9 -192152 0.13583058 
0.708 289.23647 46.082779 132041.3 -176956 14771.8 -191728 0.14310458 
0.709 286.60491 -101.02931 132130.53 -177214 14637.4 -191851 0.14955321 
0.71 284.4326 9.2636881 132023.54 -177215 14526.4 -191741 0.14932462 
0.711 291.82233 113.39823 131950.75 -177284 14903.8 -192188 0.13980927 
0.712 288.52159 -65.061414 132096.59 -177270 14735.3 -192005 0.14215627 
0.713 288.68425 -108.33429 132129.89 -177149 14743.6 -191893 0.14760466 
0.714 286.27991 49.283368 131942.65 -177244 14620.8 -191865 0.1509528 
0.715 288.05838 68.557335 131905.05 -177371 14711.6 -192083 0.15054344 
0.716 286.19817 -89.897068 132106.41 -177320 14616.6 -191937 0.15114176 
0.717 284.38518 -134.23404 132131.82 -177228 14524 -191752 0.15735556 
0.718 286.76321 98.472254 131881.41 -177137 14645.5 -191782 0.15383276 
0.719 287.51971 68.380766 131871.28 -177164 14684.1 -191848 0.15344134 
0.72 285.47401 -132.54099 132157.44 -177089 14579.6 -191669 0.15526993 
0.721 285.79564 -107.90221 132114.24 -176994 14596.1 -191591 0.15454757 
0.722 289.77111 175.50683 131784.25 -176984 14799.1 -191784 0.15567194 
0.723 289.34444 96.374064 131891.66 -176894 14777.3 -191672 0.14983147 
0.724 292.00945 -207.00967 132259.86 -176828 14913.4 -191742 0.14587802 
0.725 289.41061 -100.28893 132089.82 -177001 14780.7 -191782 0.15133589 
0.726 290.68369 241.99533 131729.14 -177118 14845.7 -191963 0.15001066 
0.727 290.94544 -28.176205 131982.27 -177105 14859.1 -191964 0.14792472 
0.728 284.89772 -283.13039 132288.55 -177191 14550.2 -191741 0.14489129 
0.729 286.49172 25.343205 131960.3 -177274 14631.6 -191906 0.14358155 
0.73 286.94812 250.07767 131695.61 -177197 14654.9 -191852 0.1471242 
0.731 281.79763 -98.628335 132086.79 -177325 14391.9 -191717 0.14808692 
0.732 288.54634 -230.71309 132306.16 -177131 14736.5 -191868 0.14598772 
0.733 285.82757 127.91251 131878.68 -176933 14597.7 -191530 0.15066005 
0.734 290.391 211.77559 131786.97 -176786 14830.7 -191617 0.15316866 
0.735 289.36698 -214.40443 132270.74 -176788 14778.4 -191566 0.1557807 
0.736 299.05729 -153.6212 132294.6 -176695 15273.3 -191968 0.14885732 
0.737 294.20644 187.50265 131783.46 -176908 15025.6 -191934 0.1534329 
0.738 291.30304 151.68813 131833.97 -177031 14877.3 -191908 0.15374727 
0.739 284.89285 -320.04568 132307.93 -177198 14549.9 -191748 0.16040555 
0.74 289.66242 -94.386724 132107.72 -177057 14793.5 -191851 0.15439288 
0.741 288.43678 309.41483 131641.59 -177274 14730.9 -192005 0.14884134 
0.742 287.30192 32.276379 131967.75 -177371 14673 -192044 0.14826418 
0.743 284.46119 -356.34477 132388.92 -177248 14527.9 -191776 0.15472627 
0.744 286.28284 36.979408 131984.71 -177302 14620.9 -191923 0.14832661 
0.745 285.38419 294.34619 131652.31 -177329 14575 -191904 0.14763175 
0.746 290.10944 -31.634288 132094.3 -177414 14816.4 -192230 0.13798229 
0.747 284.59081 -325.40652 132321.83 -177493 14534.5 -192027 0.14560629 
0.748 290.02675 200.08467 131806.01 -177414 14812.1 -192226 0.14286195 
0.749 288.51415 248.87883 131703.22 -177471 14734.9 -192206 0.14368019 
0.75 283.4337 -195.98203 132231.98 -177227 14475.4 -191702 0.14833491 
0.751 284.97962 -202.91289 132256.96 -176997 14554.4 -191552 0.15261883 
0.752 292.13634 235.64694 131768.2 -177004 14919.9 -191924 0.14934509 
0.753 289.42105 161.09854 131854.24 -177050 14781.2 -191831 0.14737192 
0.754 289.35802 -273.35714 132332.81 -177011 14778 -191789 0.15439547 
0.755 290.7605 -120.68714 132161.88 -177122 14849.6 -191972 0.15539014 
0.756 290.66991 300.89331 131699.16 -177065 14845 -191910 0.1522053 
0.757 289.70788 47.913499 131981.08 -176772 14795.9 -191568 0.15771204 
0.758 290.94133 -284.34508 132437.86 -176702 14858.9 -191561 0.15337152 
0.759 294.31261 -24.994131 132105.63 -176576 15031 -191607 0.15699542 
0.76 294.13564 317.2199 131731.27 -176681 15022 -191703 0.15762073 
0.761 290.01576 -51.601225 132099.18 -176768 14811.6 -191580 0.1592654 
0.762 286.05918 -282.33643 132368.13 -176923 14609.5 -191532 0.15483739 
0.763 292.91596 97.658443 131950.49 -176886 14959.7 -191846 0.14776042 
0.764 296.75965 256.27066 131785.19 -176640 15156 -191796 0.15070466 
0.765 292.32117 -154.38258 132211.51 -176850 14929.3 -191779 0.15264888 
0.766 293.49103 -182.11533 132249.56 -176615 14989.1 -191604 0.14897372 
0.767 289.20657 156.84845 131862.03 -176811 14770.3 -191582 0.14999639 
0.768 288.72887 125.0157 131888.86 -176977 14745.9 -191723 0.14750472 
0.769 294.5351 -155.39056 132212.54 -177005 15042.4 -192047 0.14817005 
0.77 288.11828 -46.07519 132112.77 -177136 14714.7 -191851 0.14643581 
0.771 286.61978 200.2121 131845 -176944 14638.1 -191582 0.14729391 
0.772 294.83832 53.999642 132016.49 -176875 15057.9 -191933 0.14618312 
0.773 291.77836 -146.61958 132241.49 -176951 14901.6 -191853 0.14849606 
0.774 289.16339 22.093372 132028.81 -177079 14768.1 -191847 0.14920542 
0.775 288.56545 81.375028 131871.14 -176972 14737.5 -191709 0.15501197 
0.776 289.60779 -39.483071 132107.04 -176994 14790.7 -191785 0.14946731 
0.777 293.2041 -104.83865 132237.38 -176798 14974.4 -191773 0.15112877 
0.778 290.75839 39.539362 131997.66 -177058 14849.5 -191907 0.15240169 
0.779 284.91886 129.01005 131902.25 -177099 14551.3 -191651 0.15319953 
0.78 294.02009 -86.884184 132144.67 -177127 15016.1 -192143 0.14771616 
0.781 286.63007 -93.319727 132140.16 -177309 14638.7 -191948 0.15036385 
0.782 286.03044 81.632583 131901.71 -177377 14608 -191985 0.14828039 
0.783 288.73069 64.178963 131959.54 -177500 14746 -192246 0.14425921 
0.784 284.99147 -109.04364 132180.22 -177434 14555 -191989 0.14397319 
0.785 283.80067 -42.459337 132088.25 -177502 14494.2 -191996 0.1498528 
0.786 282.08935 153.79991 131878.75 -177451 14406.8 -191858 0.14800768 
0.787 285.2772 16.145208 132028.82 -177485 14569.6 -192054 0.14226791 
0.788 287.7679 -121.10744 132168.51 -177572 14696.8 -192268 0.13907623 
0.789 283.35397 44.947595 131940.71 -177782 14471.4 -192253 0.14321044 
0.79 282.85391 146.99125 131810.42 -177857 14445.8 -192302 0.14627608 
0.791 281.19659 -35.60322 132029.32 -177858 14361.2 -192219 0.14480433 
0.792 285.83686 -93.022933 132108.73 -177747 14598.2 -192345 0.14164803 
0.793 282.42285 83.28134 131912.83 -177586 14423.8 -192010 0.14889375 
0.794 287.18316 105.11589 131885.68 -177518 14666.9 -192185 0.14587277 
0.795 285.03621 -49.347851 132081.84 -177312 14557.3 -191869 0.15145243 
0.796 286.16589 -63.310578 132084.11 -177298 14615 -191913 0.14984289 
0.797 290.36785 113.53736 131896.79 -177193 14829.6 -192023 0.1533981 
0.798 287.93623 29.821594 131978.96 -177147 14705.4 -191852 0.15714393 
0.799 289.13679 -124.28086 132142.11 -177190 14766.7 -191957 0.15235295 
0.8 289.25391 -30.351236 132039.61 -177158 14772.7 -191931 0.1502943 
0.801 286.76101 145.30515 131904.74 -177212 14645.4 -191857 0.14920924 
0.802 290.94795 -53.03106 132060.6 -177073 14859.2 -191932 0.1537767 
0.803 291.52025 -88.96699 132191.24 -177225 14888.4 -192114 0.14913523 
0.804 290.14364 32.016529 132035.62 -177320 14818.1 -192138 0.1424636 
0.805 287.08779 99.154639 131928.99 -177319 14662 -191981 0.14272978 
0.806 290.62711 -10.836777 132103.09 -177148 14842.8 -191991 0.14434731 
0.807 287.28257 -140.61565 132206.45 -177221 14672 -191893 0.14385932 
0.808 289.10066 89.32138 131985.14 -177456 14764.8 -192221 0.13982435 
0.809 284.84788 123.21164 131887.79 -177586 14547.7 -192134 0.14076737 
0.81 285.90815 -54.279721 132139.38 -177465 14601.8 -192067 0.14227 
0.811 284.81149 -182.46235 132197.35 -177331 14545.8 -191877 0.144573 
0.812 288.48337 137.54419 131929.88 -177214 14733.3 -191947 0.13884738 
0.813 287.57082 104.59901 131968.28 -177322 14686.7 -192009 0.14084081 
0.814 286.32448 -163.79924 132239.91 -177280 14623.1 -191903 0.14605606 
0.815 287.37783 -62.359432 132139.24 -177298 14676.9 -191975 0.14583812 
0.816 289.79723 233.54152 131856.39 -177262 14800.4 -192062 0.13835994 
0.817 290.53331 42.117797 132024.69 -177383 14838 -192221 0.13854432 
0.818 289.08516 -229.88577 132303.98 -177242 14764.1 -192006 0.14839084 
0.819 285.06338 -16.147707 132030.03 -177496 14558.7 -192054 0.14938691 
0.82 283.71294 284.43926 131716.32 -177468 14489.7 -191957 0.14634628 
0.821 282.28929 -69.772537 132068.79 -177520 14417 -191936 0.14780778 
0.822 283.55579 -283.62165 132344.92 -177327 14481.7 -191808 0.15115532 
0.823 291.23725 135.59639 131886.78 -177185 14874 -192059 0.14687602 
0.824 283.32767 286.3498 131682.31 -177374 14470 -191844 0.14808211 
0.825 286.5391 -226.7761 132274.22 -177324 14634 -191958 0.14388789 
0.826 289.72574 -270.71238 132360.59 -177257 14796.8 -192053 0.1415626 
0.827 288.61716 335.58462 131702.94 -177317 14740.2 -192057 0.14384161 
0.828 284.69764 232.07282 131774.66 -177135 14540 -191674 0.14730154 
0.829 287.71592 -317.51435 132484.58 -177148 14694.1 -191842 0.13953471 
0.83 285.44518 -165.42124 132257.93 -177000 14578.2 -191578 0.14495857 
0.831 286.28312 459.84972 131581.79 -177177 14621 -191798 0.14364366 
0.832 287.68572 106.82459 131951.53 -177161 14692.6 -191854 0.14247936 
0.833 281.82979 -484.97013 132522.94 -177148 14393.5 -191542 0.15053214 
0.834 285.66613 6.42644 131995.46 -177420 14589.4 -192009 0.14035102 
0.835 289.15545 419.80867 131527.19 -177373 14767.6 -192140 0.14628835 
0.836 289.336 -108.53172 132109.39 -177232 14776.9 -192008 0.14594061 
0.837 281.62388 -398.8722 132440.29 -177330 14383 -191713 0.15200451 
0.838 293.32786 168.62132 131860.84 -177319 14980.7 -192300 0.14059523 
0.839 284.32024 265.52279 131714.65 -177501 14520.7 -192022 0.14385147 
0.84 281.31598 -178.9652 132231.48 -177559 14367.3 -191926 0.14626016 
0.841 284.12007 -188.93087 132243.12 -177508 14510.5 -192019 0.14420056 
0.842 286.87318 230.93671 131780.85 -177418 14651.1 -192069 0.14170618 
0.843 286.19776 141.84714 131866.05 -177243 14616.6 -191859 0.14991592 
0.844 284.2197 -207.91726 132244.33 -177515 14515.6 -192031 0.14616874 
0.845 288.69037 -96.541257 132069.88 -177479 14743.9 -192222 0.14732054 
0.846 289.56382 227.90559 131786.85 -177404 14788.5 -192192 0.13693767 
0.847 280.01954 -37.161515 132050.22 -177471 14301.1 -191772 0.14315806 
0.848 284.028 -146.55637 132234.42 -177519 14505.8 -192025 0.14270544 
0.849 284.55042 6.0940594 131955.04 -177511 14532.5 -192043 0.14986613 
0.85 284.98632 137.72679 131830.55 -177673 14554.7 -192227 0.14172882 
0.851 280.29299 -86.833394 132063.64 -177690 14315 -192005 0.14221026 
0.852 278.803 -95.920613 132091.37 -177637 14238.9 -191876 0.14250839 
0.853 284.84297 80.854662 131873.77 -177525 14547.4 -192073 0.14316635 
0.854 286.23428 78.061296 131885.81 -177660 14618.5 -192278 0.14222746 
0.855 288.24844 -93.981132 132086.24 -177588 14721.3 -192309 0.14154064 
0.856 281.56602 -59.98428 132020.79 -177664 14380 -192044 0.14498061 
0.857 285.03949 84.563594 131839.09 -177680 14557.4 -192238 0.14457912 
0.858 283.71389 84.891236 131959.14 -177563 14489.7 -192052 0.13911392 
0.859 281.35771 -129.85135 132153.32 -177435 14369.4 -191804 0.14788569 
0.86 289.39989 -21.623125 132008.75 -177451 14780.1 -192231 0.14519065 
0.861 286.20086 127.7701 131831 -177582 14616.8 -192199 0.14811457 
0.862 282.04428 -21.381331 131979.98 -177471 14404.5 -191876 0.14580221 
0.863 286.26019 -108.38553 132135.77 -177329 14619.8 -191949 0.14165713 
0.864 286.72653 -5.3126578 131984.82 -177362 14643.6 -192006 0.14805363 
0.865 284.31996 119.5135 131902.03 -177403 14520.7 -191924 0.14908229 
0.866 285.43484 -62.233225 132081.83 -177547 14577.6 -192124 0.14769915 
0.867 287.00133 -104.38856 132117.59 -177553 14657.6 -192210 0.14383722 
0.868 290.75516 92.376118 131910.48 -177364 14849.3 -192214 0.13938916 
0.869 283.66835 88.836745 131894.72 -177322 14487.4 -191809 0.14488594 
0.87 288.48203 -103.82453 132104.82 -177185 14733.3 -191919 0.14343331 
0.871 290.96345 -74.849395 132100.24 -177135 14860 -191995 0.14946427 
0.872 285.86105 100.02678 131875.65 -177088 14599.4 -191688 0.15234393 
0.873 289.27555 37.172863 131918.52 -177109 14773.8 -191882 0.15169111 
0.874 289.23388 -79.407311 132147.01 -177035 14771.7 -191807 0.14159981 
0.875 291.19684 -14.208567 132087.53 -177161 14871.9 -192033 0.14166133 
0.876 290.8036 121.88319 131845.6 -177172 14851.8 -192024 0.14949939 
0.877 287.73824 34.260493 131945.66 -177239 14695.3 -191935 0.15052776 
0.878 281.63419 -171.48179 132180.07 -177269 14383.5 -191652 0.15021204 
0.879 286.95427 -13.401601 131972.28 -177153 14655.2 -191808 0.14671856 
0.88 292.6027 192.96254 131750.4 -177186 14943.7 -192130 0.14495618 
0.881 291.1459 -68.253416 132045.88 -176973 14869.3 -191842 0.15608052 
0.882 291.40749 -190.32646 132264.05 -177029 14882.7 -191912 0.14841185 
0.883 292.07887 83.677129 131882.46 -176985 14916.9 -191902 0.1510136 
0.884 293.3128 266.68113 131738.71 -177072 14980 -192052 0.14427945 
0.885 287.42061 -205.17586 132204.1 -177037 14679 -191716 0.15164369 
0.886 288.00477 -169.40429 132243.96 -177175 14708.9 -191884 0.15069812 
0.887 283.83948 223.814 131727.35 -177431 14496.2 -191927 0.1475818 
0.888 285.1374 214.39477 131765.43 -177405 14562.4 -191967 0.14554116 
0.889 286.09866 -313.52767 132318.74 -177251 14611.5 -191862 0.14944704 
0.89 292.75783 -127.92385 132144.74 -177152 14951.6 -192103 0.14439677 
0.891 289.03853 337.39308 131581.93 -177175 14761.7 -191937 0.14952897 
0.892 290.38242 125.65621 131880.42 -177228 14830.3 -192059 0.14445378 
0.893 288.36708 -347.45877 132432.97 -177161 14727.4 -191888 0.14760345 
0.894 292.84747 34.452838 132034.74 -177107 14956.2 -192063 0.14174808 
0.895 288.39099 362.15861 131586.37 -176960 14728.6 -191689 0.14756145 
0.896 290.17892 -79.816567 132099.53 -177091 14819.9 -191911 0.14443561 
0.897 287.79041 -374.81736 132435.83 -177030 14697.9 -191728 0.15086686 
0.898 294.69636 187.28151 131845.92 -177052 15050.6 -192102 0.14439032 
0.899 283.42091 318.87998 131654.79 -177111 14474.8 -191586 0.15097574 
0.9 289.33679 -233.80976 132301.06 -177053 14776.9 -191830 0.14371769 
0.901 294.33156 -257.56277 132371.29 -176846 15032 -191878 0.14661984 
0.902 291.73013 268.35763 131749.65 -176743 14899.1 -191643 0.14818298 
0.903 286.35755 198.09869 131800.9 -176944 14624.8 -191569 0.14567973 
0.904 290.28274 -228.81902 132346.01 -176922 14825.2 -191747 0.14507085 
0.905 289.05422 -141.86113 132190.61 -177075 14762.5 -191838 0.14714294 
0.906 291.5041 254.05488 131729.49 -177004 14887.6 -191892 0.15009771 
0.907 288.90822 9.006549 131938.66 -177171 14755 -191926 0.15044558 
0.908 288.05286 -218.2362 132243.57 -177237 14711.3 -191949 0.14373607 
0.909 287.84241 -14.781687 132010.41 -177210 14700.6 -191911 0.14687923 
0.91 286.55282 172.60932 131847.06 -177115 14634.7 -191749 0.14836835 
0.911 288.8994 -25.617353 132084.63 -177168 14754.6 -191923 0.14531529 
0.912 285.58207 -141.25868 132154.88 -177198 14585.1 -191783 0.14749239 
0.913 283.6754 126.54061 131907.35 -177105 14487.8 -191593 0.14368314 
0.914 295.36349 116.82622 131898.82 -176995 15084.7 -192079 0.14827823 
0.915 291.4369 -86.190676 132132.84 -176884 14884.2 -191769 0.14750795 
0.916 294.37532 -53.582421 132121.06 -176844 15034.2 -191878 0.14404214 
0.917 283.74297 71.650181 131920.48 -176873 14491.2 -191364 0.15326197 
0.918 289.53991 61.422832 131955.4 -177027 14787.3 -191814 0.14759555 
0.919 289.24392 -100.13123 132119.66 -177067 14772.2 -191840 0.14959097 
0.92 290.6723 26.714463 132044.18 -177192 14845.1 -192038 0.14081956 
0.921 290.40847 121.73815 131896.49 -177363 14831.6 -192194 0.14304797 
0.922 288.36038 -17.208418 131977.6 -177303 14727 -192030 0.14902902 
0.923 283.91134 -78.650365 132092.39 -177414 14499.8 -191914 0.14687782 
0.924 286.06309 -33.920926 132004.81 -177339 14609.7 -191948 0.14794861 
0.925 286.80328 84.390572 131939.07 -177337 14647.5 -191985 0.14232131 
0.926 286.51957 -19.05035 132058.14 -177519 14633 -192152 0.14206733 
0.927 286.81429 -71.278913 132089.75 -177434 14648.1 -192082 0.14535958 
0.928 290.76561 30.801767 131965.67 -177468 14849.9 -192317 0.14146952 
0.929 286.41891 5.5871321 131931.32 -177284 14627.9 -191912 0.14740791 
0.93 284.50404 -71.714775 132071.43 -177263 14530.1 -191793 0.14837023 
0.931 289.8467 -9.5440211 132099.82 -177181 14802.9 -191984 0.14323754 
0.932 285.57293 47.036594 131962.96 -177037 14584.7 -191621 0.14813093 
0.933 290.80954 70.487498 131982.71 -177093 14852.1 -191945 0.14124741 
0.934 288.36605 -65.761935 132132.31 -177202 14727.3 -191930 0.144374 
0.935 292.56486 -31.303465 132085.75 -177045 14941.8 -191987 0.14613846 
0.936 287.29452 49.672198 131949.01 -177179 14672.6 -191852 0.14743155 
0.937 289.62518 45.178151 132022.2 -177113 14791.6 -191905 0.14365092 
0.938 293.77607 -88.842581 132190.41 -177287 15003.6 -192291 0.13858691 
0.939 289.53472 -44.600481 132061.83 -177292 14787 -192079 0.14475282 
0.94 287.46337 97.768617 131883.09 -177170 14681.2 -191851 0.14760739 
0.941 293.14963 -5.3184045 132055.61 -177059 14971.6 -192031 0.14294098 
0.942 289.46479 -169.06757 132234.28 -177009 14783.4 -191793 0.14808957 
0.943 287.34642 51.149076 131982.17 -177046 14675.3 -191721 0.14570458 
0.944 290.14566 193.53562 131833.24 -177089 14818.2 -191907 0.14305368 
0.945 293.74828 -83.151117 132163.05 -177088 15002.2 -192090 0.13840381 
0.946 289.65764 -200.46832 132287.91 -177091 14793.3 -191885 0.14309583 
0.947 290.99724 133.84828 131889.32 -177049 14861.7 -191911 0.14693255 
0.948 291.92228 212.57339 131800.26 -177023 14909 -191932 0.14692536 
0.949 288.08188 -200.40752 132225.02 -177195 14712.8 -191908 0.14480944 
0.95 286.75074 -191.61127 132206.3 -177289 14644.8 -191934 0.13986789 
0.951 292.80097 247.68891 131741.74 -177202 14953.8 -192156 0.14046994 
0.952 289.17981 59.078247 131867.04 -177224 14768.9 -191993 0.1521914 
0.953 290.92249 -233.01846 132335.48 -177019 14857.9 -191877 0.14561539 
0.954 286.38699 -84.169336 132148.08 -176996 14626.3 -191622 0.14543197 
0.955 287.5734 290.12646 131706.53 -177168 14686.8 -191855 0.14097799 
0.956 285.50099 16.284676 131974.16 -177207 14581 -191788 0.14351284 
0.957 289.87283 -292.5602 132381.59 -177246 14804.3 -192051 0.14098997 
0.958 290.35321 24.740064 132039.87 -177021 14828.8 -191849 0.14446207 
0.959 287.15698 306.23877 131698.89 -177167 14665.6 -191832 0.14430563 
0.96 283.11173 -65.747632 132134.56 -177227 14459 -191686 0.14342872 
0.961 290.34579 -305.99526 132399.61 -177080 14828.4 -191909 0.14070245 
0.962 292.1159 131.85684 131897.17 -177093 14918.8 -192012 0.13967617 
0.963 290.98163 296.95443 131734.99 -177260 14860.9 -192120 0.13664235 
0.964 286.79369 -261.14323 132258.94 -177161 14647 -191808 0.1476229 
0.965 287.06485 -205.39407 132315.69 -177113 14660.9 -191774 0.14152455 
0.966 289.08885 229.50599 131807.28 -176993 14764.2 -191757 0.14001519 
0.967 290.68417 190.38549 131835.57 -176935 14845.7 -191781 0.14000825 
0.968 289.16325 -243.83538 132318.4 -177037 14768 -191805 0.14333371 
0.969 293.80664 -79.723114 132178.83 -177140 15005.2 -192145 0.14063234 
0.97 287.47872 228.88648 131770.79 -177296 14682 -191978 0.14417037 
0.971 290.95398 36.985524 131968.32 -177193 14859.5 -192053 0.13781253 
0.972 287.37133 -201.52403 132304.62 -177161 14676.5 -191837 0.14146856 
0.973 291.98355 -13.499459 132086.27 -177170 14912.1 -192083 0.13813987 
0.974 288.83403 186.72253 131835.7 -177195 14751.2 -191946 0.14195484 
0.975 291.62491 -64.277304 132084.38 -177111 14893.8 -192005 0.14769832 
0.976 291.99677 -161.58183 132283.73 -176986 14912.8 -191899 0.1402677 
0.977 286.06933 17.546133 132032.68 -177075 14610 -191685 0.14215369 
0.978 286.05251 171.96704 131860.65 -177101 14609.2 -191711 0.13890729 
0.979 287.62143 -40.24372 132111.97 -177264 14689.3 -191953 0.13991177 
0.98 289.52313 -119.52658 132215.53 -177195 14786.4 -191982 0.14241023 
0.981 286.88968 81.658207 131955.62 -177041 14651.9 -191693 0.1460671 
0.982 283.50014 111.74587 131944.46 -177137 14478.8 -191616 0.1437137 
0.983 286.60594 -99.772398 132212.88 -177334 14637.4 -191971 0.13360415 
0.984 290.75774 -90.822016 132144.73 -177280 14849.5 -192129 0.13673673 
0.985 288.39325 128.02513 131918.91 -177309 14728.7 -192037 0.14532225 
0.986 283.79843 31.975393 132007.41 -177462 14494.1 -191956 0.14064788 
0.987 287.52078 -129.21867 132149.27 -177443 14684.2 -192127 0.14273958 
0.988 291.80242 13.761274 132041.8 -177166 14902.8 -192069 0.13416692 
0.989 290.13707 67.387007 131962.62 -177026 14817.8 -191843 0.13966863 
0.99 283.0907 -19.544426 132096.36 -177128 14457.9 -191586 0.14598769 
0.991 285.32379 -101.29703 132133.79 -177229 14572 -191801 0.14599532 
0.992 294.32011 113.82941 131977.95 -176977 15031.4 -192009 0.13923101 
0.993 292.16302 38.135194 132012.52 -176886 14921.2 -191807 0.14141325 
0.994 288.71212 -84.303009 132156.73 -177034 14745 -191779 0.1380382 
0.995 289.05766 -13.210662 132079.88 -176992 14762.7 -191755 0.14057294 
0.996 287.00992 93.919045 131945.61 -177030 14658.1 -191688 0.14086645 
0.997 289.31201 -11.659789 132062.25 -177062 14775.6 -191838 0.1479019 
0.998 293.15813 -66.757187 132165.91 -177167 14972.1 -192139 0.14347689 
0.999 289.36595 21.318519 132022.65 -177080 14778.4 -191858 0.13991888 
