94000    225.15431   -258.36916    130622.72   -40447.105    2801.3476   -43248.453    236.61314   0.95613912 
96000    225.89608   -316.37387    131155.58   -40429.577    2810.5767   -43240.153    238.60118   0.95225452 
98000    227.09165    -445.9691    131545.95   -40468.293    2825.4519   -43293.745    240.79804   0.94942862 
100000    226.33335   -288.52379    131290.47   -40529.986    2816.0172   -43346.003    243.11068   0.95127611 
102000    224.78015   -30.158545    131654.85   -40585.323    2796.6924   -43382.015    246.48474   0.94864333 
104000     225.6379   -187.37893    131171.57   -40507.772    2807.3645   -43315.137    248.63605   0.95213845 
106000    223.03636   -395.79823    131868.86   -40641.667    2774.9963   -43416.663    251.34528   0.94710377 
108000    224.99435   -390.37095    132043.96   -40656.583    2799.3575   -43455.941    253.79321   0.94584781 
110000    222.33972   -306.30851    131988.92   -40683.806    2766.3288   -43450.135    254.42966   0.94624222 
112000    224.53301   -591.07943    132287.22    -40783.89    2793.6175   -43577.507    257.24993   0.94410852 
114000    223.27075    -382.6433    132667.41   -40775.929    2777.9126   -43553.841    259.46978   0.94140293 
116000    227.00143   -368.84872    131853.36   -40660.495    2824.3294   -43484.824    261.06874    0.9472151 
118000    227.86338   -382.31685    131639.51   -40644.503    2835.0537   -43479.557    262.35145   0.94875385 
120000    225.23574    114.62448    131328.93   -40735.835    2802.3608   -43538.196    264.19119   0.95099757 
122000    227.83677   -272.89249    131526.96   -40675.712    2834.7226   -43510.434    265.96707   0.94956574 
124000    225.30952   -307.76262    132141.48   -40712.611    2803.2787    -43515.89    269.81419   0.94514979 
126000    223.80002   -211.65565    132349.95    -40733.62    2784.4977   -43518.118    272.32697   0.94366101 
128000    222.58025   -468.13714    132527.84   -40781.681    2769.3215   -43551.003    274.13945   0.94239436 
130000    226.28289   -382.90262    132141.04   -40697.071    2815.3894    -43512.46    274.61289   0.94515292 
132000    223.56176   -131.57501    131353.91   -40631.214    2781.5333   -43412.748    274.47636   0.95081668 
134000    226.53809   -229.29223    130875.86    -40543.35    2818.5645   -43361.915    277.44217   0.95428975 
136000    226.93556   -214.88949    131282.81    -40500.81    2823.5098    -43324.32    280.38806   0.95133166 
138000    226.30861   -327.38556     131039.5    -40457.77    2815.7094    -43273.48     281.6974   0.95309802 
140000    225.89408   -534.82273    131403.03   -40437.608    2810.5518    -43248.16    284.43942   0.95046124 
142000    225.92837   -298.72111    131242.98   -40529.761    2810.9785    -43340.74     285.7826   0.95162038 
144000    219.36472    -317.8746    131282.77   -40577.217    2729.3141   -43306.531    288.70241   0.95133193 
146000    227.04357   -371.72513    131369.48   -40549.883    2824.8536   -43374.736    291.15068   0.95070398 
148000    226.61797   -160.95499    130724.44   -40566.316    2819.5584   -43385.875    293.84792   0.95539509 
150000    221.30772     -253.816    131470.88   -40621.924    2753.4888   -43375.412    297.57705   0.94997076 
152000    226.38723   -208.85706    131132.74   -40539.079    2816.6876   -43355.766    298.47359   0.95242037 
154000     223.8918   -8.4572224    130862.78   -40461.547    2785.6397   -43247.187    300.04632    0.9543851 
156000     227.4947   -470.17209    131046.17   -40490.604    2830.4665   -43321.071    302.31355   0.95304957 
158000    230.83073    -34.46806    131295.72   -40501.123    2871.9731   -43373.096    305.11695   0.95123808 
160000    226.96417   -165.44456    131598.64   -40542.468    2823.8658   -43366.334     307.8978   0.94904849 
162000    226.75465   -367.77548    131779.46   -40634.872    2821.2589   -43456.131    311.24667   0.94774629 
164000    230.44151   -75.506447    131794.88   -40505.208    2867.1305   -43372.338    312.86587   0.94763538 
166000      220.854   -531.85145    131710.95   -40631.277    2747.8437   -43379.121     315.9715   0.94823922 
168000    226.54559   -426.07459    132323.75   -40615.687    2818.6578   -43434.345    318.84913   0.94384787 
170000    229.39929   -371.83509    132183.31   -40551.525    2854.1633   -43405.689    320.55614   0.94485067 
172000    227.93422   -250.05152    132460.57   -40577.902    2835.9351   -43413.837    324.13295   0.94287298 
174000    225.81251    29.357565    131387.14   -40538.443     2809.537    -43347.98    324.78024    0.9505762 
176000     223.0838   -538.79233    131566.75   -40580.062    2775.5866   -43355.649    328.02953   0.94927854 
178000    225.21991   -628.99784    131682.88   -40577.612    2802.1638   -43379.776    331.09396   0.94844139 
180000    230.75453    147.32187    131035.87   -40469.561     2871.025   -43340.586    331.57425   0.95312447 
182000    224.05596   -498.80557    131050.95    -40562.27     2787.682   -43349.952    334.20323   0.95301476 
184000    217.60609   -174.74943    130173.69   -40558.662    2707.4334   -43266.096    335.78083   0.95943724 
186000    221.88775   -593.54116    130940.18    -40456.19    2760.7054   -43216.895    339.42935   0.95382096 
188000    222.28631   -459.53832    131366.52   -40462.575    2765.6644    -43228.24    342.27323    0.9507254 
190000     224.6973   -132.41704    130505.38   -40460.605    2795.6616   -43256.267    343.24321   0.95699878 
192000    223.96893    231.79823    130172.77   -40492.053    2786.5993   -43278.652    345.57862   0.95944406 
194000    223.27603   -343.10391    131131.33   -40412.406    2777.9783   -43190.384    350.10587   0.95243058 
196000    223.29811   -339.74265    131026.63   -40455.774    2778.2531   -43234.027    351.48627   0.95319164 
198000    231.67409   -173.50739    131484.15   -40372.687    2882.4661   -43255.153    356.19096   0.94987488 
200000    229.90805   -338.97622    131595.96   -40519.127    2860.4932    -43379.62    358.85146   0.94906779 
202000    225.78902   -112.27092    131655.07   -40511.329    2809.2447   -43320.574    361.50346   0.94864171 
204000    227.27157   -130.07743    131763.36   -40515.896    2827.6904   -43343.586    363.24783   0.94786208 
206000    222.51023   -459.59449    131670.97   -40538.031    2768.4503   -43306.481    364.81372   0.94852715 
208000    223.91047   -351.49029    131010.03   -40584.146     2785.872   -43370.018      364.621   0.95331244 
210000    223.54391   -63.086368    131245.08   -40614.858    2781.3113   -43396.169    367.43464    0.9516051 
212000    219.44999   -678.58992    132010.32   -40528.276     2730.375   -43258.651    370.16354   0.94608881 
214000    228.93231   -200.96441    131305.59   -40470.348    2848.3531   -43318.701     372.6023   0.95116662 
216000    219.69679   -361.45633    131218.81   -40597.427    2733.4458   -43330.873    375.58789   0.95179563 
218000    226.58398   -34.256291    131236.95   -40644.942    2819.1354   -43464.077    377.52534   0.95166405 
220000    225.89281   -410.37686    131640.32   -40657.235     2810.536   -43467.771    380.90232   0.94874798 
222000    226.72003   -210.90806    131215.05    -40596.07    2820.8282   -43416.898    381.67896   0.95182291 
224000     224.5457   -235.15348    131657.14   -40566.229    2793.7754   -43360.004    384.78281    0.9486268 
226000    223.01311   -578.56115    131475.12   -40584.153    2774.7071    -43358.86    386.31066   0.94994015 
228000    218.25319   -342.16055    131492.05   -40682.065    2715.4846   -43397.549    388.09715   0.94981778 
230000    222.18918   -422.76997    131707.58   -40711.607    2764.4558   -43476.063    391.15639   0.94826352 
232000    225.98757    -616.9862    132005.58   -40709.965     2811.715    -43521.68     393.7985   0.94612278 
234000    225.65002    53.485998    131504.57   -40671.294    2807.5152   -43478.809    394.11073   0.94972739 
236000    221.26891   -733.39834    132136.56   -40730.942    2753.0059   -43483.948    397.61281     0.945185 
238000    218.54031   -367.02176    131725.41   -40745.144    2719.0569   -43464.201    397.36298   0.94813517 
240000    222.71232      -477.35    131397.75   -40681.265    2770.9647    -43452.23    398.87812   0.95049945 
242000    220.93257   -322.56083    131873.61   -40663.459    2748.8212    -43412.28    402.41755   0.94706961 
244000    223.35171   -144.39976     131207.5   -40625.635    2778.9198   -43404.555    403.49033   0.95187769 
246000     223.3222   -340.46805     131261.2   -40587.924    2778.5528   -43366.477    405.69506   0.95148825 
248000    222.97381   -783.41341    132118.19   -40533.751    2774.2181   -43307.969    409.96152   0.94531637 
250000    224.60121   -555.45954    131762.04   -40600.782    2794.4661   -43395.248    412.25873   0.94787157 
252000    226.56529    78.373215     131220.5   -40604.823    2818.9029   -43423.726    413.77057   0.95178338 
254000    227.44882    84.605027    131381.43   -40578.532    2829.8958   -43408.428    415.83663   0.95061755 
256000    219.94631   -218.87224     131694.4   -40666.044    2736.5503   -43402.594    419.81528    0.9483584 
258000    226.87582   -453.81195    132088.65   -40606.983    2822.7665    -43429.75     422.6569   0.94552782 
260000    229.66958   -388.49342    132637.95   -40640.288    2857.5262   -43497.814    425.94539   0.94161208 
262000    224.74734   -218.03795    132172.46   -40635.992    2796.2842   -43432.276    427.93008   0.94492828 
264000     222.2985   -600.90081    131433.67   -40624.862    2765.8159   -43390.678    428.18487   0.95023967 
266000    227.46386   -92.866891     130757.7   -40574.494    2830.0829   -43404.576    428.58886   0.95515212 
268000    228.98462   -184.19648    130891.19   -40489.959     2849.004   -43338.963    431.13246   0.95417799 
270000    219.18208   -419.37372    131148.98   -40648.029    2727.0417   -43375.071    435.46104   0.95230241 
272000    223.82942   -539.46916    131647.58   -40654.519    2784.8635   -43439.382    439.03591   0.94869566 
274000    220.78199   -415.79141    131861.21   -40747.702    2746.9477    -43494.65    441.90629   0.94715868 
276000    227.54022   -509.53864    131996.66   -40549.642    2831.0329   -43380.675    443.98613   0.94618672 
278000    220.88741   -316.26166    132086.03    -40603.51    2748.2593   -43351.769    445.47984   0.94554655 
280000    224.94622    20.302547     131464.7   -40567.823    2798.7586   -43366.581    446.79099   0.95001543 
282000    226.96319   -252.07025    131604.06    -40503.31    2823.8536   -43327.163    450.17723   0.94900943 
284000    225.73761   -390.95258    131153.19   -40542.855    2808.6051    -43351.46    451.72037   0.95227186 
286000    223.79766   -223.40888    131432.15   -40557.009    2784.4684   -43341.477    454.81696   0.95025072 
288000    223.33697   -242.66548    130596.05   -40553.486    2778.7366   -43332.222     455.2714   0.95633438 
290000    226.31436    65.227466    130711.86   -40547.281     2815.781   -43363.062    459.13266   0.95548706 
292000    221.85931   -736.65777     132115.8   -40578.792    2760.3516   -43339.144    464.42244   0.94533348 
294000     220.9005   -258.39075    130854.35    -40640.67    2748.4221   -43389.092    463.75967   0.95444665 
296000    225.69197   -456.13918    131400.44   -40603.642    2808.0372    -43411.68    468.37012      0.95048 
298000    221.12531   -672.88673     131498.7   -40579.086    2751.2192   -43330.305    471.38785   0.94976981 
300000    222.82004   -287.56443     131127.2   -40624.397     2772.305   -43396.702    472.49823    0.9524606 
302000    227.44801   -379.16935    131738.91   -40721.482    2829.8856   -43551.368    475.84089     0.948038 
304000    223.98412   -462.07195    131806.14   -40669.499    2786.7883   -43456.287    478.12633   0.94755445 
306000    229.11154   -291.64889    131459.45   -40635.566    2850.5831   -43486.149     478.8487   0.95005335 
308000    220.05715    -606.1185     131680.3   -40722.532    2737.9293   -43460.461    481.66158   0.94845993 
310000    221.69123    -555.3449    131724.64   -40688.709    2758.2604   -43446.969    482.79307   0.94814071 
312000    223.95456   -580.74506     132034.3   -40655.841    2786.4205   -43442.261    485.27638   0.94591704 
314000    223.61443   -351.71589    131723.38   -40636.065    2782.1887   -43418.253     487.0484   0.94814977 
316000    226.48561   -645.31425    132765.64   -40639.215    2817.9116   -43457.127    491.09994   0.94070642 
318000    219.62245   -218.72958    131801.44   -40702.859    2732.5208    -43435.38    490.36361   0.94758825 
320000    224.23266   -281.61535    131839.53   -40732.499    2789.8806    -43522.38     491.7574   0.94731442 
322000    230.80493   -522.88632    132178.09    -40634.59    2871.6521   -43506.242    494.19643   0.94488802 
324000    226.85533   -442.97542    132239.33   -40620.848    2822.5116    -43443.36    495.67515   0.94445044 
326000    225.06139   -465.75348    131802.87   -40672.143    2800.1916   -43472.334    498.51979   0.94757796 
328000    217.34119   -267.64185    131718.66   -40813.109    2704.1375   -43517.246    500.43184   0.94818371 
330000    221.21468   -186.38478    131667.95   -40662.377    2752.3311   -43414.708    502.51972   0.94854892 
332000    228.59945   -437.67988    131959.68   -40673.396    2844.2118   -43517.607    506.52835   0.94645194 
334000     224.8088   -426.24667    131863.59    -40692.51    2797.0488   -43489.559    507.56573    0.9471416 
336000    226.90308   -302.85356     132088.3   -40742.204    2823.1057    -43565.31    509.30281   0.94553028 
338000    224.68875    -217.9344    131670.16    -40736.92    2795.5552   -43532.475    509.50493   0.94853302 
340000    222.46451   -813.38607    132128.64   -40798.109    2767.8815   -43565.991    513.61616   0.94524165 
342000    228.33365   -438.85588    131729.67   -40653.251    2840.9048   -43494.156    513.10072   0.94810446 
344000    225.53165    62.196483    131420.31     -40617.7    2806.0425   -43423.742    513.55827   0.95033628 
346000    226.17952   -359.37708    131390.01   -40633.645    2814.1032   -43447.748    516.06948   0.95055546 
348000    218.35047   -301.13298    131224.63   -40677.549    2716.6949   -43394.244    517.58537   0.95175345 
350000    220.20614   -532.87993    131515.91    -40494.59     2739.783   -43234.373    521.07486   0.94964551 
352000    227.67173   -340.03164    131322.84   -40439.548    2832.6692   -43272.217    523.92241   0.95104169 
354000    225.43304   -459.70918    131146.11   -40396.744    2804.8156   -43201.559     525.8284   0.95232326 
356000    219.56342   -573.39929    131060.67   -40465.574    2731.7864   -43197.361    527.35877    0.9529441 
358000    222.08039   -493.30778    131385.26   -40487.988    2763.1023   -43251.091    530.72307   0.95058985 
360000    227.64941   -331.06747    131639.13   -40459.846    2832.3915   -43292.238    533.44482   0.94875661 
362000    225.39389   -385.13861     131695.6   -40536.395    2804.3284   -43340.723    535.03772   0.94834975 
364000    220.66389   -453.86037    130968.23   -40512.347    2745.4783   -43257.825    536.13724   0.95361672 
366000    225.17777   -538.31863    130874.25   -40473.518    2801.6395   -43275.157    538.52963   0.95430152 
368000    224.26255   -344.88662    131154.76   -40545.442    2790.2525   -43335.695     540.9786   0.95226043 
370000    224.62842   -365.04408    131487.75   -40571.351    2794.8045   -43366.156    544.77917   0.94984889 
372000    227.31497   -120.67737    131043.17   -40515.296    2828.2304   -43343.526    547.28882   0.95307133 
374000    222.77217   -407.10162    131185.46   -40542.202    2771.7093   -43313.912    549.06307    0.9520376 
376000    222.83075    -218.3762     131274.3   -40541.607    2772.4381   -43314.046    551.48019   0.95139334 
378000    227.74199   -258.14622    131158.61   -40444.646    2833.5433   -43278.189     554.1132    0.9522325 
380000    223.46881   -174.63327    130938.73   -40493.695    2780.3768   -43274.072    556.74735   0.95383153 
382000    226.20947   -492.06257    131895.32   -40395.734    2814.4759    -43210.21    563.51981   0.94691376 
384000    224.66776   -281.22472    131235.36   -40443.188    2795.2941   -43238.482    563.37886   0.95167564 
386000    227.51496   -202.10688    131318.34   -40405.235    2830.7186   -43235.953    565.98171   0.95107428 
388000    225.45894   -103.21616    130902.44   -40523.975    2805.1378   -43329.113     567.4748   0.95409595 
390000    221.99789   -59.780816    131180.04   -40589.089    2762.0758   -43351.165    570.41711   0.95207694 
392000    222.40896    -194.7513    130488.82   -40606.629    2767.1903   -43373.819    571.53731   0.95712023 
394000    222.54802   -609.77462    131157.68   -40521.987    2768.9205   -43290.907    574.49309   0.95223927 
396000    220.91897   -175.95015    131164.27   -40522.319     2748.652   -43270.971    577.95629   0.95219143 
398000    221.54039   -213.18071    131251.36   -40569.877    2756.3837    -43326.26    578.62293   0.95155961 
400000    225.91279   -415.88568    131797.41   -40528.863    2810.7846   -43339.648    582.00035   0.94761718 
402000    228.61021    -197.7959    131710.25   -40577.591    2844.3456   -43421.936    582.48261   0.94824425 
404000    223.56414   -133.24419    131040.74   -40590.261     2781.563   -43371.824    581.71708   0.95308905 
406000    224.92964   -408.05763     131173.2   -40511.966    2798.5523   -43310.519     583.9504   0.95212662 
408000    231.31343   -352.32284     131328.5    -40436.17    2877.9788   -43314.149    587.45389   0.95100065 
410000    227.55697   -371.50081    130951.73   -40554.145    2831.2414   -43385.386    588.33449   0.95373684 
412000    225.59886   -222.12775    131323.62   -40549.189    2806.8788   -43356.068    592.21492   0.95103603 
414000    222.33593   -466.19993    131355.77   -40568.694    2766.2817   -43334.975    594.29774   0.95080323 
416000     222.4837   -504.59894    131137.86   -40608.833    2768.1202   -43376.953    596.02625    0.9523832 
418000    222.68053   -600.37729    131083.74    -40539.14    2770.5691   -43309.709    596.79135   0.95277636 
420000     222.3475   -418.13554    131445.46   -40480.666    2766.4256   -43247.091    602.51707   0.95015449 
422000    224.22822   -70.629103    131008.53   -40552.478    2789.8253   -43342.303    602.84875   0.95332339 
424000    221.40553   -313.86649    131082.11   -40516.239    2754.7057   -43270.945    606.02684   0.95278825 
426000    224.82669   -251.26539    130662.12   -40549.999    2797.2715   -43347.271    605.95292   0.95585079 
428000    223.60685   -451.47827    130931.22   -40532.271    2782.0944   -43314.365    609.19998   0.95388629 
430000    222.36109    -551.7968    131373.46   -40527.943    2766.5946   -43294.538    613.18165   0.95067517 
432000     232.2081   -96.172816    131160.88   -40415.588    2889.1102   -43304.698    615.03499   0.95221598 
434000    226.46429   -86.422056    130741.29   -40459.587    2817.6463   -43277.234    616.78101     0.955272 
436000    222.74504   -331.28319    131403.89   -40550.532    2771.3718   -43321.903    621.49501   0.95045503 
438000    226.64422    -398.7329     131103.8   -40486.009     2819.885   -43305.894    624.06348   0.95263058 
440000    224.16276      -488.27    131348.21   -40477.386    2789.0109   -43266.397    626.19094   0.95085795 
442000    226.69682   -206.07212    131138.39   -40555.432    2820.5394   -43375.972    629.04999   0.95237932 
444000    228.95075   -278.82523    131811.29   -40585.214    2848.5826   -43433.797    634.90514   0.94751742 
446000    229.16982     -335.909    131794.71   -40564.631    2851.3083   -43415.939    637.13094   0.94763659 
448000    228.96243   -283.03553    132144.35   -40646.711    2848.7279   -43495.439    640.02713   0.94512929 
450000    227.40468   -428.54653    132179.25   -40604.099    2829.3466   -43433.446    643.27254   0.94487968 
452000    228.49719   -543.92281    132170.61   -40614.065    2842.9394   -43457.004    643.66527   0.94494148 
454000    226.02259   -200.38657    131309.66   -40613.545    2812.1507   -43425.695    642.70492   0.95113712 
456000    230.48837   -266.35678     132142.7   -40614.027    2867.7135   -43481.741    646.53123   0.94514106 
458000    223.79208   -342.07311    132353.85   -40690.802     2784.399   -43475.201    648.56909   0.94363323 
460000    226.04337   -284.78122    132215.69   -40673.688    2812.4092   -43486.097    649.42206   0.94461931 
462000    227.34459   -589.16881    132468.51   -40753.508    2828.5989   -43582.107    652.53422   0.94281643 
464000    221.48399   -424.63412    131508.65   -40713.242     2755.682   -43468.924     650.6299   0.94969792 
466000    228.26382   -107.55527    132016.43   -40643.573    2840.0359   -43483.609    654.50005   0.94604507 
468000    222.93068   -95.580637    131783.93   -40598.947    2773.6815   -43372.628    655.42538   0.94771411 
470000    225.77092    -510.8414    132335.16   -40650.512    2809.0195   -43459.531     660.2414   0.94376649 
472000     224.5308    87.415417    131439.87   -40669.816    2793.5901   -43463.406     657.5604   0.95019486 
474000    226.33735    -143.0777    131926.46   -40635.415     2816.067   -43451.482    659.88332   0.94669025 
476000    228.95226   -72.586259    131197.88   -40612.628    2848.6014   -43461.229    661.10274   0.95194745 
478000    222.39343   -346.98554    131410.31   -40670.187    2766.9971   -43437.184    663.73748    0.9504086 
480000     222.4481   -425.45619    131132.07   -40573.208    2767.6773   -43340.885    664.24234   0.95242526 
482000    229.35793   -223.76938    131171.81   -40511.159    2853.6487   -43364.807    667.23128   0.95213669 
484000     221.4133    228.22383    130717.78    -40562.91    2754.8024   -43317.712      667.593   0.95544381 
486000     221.1899   -709.44362    131572.58   -40638.413    2752.0228   -43390.436    673.52188   0.94923645 
488000    226.79646   -637.68296    131255.14   -40547.209    2821.7791   -43368.988    673.93239   0.95153222 
490000    228.20623   -231.40375    131200.12   -40468.013    2839.3194   -43307.332    676.29029   0.95193122 
492000    222.06965    -490.2375    130731.79   -40516.493    2762.9687   -43279.462    678.44973   0.95534144 
494000    221.18134   -389.33735    130752.91   -40545.945    2751.9164   -43297.862    679.11647   0.95518706 
496000    223.38103  -0.94450118    130334.28   -40450.973    2779.2847   -43230.258    680.61822   0.95825509 
498000    226.17183   -595.09445    130924.54   -40522.162    2814.0076    -43336.17    685.89529   0.95393494 
500000    223.03126   -450.34495    131332.94   -40498.318    2774.9329   -43273.251    689.27671    0.9509685 
502000    222.34558   -492.09145    130031.23   -40434.173    2766.4017   -43200.575    687.63559   0.96048839 
504000    225.14692   -511.09228    130307.59   -40348.623    2801.2557   -43149.879    690.92579   0.95845141 
506000    222.52585   -309.80871    130290.67   -40399.684    2768.6447   -43168.328    695.98232   0.95857587 
508000    229.77164   -166.53377    131277.19   -40404.843    2858.7961   -43263.639    702.83646   0.95137233 
510000    226.29088   -512.98694    131424.27   -40366.808    2815.4888   -43182.297    706.62506   0.95030768 
512000    226.87509    -199.2789    130687.68   -40409.949    2822.7575   -43232.707    706.90154   0.95566382 
514000    226.54856   -374.21823    130995.96   -40442.821    2818.6948   -43261.516    710.51691   0.95341483 
516000    227.29244   -212.98162    131476.62    -40491.28    2827.9501    -43319.23    714.69374   0.94992931 
518000    229.48827   -166.90522    131409.68   -40508.549    2855.2703    -43363.82    716.81568   0.95041321 
520000    223.48338   -392.25765    130849.35   -40511.285    2780.5582   -43291.843    715.78156   0.95448306 
522000    225.57121   -313.79042    130943.06   -40515.886    2806.5347   -43322.421     718.7023   0.95380001 
524000     227.3367   -380.33209    130760.54   -40469.669    2828.5007    -43298.17    719.48301   0.95513135 
526000    230.91257   -182.35691    130695.34   -40449.811    2872.9914   -43322.803    722.18142   0.95560781 
528000    224.74478   -245.21209    130697.68   -40409.597    2796.2524    -43205.85    725.18389   0.95559074 
530000    226.42999   -428.17153    131178.64   -40533.265    2817.2195   -43350.485    729.57516   0.95208714 
532000    223.43639    54.224897     130801.3   -40484.165    2779.9735   -43264.138    731.51761   0.95483369 
534000    225.94428   -256.54282    131220.19   -40519.741    2811.1764   -43330.917    736.10421   0.95178561 
536000    223.69827    16.778678    131365.64   -40472.435    2783.2317   -43255.667    738.57887    0.9507318 
538000    223.76285   -589.42742    131295.71   -40548.786    2784.0353   -43332.821    739.76044   0.95123817 
540000    224.81373   -339.59151     131377.5   -40489.188    2797.1102   -43286.298    744.49073   0.95064597 
542000    228.41366   -556.99342    131461.95   -40500.517    2841.9002   -43342.417    747.62085   0.95003532 
544000     224.6883   -395.20233    130848.27   -40585.128    2795.5496   -43380.678     746.4778   0.95449093 
546000    225.45674   -400.09361    131216.18   -40515.982    2805.1105   -43321.092    749.49147   0.95181469 
548000    224.53241   -327.16586    131190.38   -40490.433      2793.61   -43284.043    752.45645    0.9520019 
550000    219.65701    46.513798    130753.51   -40501.748    2732.9508   -43234.698    753.89475   0.95518268 
552000    224.72162   -311.49827    131255.16   -40472.641    2795.9642   -43268.605    757.97269   0.95153204 
554000    233.56776   -507.88204    131688.88   -40453.529     2906.027   -43359.556    761.17495   0.94839818 
556000    222.37265    -734.1154    132455.83   -40559.399    2766.7386   -43326.137    765.52609   0.94290668 
558000    224.50162   -336.91453    131657.51   -40557.317    2793.2269   -43350.544    765.49637   0.94862415 
560000    225.72254   -168.22347    130754.15   -40480.591    2808.4176   -43289.008    764.16786   0.95517802 
562000    228.29306   -25.405662    131320.96   -40540.677    2840.3997   -43381.077    767.16424   0.95105529 
564000    225.79775   -444.49635    131806.56   -40555.667    2809.3533   -43365.021    772.80339   0.94755141 
566000     230.1432   -452.71643    131888.58   -40549.007    2863.4189   -43412.426    773.21758   0.94696215 
568000    227.82194   -356.99446    131539.47   -40549.298    2834.5381   -43383.836    774.07241    0.9494754 
570000    224.82025    -299.3109    131742.79   -40572.779    2797.1914    -43369.97    778.46923   0.94801008 
572000    219.04748   -599.16151    131094.96   -40588.639     2725.367   -43314.006    777.51511   0.95269483 
574000    225.34093   -412.63888    131072.51   -40455.493    2803.6695   -43259.163    780.02138   0.95285803 
576000    225.72166   -560.80672    131186.21   -40445.537    2808.4066   -43253.944     785.3746   0.95203213 
578000    231.07075   -345.69231    131022.44   -40522.165    2874.9594   -43397.125    784.69421   0.95322214 
580000    225.99351   -251.79355     131515.9   -40529.455     2811.789   -43341.244    789.98494   0.94964558 
582000    229.16559   -321.12558    131554.36   -40535.671    2851.2556   -43386.927    791.81948   0.94936795 
584000    225.87069   -112.52283       130947   -40530.435    2810.2608   -43340.696    792.39749    0.9537713 
586000    223.57447   -601.83536    130776.43   -40510.806    2781.6915   -43292.498    792.54556   0.95501533 
588000    225.31876    49.676769    131008.34   -40536.415    2803.3938   -43339.809    797.37396    0.9533247 
590000    222.99695   -138.60504    130776.35   -40518.774     2774.506    -43293.28    799.74358   0.95501587 
592000    227.27565   -659.43088    130850.54   -40488.198    2827.7411   -43315.939     802.0957   0.95447444 
594000    223.09634   -405.42535    130309.63   -40435.899    2775.7426   -43211.642    803.15299   0.95843638 
596000     225.3509   -394.89855    130704.49   -40470.438    2803.7936   -43274.232    806.90054   0.95554094 
598000    224.94556   -365.28937    130926.81   -40425.224    2798.7504   -43223.975    809.78555   0.95391841 
600000    222.15523    -491.9163    131280.39   -40570.661    2764.0334   -43334.694    814.37068    0.9513492 
602000    223.24375   -255.48204    130892.01    -40570.71    2777.5767   -43348.286    814.73502   0.95417197 
604000    223.84241   -112.88857    131040.23   -40469.012    2785.0251   -43254.037    817.89452    0.9530927 
606000    227.37128     5.225748    130888.46   -40537.201     2828.931   -43366.132    820.75037   0.95419789 
608000     224.5367     -395.116    131619.01    -40578.14    2793.6634   -43371.803     826.4182   0.94890161 
610000    222.36591   -367.83844    131070.31   -40589.811    2766.6547   -43356.466     826.9876     0.952874 
612000    222.30362   -358.68379    131033.98   -40544.914    2765.8796   -43310.793    828.58426   0.95313817 
614000    224.17339   -294.86054     130582.9   -40598.843    2789.1431   -43387.986    831.62482   0.95643067 
616000    226.39619   -183.15892    131188.26   -40393.971     2816.799    -43210.77    836.08116   0.95201728 
618000    221.55694   -484.84477    131238.53   -40511.402    2756.5895   -43267.992    840.57969   0.95165259 
620000    223.92342   -780.04627    130824.27   -40368.474     2786.033   -43154.507    841.02817    0.9546661 
622000    227.47276   -225.52453    130356.64   -40346.741    2830.1935   -43176.934    842.88776   0.95809072 
624000    227.41142   -243.07738    130199.94   -40374.658    2829.4305   -43204.089    844.98973   0.95924383 
626000    225.46428    278.02674    130257.58   -40393.046    2805.2043    -43198.25    849.10101   0.95881936 
628000    222.31908   -576.20421     130524.5   -40386.038     2766.072    -43152.11    854.39136   0.95685864 
630000     222.8586   -85.956836     130594.7   -40497.113    2772.7847   -43269.897    857.41533   0.95634428 
632000     223.0601    -334.6702    131019.67   -40514.131    2775.2917   -43289.423    863.99201   0.95324231 
634000    231.97685    -111.4959    131137.67   -40452.999    2886.2331   -43339.232    865.47962   0.95238457 
636000    224.37874   -443.75488    131329.51   -40531.878    2791.6981   -43323.576    867.80233   0.95099336 
638000    226.93913   -270.74556    130834.15    -40621.84    2823.5542   -43445.394    868.67846   0.95459399 
640000    220.22197    1.1279616    130920.95   -40550.803      2739.98   -43290.783    870.12658    0.9539611 
642000    225.50863   -485.69133    131489.91   -40559.215    2805.7561   -43364.971    874.20594   0.94983324 
644000    222.63419   -668.00121    131989.96   -40548.847    2769.9926    -43318.84    880.71728   0.94623476 
646000    226.04872   -596.72203    131194.59   -40527.617    2812.4758   -43340.093    877.91765   0.95197132 
648000    223.77756   -157.75538    130913.19   -40525.863    2784.2183   -43310.081    877.29487   0.95401761 
650000    221.04749    46.429155    130623.73   -40485.659     2750.251    -43235.91    878.62618    0.9561317 
652000    228.04743   -255.84185    131253.52   -40491.421    2837.3436   -43328.764    884.17968   0.95154397 
654000    224.52597   -212.64882    131039.13   -40432.606      2793.53   -43226.136    885.75725   0.95310075 
656000    225.35732   -337.77631    130538.54   -40540.676    2803.8735   -43344.549     886.3731   0.95675566 
658000    222.32498   -230.45341    130579.98   -40537.044    2766.1455   -43303.189    885.98733   0.95645206 
660000    223.01169   -371.84849       131211   -40540.788    2774.6894   -43315.477    891.96053   0.95185227 
662000    225.37251    -315.5444    131953.52   -40570.611    2804.0624   -43374.674    895.96091   0.94649609 
664000    225.58084   -57.738838    131242.01   -40600.825    2806.6545    -43407.48    894.08877   0.95162742 
666000    223.89772   -314.18687    131429.69   -40584.876    2785.7133   -43370.589    897.55332   0.95026844 
668000    225.57712   -209.15882    130714.24   -40539.225    2806.6082   -43345.834     895.4724   0.95546964 
670000    224.44077   -241.68426    130965.75   -40561.722    2792.4698   -43354.192    898.53206   0.95363472 
672000    227.34531   -404.90848    131630.93    -40534.19    2828.6079   -43362.798    903.73784   0.94881565 
674000    232.01486    -679.9968    131655.07   -40519.204    2886.7059    -43405.91    907.80986   0.94864168 
676000    229.31946   -424.68497     132360.7   -40538.799    2853.1701   -43391.969    912.95326   0.94358441 
678000    226.14698   -646.96034    132178.69   -40582.956    2813.6984   -43396.655       912.64   0.94488368 
680000    224.04232   -219.63618    131678.87   -40574.654    2787.5124   -43362.167    910.90551   0.94847023 
682000    226.17818   -66.062141    131356.88   -40587.091    2814.0865   -43401.177    910.20004   0.95079522 
684000    228.51416   -379.66002     131819.3   -40486.806    2843.1506   -43329.956    915.35182    0.9474598 
686000    227.08497   -321.77085    130860.58    -40558.73    2825.3688   -43384.099    915.54411   0.95440117 
688000    225.65525   -171.55623    131000.36   -40521.697    2807.5804   -43329.278    917.80979    0.9533828 
690000    231.23797    46.344612     131164.2   -40493.487      2877.04   -43370.527    920.73213    0.9521919 
692000    229.75796   -237.72609    130999.31   -40407.459    2858.6258   -43266.085    924.55617   0.95339046 
694000    225.04007   -192.41514    130490.97   -40449.398    2799.9264   -43249.324    924.11086   0.95710446 
696000    219.89687   -442.50652    131118.54   -40490.645    2735.9351    -43226.58    929.44591   0.95252353 
698000    225.73673   -248.44392    131142.47   -40475.578     2808.594   -43284.172    930.14888   0.95234967 
700000    225.46325   -443.35673    130908.89    -40455.13    2805.1915   -43260.322    930.94118     0.954049 
702000    228.98838   -82.171662    130266.86   -40405.054    2849.0508   -43254.105    932.80895    0.9587511 
704000    225.40052   -212.59263    130625.11   -40344.153     2804.411   -43148.564    938.39828   0.95612161 
706000    225.34385   -515.62806    131069.48   -40343.874    2803.7059    -43147.58    941.25692   0.95288004 
708000    223.76155   -568.48268    130597.74   -40429.844    2784.0191   -43213.863    940.20284     0.956322 
710000    226.89189   -312.21304    130838.45   -40499.256    2822.9665   -43322.223    944.49528   0.95456261 
712000    223.45778   -158.38569     130865.7   -40503.361    2780.2396   -43283.601    945.15164   0.95436384 
714000    221.54349   -365.16445    131232.75   -40465.866    2756.4222   -43222.288    950.25088   0.95169453 
716000    224.35726   -151.55483    131027.34   -40486.382    2791.4308   -43277.813    950.43854   0.95318648 
718000    224.35184   -177.54671    131482.12   -40476.524    2791.3634   -43267.887    954.82545   0.94988955 
720000    227.16699   -105.78155    131098.32   -40395.845    2826.3892   -43222.234    954.97164   0.95267044 
722000    226.09166   -51.056132    130357.07   -40424.741    2813.0101   -43237.751    953.47184   0.95808756 
724000    222.17229   -122.31478    130398.58   -40370.644    2764.2456    -43134.89     957.1143    0.9577826 
726000    232.26539   -297.94563    130330.12   -40397.008     2889.823   -43286.831    960.92999   0.95828571 
728000    222.44336   -706.55318    130921.28   -40425.079    2767.6183   -43192.698    967.25882   0.95395864 
730000    223.05143    -325.1359    130586.81   -40336.339    2775.1838   -43111.523    968.71181   0.95640202 
732000    229.34261    27.910194    130484.11   -40375.916    2853.4581   -43229.374    971.99555   0.95715482 
734000    224.71983   -145.52067    130870.96   -40442.727    2795.9419   -43238.669    976.37428   0.95432551 
736000    226.58063   -465.89217    130859.73   -40488.946    2819.0938   -43308.039    979.08819   0.95440736 
738000    227.03809    -111.5669    130410.02   -40406.594    2824.7854    -43231.38    980.16567    0.9576986 
740000    225.57575   -781.48465    131224.78   -40436.944    2806.5912   -43243.535    988.32221   0.95175234 
742000    228.48292   -220.46753    130793.13    -40409.27     2842.762   -43252.032    987.63909   0.95489337 
744000    229.24905    -480.9669    131452.98   -40440.974    2852.2941   -43293.268    994.80323   0.95010009 
746000    227.51205   -514.10577    131764.48   -40505.222    2830.6824   -43335.905    999.71244     0.947854 
748000    226.57217   -348.43103    131387.49   -40558.357    2818.9885   -43377.346    1000.9783   0.95057372 
750000    227.36398   -623.51404    131501.28   -40561.255    2828.8401   -43390.095    1002.8392   0.94975117 
752000    226.99583   -304.99719    131285.78   -40552.781    2824.2597   -43377.041     1004.012   0.95131008 
754000    223.53036    -399.7419    131868.97   -40550.171    2781.1426   -43331.313    1010.6921   0.94710298 
756000    223.11092   -560.00136    131177.36   -40557.329     2775.924   -43333.253     1010.221   0.95209643 
758000    224.93964   -244.78522     130726.9    -40505.28    2798.6768   -43303.957    1011.3669   0.95537712 
760000    226.37149    -498.7276    131114.28    -40460.14    2816.4917   -43276.632     1016.949   0.95255445 
762000    227.27178   -37.633149    130513.16   -40502.435     2827.693   -43330.128     1016.033   0.95694171 
764000    221.57876    -530.6415    130784.21   -40491.567    2756.8611   -43248.428    1019.7939   0.95495852 
766000    225.58499   -204.48988    130572.16   -40458.578    2806.7061   -43265.284    1019.1782   0.95650933 
768000    222.11346    -125.2074    130536.25   -40519.694    2763.5137   -43283.208    1022.3322   0.95677247 
770000    221.96603   -493.41492     130549.1   -40509.457    2761.6794   -43271.136    1025.9939   0.95667831 
772000    228.42677   -74.528658    131170.68    -40517.14    2842.0634   -43359.203    1030.9527   0.95214489 
774000    227.43233   -313.37921    131077.91   -40495.242    2829.6905   -43324.932     1032.514   0.95281878 
776000    226.34614   -72.661481    131043.89    -40502.22    2816.1763   -43318.396    1036.3254   0.95306613 
778000    229.82829   -6.5842171    131350.89   -40532.732    2859.5009   -43392.233    1040.0229   0.95083853 
780000    228.33088   -337.83063    131718.77   -40581.863    2840.8702   -43422.734    1045.1654   0.94818295 
782000    227.25566   -97.873998    131558.98   -40575.033    2827.4925   -43402.526    1046.4172   0.94933462 
784000    224.45422    68.029658    130636.87   -40452.897    2792.6373   -43245.534    1045.0468   0.95603555 
786000    227.14106   -598.39078    130974.08   -40454.543    2826.0666   -43280.609    1049.8756   0.95357413 
788000    225.34038    20.040039    130883.35   -40420.433    2803.6627   -43224.096    1049.1829   0.95423515 
790000    226.72117   -591.67232    132034.78   -40524.342    2820.8424   -43345.184    1058.8336    0.9459136 
792000    223.68776   -99.197999    130932.34   -40600.099     2783.101     -43383.2    1054.8595   0.95387809 
794000     226.1319   -162.66371    131039.69   -40544.235    2813.5107   -43357.746    1058.4162   0.95309669 
796000    225.39327    -375.5093    131164.91    -40521.54    2804.3208   -43325.861    1061.6024   0.95218675 
798000      230.068   -175.87991    131041.49   -40490.294    2862.4834   -43352.777    1065.9944   0.95308355 
