94000    210.37406   -12.372379    133919.85   -41855.184    2617.4533   -44472.637    53.827837   0.93259879 
96000    208.15014    4.8575391    134142.97   -41860.789    2589.7834   -44450.572    54.412542   0.93104757 
98000    209.50103   -165.96755    134287.37   -41893.806    2606.5911   -44500.397     54.57272   0.93004645 
100000     208.9439    90.072112    134273.37    -41952.44    2599.6594   -44552.099    54.728763   0.93014338 
102000    206.56749   -128.65398    134254.65   -41955.835    2570.0923   -44525.927    54.932975    0.9302731 
104000    211.43761   -291.86344    134719.29   -41862.891    2630.6858   -44493.577    55.546827   0.92706462 
106000    212.66353   -46.785408    134179.16   -41966.116    2645.9386   -44612.055    55.610073    0.9307965 
108000    205.92167   -26.616949    134130.43   -41956.187     2562.057   -44518.244    55.751792   0.93113465 
110000    208.09942   -497.03068    134524.19   -41922.244    2589.1524   -44511.396    56.282776   0.92840916 
112000    206.55493   -211.34705    134741.71   -42016.691     2569.936   -44586.627    56.389484   0.92691037 
114000    210.09035   -192.81472    134519.44   -42016.715    2613.9234   -44630.638    56.794883   0.92844194 
116000    211.18706   -248.57362    134438.85   -41909.291    2627.5685   -44536.859    56.982273   0.92899849 
118000       212.96     -132.878    134324.87   -41893.792    2649.6272   -44543.419    57.265399   0.92978679 
120000    210.18683    10.251264    134296.96   -41980.054    2615.1238   -44595.178    57.501856   0.92998004 
122000    206.65365   -255.85898    134416.81   -41940.652    2571.1643   -44511.816    57.607433   0.92915082 
124000    211.14177   -13.924031    133982.55   -41964.736     2627.005   -44591.741    57.638918    0.9321624 
126000    208.20719    19.195058    134359.98   -41996.994    2590.4932   -44587.487     57.85277    0.9295438 
128000    210.51548    158.10362    134297.69   -42054.251    2619.2129   -44673.464    57.800426   0.92997499 
130000    210.88956    -36.06613    134111.14   -41960.776     2623.867   -44584.643    57.965203   0.93126855 
132000     210.1235    13.758454     134394.2   -41917.323    2614.3359   -44531.659    58.185248   0.92930717 
134000    212.77857    37.818309    134442.74   -41902.378    2647.3699   -44549.747    58.500178   0.92897163 
136000     212.6488   -94.978583     134272.7   -41875.899    2645.7554   -44521.655    58.937476   0.93014804 
138000     211.0837   -33.622518    134244.81   -41852.463    2626.2825   -44478.745    59.295336    0.9303413 
140000    216.43823   -34.385719    134307.15    -41853.49     2692.903   -44546.393    59.326267   0.92990947 
142000     210.3715    34.328068    134436.69   -41992.622    2617.4214   -44610.043    59.871964   0.92901344 
144000    206.64115   -62.422396    134707.98   -42028.551    2571.0088    -44599.56     60.31281   0.92714249 
146000    210.47028   -7.3583077    134231.16   -41988.854    2618.6504   -44607.505    60.179902   0.93043591 
148000    211.06897   -348.88856    134640.59   -42001.813    2626.0993   -44627.912    60.695905   0.92760654 
150000    209.59523   -197.12367    134762.07   -42063.669    2607.7631   -44671.432     60.86407   0.92677035 
152000     210.1927   -91.410373    134268.16   -41986.915    2615.1969   -44602.112    60.902448   0.93017947 
154000    213.89999   -23.455496     134167.4   -41900.875    2661.3225   -44562.198    60.929771   0.93087809 
156000    207.94776   -362.77642    134647.17   -41920.465    2587.2655   -44507.731    61.193504    0.9275612 
158000    212.05287   -442.93488    134917.38   -41927.294    2638.3408   -44565.635    61.386747   0.92570352 
160000    208.62607   -237.61883    135029.06   -41965.879    2595.7049   -44561.584    61.898539   0.92493785 
162000    208.74498   -259.64413    134830.64   -42029.524    2597.1844   -44626.709    61.876571     0.926299 
164000     214.8901   -140.91264    134678.79   -41893.505    2673.6414   -44567.146    61.975609   0.92734344 
166000    211.43004   -129.34453    134962.21    -42000.32    2630.5916   -44630.912    62.408676   0.92539599 
168000    210.77948    40.980595    134644.75   -41987.814    2622.4975   -44610.311    62.353982   0.92757785 
170000    214.06116   -13.174337    134646.03   -41893.604    2663.3278   -44556.932    62.705033   0.92756906 
172000     210.9606   -97.669538    134933.96   -41929.392     2624.751   -44554.143    62.796054   0.92558977 
174000    210.55603   -111.65073     134851.2   -41904.528    2619.7173   -44524.245    62.816429    0.9261578 
176000    213.93094   -72.045236    134632.44   -41991.212    2661.7076    -44652.92    63.066622   0.92766266 
178000    209.91219   -44.889634    134545.23   -42041.863    2611.7067   -44653.569    63.033307   0.92826398 
180000     214.7851   -69.310848    134439.74   -41964.737     2672.335   -44637.071    63.246397   0.92899237 
182000    205.11474   -0.7120876    134604.88    -42056.13    2552.0173   -44608.147    63.329363    0.9278526 
184000    208.00875   -354.44989    135032.54   -42114.437    2588.0243   -44702.461    63.355356   0.92491405 
186000    209.86133   -208.22466    134888.34    -42077.21    2611.0739   -44688.284     63.85155   0.92590283 
188000    211.15187    138.51755    134662.52   -42070.211    2627.1307   -44697.342     63.72584   0.92745545 
190000    208.51812    -108.2704    134835.42    -42074.77    2594.3618   -44669.132    63.999625   0.92626618 
192000    211.02487   -82.448242    134898.35    -42104.78    2625.5506   -44730.331     64.17338   0.92583408 
194000    212.58454   -76.589808    134731.67   -42010.311    2644.9558   -44655.267    64.280359   0.92697946 
196000    205.47887   -274.22853     134722.3   -42049.376    2556.5477   -44605.924    64.166634   0.92704393 
198000    214.93152   -237.14647    134911.24   -41981.479    2674.1568   -44655.636    64.465356   0.92574562 
200000    210.75834    64.086356    134345.57   -42094.515    2622.2345   -44716.749    64.728833   0.92964353 
202000    214.11294   -365.53258    134815.63     -42077.1    2663.9721   -44741.072    64.677255   0.92640217 
204000     207.6173    19.454012    134494.35   -42071.287     2583.154   -44654.441    64.866872   0.92861513 
206000    210.62611    155.65446    134216.46   -42070.175    2620.5892   -44690.764    65.062298   0.93053784 
208000    213.04008   -45.230471    134573.68   -42105.517    2650.6236   -44756.141    65.100582   0.92806777 
210000    212.23132    54.309791    134417.28   -42134.341    2640.5611   -44774.902    65.273313   0.92914755 
212000    214.10898    -18.58796     134763.5   -42063.412    2663.9227   -44727.335    65.417263   0.92676052 
214000    210.97584    23.557758    134374.04   -42032.651    2624.9406   -44657.591    65.317866   0.92944655 
216000    208.99526   -190.82299    134544.76   -42162.665    2600.2984   -44762.964    65.717853   0.92826724 
218000    203.12327     62.32088    134703.16   -42169.255    2527.2397   -44696.495    65.845938   0.92717569 
220000    205.36977   -288.29023    134917.14   -42158.688    2555.1904   -44713.879    65.861976   0.92570516 
222000    210.00688    247.85052    134652.37     -42081.5    2612.8849   -44694.385    66.035322   0.92752541 
224000    207.89687   -7.5577275    134494.43   -42072.342    2586.6323   -44658.974    66.073199   0.92861457 
226000    210.64181    32.364637    134337.38   -42082.404    2620.7846   -44703.188    66.148257   0.92970022 
228000    206.14998   -60.863159    134727.75   -42176.668    2564.8977   -44741.565    66.667733   0.92700645 
230000    205.49452    -169.5182    134504.72   -42193.018    2556.7425    -44749.76    66.622612   0.92854354 
232000     208.4759   -520.35049    135164.23   -42181.233    2593.8365   -44775.069    67.226448   0.92401287 
234000    205.73851   -265.17055    134910.22    -42141.67    2559.7782   -44701.448    67.302951   0.92575266 
236000    206.34366   -283.91244    134807.28    -42175.57    2567.3075   -44742.877    67.455468   0.92645957 
238000    206.27933    89.445414    134499.99   -42179.995     2566.507   -44746.502    67.455718    0.9285762 
240000    209.70025    13.798066    134418.23   -42129.078    2609.0698   -44738.148    67.704675   0.92914105 
242000    208.35026   -140.45974    134428.68   -42125.455    2592.2733   -44717.728    67.743485   0.92906878 
244000    207.54987  -0.19220289    134881.76   -42115.348     2582.315   -44697.663    68.058111   0.92594798 
246000    212.50137    -89.42943    134758.47   -42110.086     2643.921   -44754.007    68.110274   0.92679511 
248000    211.61902   -83.839916    135057.93   -42071.304     2632.943   -44704.247    68.410096   0.92474013 
250000    207.09989   -167.85598    134701.23   -42126.801    2576.7164   -44703.517    68.514829   0.92718898 
252000    211.33546   -384.04593    135271.58   -42135.861    2629.4149   -44765.276    68.850079   0.92327959 
254000    214.00639   -267.16454    135111.75   -42130.233    2662.6464   -44792.879    68.822373   0.92437179 
256000    207.07794   -157.25986    134646.88   -42212.677    2576.4433   -44789.121    68.485229   0.92756319 
258000    211.49542     159.7643    134319.08   -42123.476    2631.4051   -44754.882    68.627447   0.92982688 
260000    210.22006    58.447027    134482.82   -42119.914    2615.5372   -44735.451    68.962739   0.92869479 
262000     209.4938   -189.84597     134756.8    -42095.43    2606.5012   -44701.931    69.300344   0.92680658 
264000    210.73792   -50.722417    134823.25   -42103.392    2621.9804   -44725.373    69.393069   0.92634978 
266000    210.33333     -75.0907    134830.31   -42113.457    2616.9465   -44730.404    69.508014   0.92630127 
268000    210.72539   -513.38674    135305.64   -42081.657    2621.8245   -44703.481    70.153487   0.92304719 
270000    203.64758   -50.420766    134685.34   -42264.163     2533.763   -44797.926    69.987917   0.92729832 
272000    205.68013    31.483507    134788.27    -42266.17    2559.0518   -44825.222    70.408525   0.92659023 
274000    203.28004   -147.54655    134964.59   -42329.299    2529.1902    -44858.49    70.480431   0.92537971 
276000    209.50838   -164.67006    135104.68   -42134.846    2606.6825   -44741.528    70.506176   0.92442017 
278000    207.31343   -109.97389    135288.56   -42176.979    2579.3732   -44756.353    70.711762   0.92316375 
280000    213.32556    245.88269     134573.3   -42162.324    2654.1756     -44816.5    70.536203   0.92807038 
282000    211.09465    31.057815    134975.52   -42143.376    2626.4188   -44769.794    70.774148   0.92530478 
284000    207.03993   -3.5529727    134854.52   -42205.439    2575.9704    -44781.41    70.734535   0.92613503 
286000    210.99173   -99.208133    134847.75   -42222.951    2625.1383   -44848.089    70.804766   0.92618149 
288000    209.25403    147.90214    134906.08   -42214.769     2603.518   -44818.287    70.817877   0.92578105 
290000    204.72707    -96.97685    134659.04   -42202.668     2547.194   -44749.862    71.052881   0.92747941 
292000     206.1013    253.58048     134306.2   -42196.363     2564.292   -44760.655    70.842621   0.92991607 
294000    208.70341    183.37455    134531.52   -42226.573    2596.6672    -44823.24    71.129949    0.9283586 
296000    210.29621    -56.81485    134788.92   -42165.807    2616.4846   -44782.291    71.124581   0.92658577 
298000    209.22418    121.36684    134784.68   -42170.693    2603.1466    -44773.84    71.331322    0.9266149 
300000    209.20823    68.320297    134656.45   -42205.742    2602.9481    -44808.69    71.265371    0.9274973 
302000    207.10586   -127.09288    134905.45   -42237.992    2576.7906   -44814.783    71.550852   0.92578538 
304000    206.56399   -137.79238    134764.84   -42187.338    2570.0488   -44757.386    71.513184   0.92675128 
306000    212.10254     62.54204    134781.69   -42172.315    2638.9588   -44811.274    71.728376   0.92663543 
308000    205.60548   -45.536182    134868.31   -42274.648    2558.1231   -44832.771     71.77755    0.9260403 
310000    207.92451    50.885327    135149.67   -42274.746    2586.9762   -44861.723    72.078085   0.92411247 
312000    207.17541    83.105502    134732.06   -42230.974     2577.656    -44808.63    71.925611    0.9269768 
314000    205.62868    108.42703    134644.81   -42204.759    2558.4117   -44763.171    72.032287   0.92757745 
316000     208.2122    -140.3252     135076.7   -42176.389    2590.5556   -44766.945    72.535965   0.92461164 
318000    209.50461   -77.180455    134980.56    -42216.43    2606.6357   -44823.066    72.731994   0.92527022 
320000    207.53042   -99.330139    135002.95   -42239.383     2582.073   -44821.456      72.9412   0.92511677 
322000    213.83725   -378.09983    135363.95   -42111.531     2660.542   -44772.073    73.166812   0.92264961 
324000    214.15234   -135.18429    134814.04   -42109.883    2664.4623   -44774.345    73.328754   0.92641309 
326000    213.82864   -29.940001    135217.07   -42178.753    2660.4349   -44839.188    73.569953   0.92365178 
328000    206.77833   -179.85091    134979.52   -42320.824    2572.7155   -44893.539    73.405676   0.92527734 
330000    211.67711   -209.04129    135194.64   -42176.945    2633.6657    -44810.61    73.579451   0.92380505 
332000    206.72032   -446.48308    135323.23   -42182.885    2571.9937   -44754.878     73.80248    0.9229272 
334000    207.38153   -205.64558    135426.98   -42205.366    2580.2205   -44785.587    73.912182   0.92222013 
336000    208.24339   -195.93856    135209.74   -42240.797    2590.9436   -44831.741    73.757151   0.92370186 
338000    204.82721   -229.18901    135008.63   -42257.059    2548.4399   -44805.499    73.506932   0.92507781 
340000    205.81175   -145.01737    134997.14     -42298.5    2560.6894   -44859.189     73.76588   0.92515659 
342000    211.08727   -277.80983    135397.73   -42159.738    2626.3269   -44786.065    74.043882   0.92241941 
344000    210.39634   -291.43391    135400.95    -42129.81    2617.7304    -44747.54    74.011808   0.92239745 
346000    209.30372   -350.99793    134998.85   -42156.308    2604.1361   -44760.444    73.810492   0.92514482 
348000    208.05467    99.352778     134537.9   -42231.335    2588.5957    -44819.93    74.052584   0.92831456 
350000    213.87519   -286.75507    134987.78    -42103.19     2661.014   -44764.204    74.113469   0.92522072 
352000    211.24912   -393.57526    135095.15   -42101.077    2628.3406   -44729.418    74.144185    0.9244854 
354000    210.70485    148.87635    134710.48   -42092.367     2621.569   -44713.936    74.347461   0.92712529 
356000    210.40081   -82.286063    135161.87   -42189.951    2617.7861   -44807.737    74.604171   0.92402902 
358000    207.86904   -126.30193    135280.02   -42228.159    2586.2861   -44814.445    74.816491   0.92322199 
360000    208.47168    165.72832    134767.51   -42181.754     2593.784   -44775.538    74.527281   0.92673292 
362000    206.83953   -192.25439    135173.14   -42235.207     2573.477   -44808.684    74.875225   0.92395201 
364000    205.40556   -250.30353    134876.35   -42193.315    2555.6357    -44748.95    74.878263   0.92598512 
366000    213.30814   -493.18367    135440.85   -42174.251    2653.9587   -44828.209    75.174627   0.92212572 
368000    211.55787   -69.673037     135119.4   -42240.249    2632.1821   -44872.431    74.914217   0.92431943 
370000     206.0937   -198.48051    135035.44   -42227.478    2564.1974   -44791.675    75.035199   0.92489414 
372000     213.5408    37.439186    134920.52   -42162.367    2656.8536   -44819.221    75.085847   0.92568193 
374000    207.72865   -71.567137     134705.3   -42196.694    2584.5393   -44781.234    75.117325    0.9271609 
376000    212.76011    246.63469    134590.85   -42222.379    2647.1403   -44869.519    75.252505   0.92794933 
378000    214.34479   -260.88891    135190.11   -42155.488    2666.8567   -44822.345    75.327257   0.92383599 
380000    207.25082   -335.90014    135258.83   -42205.064    2578.5942   -44783.658    75.729479   0.92336666 
382000    215.09816   -206.27386    135417.65   -42124.772    2676.2301   -44801.002    75.826591   0.92228371 
384000     210.4805   -249.58824    135251.05   -42209.376    2618.7776   -44828.154    75.539187   0.92341972 
386000    210.23405   -99.017728    135120.69   -42161.157    2615.7113   -44776.868    75.826919   0.92431061 
388000    210.19711   -288.22569    135372.13   -42268.419    2615.2516   -44883.671    75.922991   0.92259385 
390000    206.55485   -18.928437    135095.93   -42330.498     2569.935   -44900.433    75.714171   0.92448003 
392000     210.5307    75.064024     135118.5   -42348.921    2619.4021   -44968.324    76.171034   0.92432559 
394000    209.40743   -18.450184    135283.27   -42264.969    2605.4266   -44870.395    75.875117   0.92319983 
396000    211.00196    3.4319328    135002.29    -42254.41    2625.2656   -44879.675    76.134074   0.92512129 
398000    207.32235   -168.99045    135259.12   -42270.992    2579.4842   -44850.476    76.028518   0.92336466 
400000    209.47355   -173.31121    135150.47   -42218.662    2606.2492   -44824.911    76.289369   0.92410696 
402000    210.94043    55.523818    134888.97   -42242.764       2624.5   -44867.264    76.212976   0.92589846 
404000    210.19848   -47.710292    135192.15   -42248.469    2615.2687   -44863.737    76.548773   0.92382208 
406000     211.7054    16.638873    135365.06   -42199.035    2634.0177   -44833.053     76.72774   0.92264199 
408000    212.60605   -65.621531    135333.25   -42141.007    2645.2235   -44786.231    76.843424   0.92285885 
410000     210.9914    -3.587003    135178.09   -42251.749    2625.1341   -44876.883    76.746719   0.92391812 
412000    209.81376   -152.54007    135121.18   -42233.111     2610.482   -44843.593    76.807543   0.92430728 
414000    208.35498   -66.837277    134869.47   -42272.142    2592.3321   -44864.474    76.821374   0.92603233 
416000    208.13973   -173.87602    135211.07    -42318.01     2589.654   -44907.664    76.948841    0.9236928 
418000    206.30578   -219.21166    135127.48   -42246.005    2566.8362   -44812.841    77.050673   0.92426421 
420000    206.61165   -115.55675    134831.26   -42213.449    2570.6418    -44784.09    76.968189   0.92629475 
422000    211.01974   -129.45904    134839.31   -42286.683    2625.4867    -44912.17    77.015465    0.9262395 
424000    207.09217   -299.60219    135078.37   -42252.623    2576.6203   -44829.243    77.042216    0.9246002 
426000    207.94054   -255.07969    135204.11   -42303.722    2587.1756   -44890.898    77.427249   0.92374033 
428000     207.4102   -184.41719    134896.48    -42278.91    2580.5772   -44859.487    77.532345   0.92584695 
430000    209.66144   -301.54609    134889.93   -42251.116    2608.5869   -44859.703    77.498459   0.92589191 
432000    213.22044    50.167246     134839.8   -42139.797    2652.8676   -44792.665    77.687649   0.92623612 
434000     214.7393   -282.72324    135102.02   -42183.615    2671.7651    -44855.38    77.966344   0.92443837 
436000    208.99825   -219.06302    134983.98   -42257.971    2600.3356   -44858.306    78.062645    0.9252468 
438000    215.96363   -88.464119    134773.91   -42218.851    2686.9981   -44905.849    77.813825   0.92668896 
440000    212.57139    29.768218    134483.49   -42198.485    2644.7922   -44843.277     77.76317   0.92869013 
442000    210.12497    43.736442    134503.86   -42256.926    2614.3541    -44871.28    77.845188   0.92854948 
444000    213.67582    159.75713    134366.64   -42251.271    2658.5335   -44909.805    78.041002   0.92949779 
446000    208.43103    193.10399    134585.18   -42225.807    2593.2782   -44819.085    78.419151   0.92798846 
448000    211.54147    30.336357    134807.62    -42265.67     2631.978   -44897.648    78.248331    0.9264572 
450000    212.42834   -437.47548    135117.77   -42205.476    2643.0124   -44848.488    78.823758   0.92433065 
452000    210.99019   -291.56471    135060.89   -42211.528    2625.1191   -44836.647    78.481228    0.9247199 
454000    210.45841   -611.41571    135482.73   -42213.055    2618.5028   -44831.558    78.760189    0.9218407 
456000    213.33929    -473.9192     135405.1   -42216.617    2654.3464   -44870.964    78.848906   0.92236918 
458000    211.38973   -102.62439     135149.9   -42271.562    2630.0901   -44901.652    78.707863   0.92411084 
460000    212.58852   -212.13922    135164.33   -42226.019    2645.0053   -44871.024    78.721445   0.92401219 
462000    208.32747   -252.71433    134978.26   -42293.597    2591.9898   -44885.587     78.94061   0.92528599 
464000    212.34391   -284.74728    135115.17   -42226.769    2641.9619   -44868.731    78.990389   0.92434837 
466000    207.71666   -320.52265     135042.1   -42187.531    2584.3901   -44771.921     79.08648   0.92484854 
468000    211.87426   -137.97724    134857.98   -42169.866    2636.1186   -44805.985     79.33699   0.92611127 
470000    214.52689   -32.824029    134907.15    -42249.43    2669.1224   -44918.553    79.683505   0.92577369 
472000    213.26689    181.46132    134730.48   -42270.662    2653.4455   -44924.107    79.813089   0.92698762 
474000    209.97764    64.473633    135013.13   -42236.312     2612.521   -44848.832     79.65854     0.925047 
476000    210.75977     80.38503    134872.89   -42228.331    2622.2522   -44850.583    80.102009   0.92600884 
478000    209.46717    86.538924    134582.03   -42285.132    2606.1699   -44891.302     79.88227   0.92801019 
480000    209.92759   -130.41023    135005.25   -42228.678    2611.8983   -44840.576    80.372537     0.925101 
482000    213.87217   -95.926986    135063.08   -42194.779    2660.9764   -44855.755    80.302282   0.92470488 
484000    207.23504   -111.26609    134957.17   -42276.488    2578.3979   -44854.886    80.278371   0.92543055 
486000     205.4453   -201.08815     134736.1   -42355.753    2556.1301   -44911.884     80.51809   0.92694899 
488000    213.06627    258.97011    134602.02   -42263.228    2650.9495   -44914.177    80.450977   0.92787237 
490000    208.67532   -93.558204    135108.37   -42198.277    2596.3178   -44794.595    81.075989   0.92439493 
492000    207.03047   -269.96613    135459.96   -42275.797    2575.8527    -44851.65    81.251016    0.9219956 
494000    208.08646    78.963279    135151.32   -42316.135    2588.9912   -44905.126     81.16877   0.92410114 
496000    207.81614   -214.97858    135319.79   -42257.674    2585.6279   -44843.302    81.291699   0.92295066 
498000    212.24619   -38.780428    135449.94   -42326.271    2640.7462   -44967.018    81.704777   0.92206387 
500000    211.02686   -186.63427    135435.28   -42282.883    2625.5754   -44908.458    81.424879   0.92216361 
502000    212.10211   -117.31759    135303.15   -42243.575    2638.9535   -44882.528    81.619794   0.92306415 
504000    213.67785    -168.2206    135315.02   -42190.998    2658.5587   -44849.556    81.630311   0.92298318 
506000    209.79729   -69.386501       135308    -42254.35    2610.2772   -44864.628    81.692844    0.9230311 
508000     213.7523   -236.03538    135100.66   -42213.346     2659.485   -44872.831     81.69259   0.92444771 
510000    212.86422   -343.61267    135274.31   -42162.464    2648.4356     -44810.9    81.868842   0.92326099 
512000    209.89706    143.97899    134887.89   -42195.065    2611.5184   -44806.583    81.924126   0.92590586 
514000    209.68188    282.20875    134873.75   -42241.976    2608.8413   -44850.817    81.870324   0.92600297 
516000    212.03984   -157.05139    134940.84   -42247.423    2638.1787   -44885.602    81.938791   0.92554254 
518000    205.66354   -142.08552    134607.92   -42233.572    2558.8454   -44792.418     82.15016   0.92783169 
520000    209.11479   -216.84984    134828.03    -42244.21    2601.7855   -44845.995    82.368175   0.92631695 
522000     208.0111   -213.75679    135005.57   -42236.305    2588.0535   -44824.359    82.630898   0.92509883 
524000    210.39944     20.83453    134468.65   -42181.251    2617.7691    -44799.02    82.353508   0.92879261 
526000    213.59728   -62.996315    134553.41   -42160.798    2657.5562   -44818.354    82.511402   0.92820757 
528000     212.8545   -75.982967    134598.99   -42138.439    2648.3146   -44786.754    82.654404   0.92789325 
530000    208.52972    -348.4875    134945.35   -42277.667    2594.5062   -44872.173    82.863306   0.92551162 
532000     211.1223   -50.880563    134737.74   -42210.688    2626.7628   -44837.451    83.058617   0.92693773 
534000    209.10815    36.939778    134723.79   -42249.418     2601.703   -44851.121    82.970293   0.92703365 
536000    209.41943    7.7702085    134740.78   -42211.501    2605.5759   -44817.077    83.218589   0.92691681 
538000    208.38882    45.064302    134558.84   -42287.369    2592.7531   -44880.122    83.278239   0.92817007 
540000    215.86275   -63.714108    134667.87   -42241.259     2685.743   -44927.002    83.625486   0.92741863 
542000    210.26665    186.71445    134619.23   -42255.823    2616.1169    -44871.94    83.597626   0.92775372 
544000    210.21428   -48.005861    134929.17   -42333.533    2615.4653   -44948.998    83.729297   0.92562259 
546000     209.4531   -211.77142    135079.03   -42274.373    2605.9947   -44880.368    84.198364   0.92459571 
548000    213.11152   -112.44706    134953.37   -42275.489    2651.5124   -44927.002     84.13776   0.92545662 
550000    207.20502    42.619779     134957.9   -42281.064    2578.0244   -44859.088    84.127001   0.92542555 
552000     208.6659    38.552142    134797.45   -42257.047    2596.2005   -44853.248    84.062066   0.92652707 
554000     211.6602   -180.58145    135165.61   -42237.627    2633.4553   -44871.082    84.404332   0.92400345 
556000    207.68557   -362.54146    135321.97   -42314.801    2584.0034   -44898.805    84.649988   0.92293583 
558000    210.52416   -212.55423     135423.9   -42300.754    2619.3208   -44920.075    84.637114   0.92224112 
560000    208.22481   -53.606771    135069.32   -42236.105    2590.7125   -44826.818    84.523644   0.92466218 
562000    211.85814   -273.82949       135221   -42276.377    2635.9181   -44912.295    84.722194   0.92362494 
564000    210.76567   -175.51467    135227.71   -42289.995    2622.3256    -44912.32    84.895502   0.92357914 
566000    211.19409    26.298467    135037.69   -42270.368     2627.656   -44898.024    84.660206   0.92487874 
568000     213.4063   -95.774402     135057.5   -42256.716    2655.1801   -44911.896    84.920767   0.92474311 
570000    205.95568   -317.61956    135258.93   -42302.609    2562.4802   -44865.089    84.995225   0.92336596 
572000    210.58498   -227.75218    135474.77   -42344.782    2620.0775   -44964.859    85.084767   0.92189484 
574000    216.11189   -251.70676    135379.64   -42235.395    2688.8428   -44924.238    85.409557   0.92254261 
576000    210.07702   -228.84851    135099.64   -42241.368    2613.7575   -44855.125    85.128951   0.92445467 
578000    211.71855   -335.98923     135399.2   -42304.733    2634.1813   -44938.914    85.435881   0.92240938 
580000    210.77344    113.85737    134875.81   -42285.758    2622.4224    -44908.18    85.504902   0.92598883 
582000    208.32521   -299.08971    134955.02   -42261.161    2591.9617   -44853.123    85.576853   0.92544535 
584000    210.68872   -157.50097    135157.27   -42273.912    2621.3682    -44895.28    85.782757    0.9240605 
586000    207.74645   -242.94674    135166.35   -42291.695    2584.7607   -44876.455    85.643231   0.92399838 
588000    213.63403    54.892432    134794.99   -42293.919    2658.0134   -44951.932    85.521668   0.92654401 
590000    210.90458    -134.3815    135079.33   -42270.145    2624.0539   -44894.199    85.915349   0.92459368 
592000    207.82404   -9.1492108    134889.05   -42265.109    2585.7261   -44850.835    85.909148   0.92589792 
594000    213.45102   -221.01107    135221.14   -42221.322    2655.7365   -44877.058    86.043902   0.92362401 
596000    213.76267    82.193922     135025.1   -42260.503    2659.6141   -44920.117     86.24228   0.92496496 
598000     212.7159    163.37405     135054.6   -42251.617    2646.5902   -44898.207    86.287978   0.92476296 
600000     207.6657   -184.48269    135244.05   -42370.654    2583.7561    -44954.41    86.615513   0.92346756 
602000     208.5562   -162.80393    135354.01   -42366.667    2594.8357   -44961.502    86.751206   0.92271734 
604000    212.14779   -31.541413     134953.4   -42254.095    2639.5218   -44893.617    86.578453   0.92545645 
606000    209.41851    -261.8166    134849.25   -42296.348    2605.5644   -44901.913    86.895317    0.9261712 
608000    207.67436    246.80479    134429.84   -42323.682    2583.8639   -44907.546    86.525922   0.92906079 
610000    209.32533    2.5901581    134810.38   -42303.913    2604.4051   -44908.318    86.789236   0.92643823 
612000     209.5267    111.13269    134833.34   -42281.529    2606.9105    -44888.44    87.035014    0.9262805 
614000    204.36684   -91.225112    134860.69   -42364.634     2542.712   -44907.346    87.040513   0.92609266 
616000    213.86937   -305.14226    135376.02   -42188.253    2660.9416   -44849.195    87.443502   0.92256729 
618000     211.2411   -177.75321    135233.43   -42290.581    2628.2408   -44918.821    87.434579   0.92354009 
620000    212.17546   -250.25434    134960.81   -42173.925     2639.866   -44813.791    87.676736    0.9254056 
622000    213.88967   -199.06452    134996.64   -42192.101    2661.1942   -44853.295    87.972355   0.92515997 
624000    213.03085    -54.63311    134855.39   -42243.486    2650.5088   -44893.995     87.98491   0.92612904 
626000    209.87281    95.680993    134917.38   -42259.279    2611.2168   -44870.496    88.220988   0.92570351 
628000     212.3013    522.42241    134513.28   -42264.755    2641.4318   -44906.187     88.18198   0.92848449 
630000    206.68504    55.841831    134986.56   -42330.112    2571.5548   -44901.667     88.47569   0.92522908 
632000    207.29939    77.725626    135022.31   -42325.341    2579.1986   -44904.539    88.472862   0.92498411 
634000    209.71283   -38.628833    135083.02    -42242.62    2609.2263   -44851.847    88.772472   0.92456836 
636000    209.51439   -233.50317    135232.52   -42310.875    2606.7573   -44917.632    89.092698   0.92354625 
638000    211.38283   -148.13706    135137.36   -42364.183    2630.0043   -44994.188    89.109352   0.92419659 
640000    212.06566   -115.56066    135111.18   -42299.635       2638.5   -44938.135    89.008703    0.9243757 
642000    207.23509   -241.08633    135356.04    -42340.98    2578.3985   -44919.378    89.111594   0.92270346 
644000    207.76408   -386.34209    135761.63   -42361.985    2584.9801   -44946.965     89.68456   0.91994689 
646000    209.55594   -201.50401    135217.34   -42344.085    2607.2743   -44951.359    89.492028   0.92364996 
648000    211.03757   -68.498664    135129.84   -42336.294    2625.7086   -44962.003    89.527045   0.92424808 
650000    211.19526    13.230574    135134.59   -42281.879    2627.6706    -44909.55    89.453584   0.92421559 
652000    211.52465   -144.08254    135223.63   -42291.608    2631.7687   -44923.377    89.822757   0.92360698 
654000    212.11296   -122.68281     135151.9    -42267.17    2639.0885   -44906.259    89.744959   0.92409722 
656000    209.51888   -161.40883    135071.26   -42385.313    2606.8132   -44992.126    89.693115    0.9246489 
658000    208.00771   -277.04962    135246.27   -42399.875    2588.0113   -44987.886    90.021922   0.92345236 
660000    212.49848   -229.38962    135477.61   -42355.085    2643.8851    -44998.97     89.97289   0.92187553 
662000     204.5489   -231.11919    135353.75    -42350.11    2544.9772   -44895.087    89.983488   0.92271908 
664000     211.1283   -316.35651    135152.66   -42357.533    2626.8374   -44984.371    90.060082     0.924092 
666000    210.36013    -135.0971    135374.02   -42371.165    2617.2799   -44988.445    90.123645   0.92258096 
668000    210.90831   -264.01492    135591.37    -42341.59    2624.1004    -44965.69    90.437561   0.92110206 
670000    207.95701   -79.319824    135461.47   -42375.097    2587.3806   -44962.478    90.449903   0.92198532 
672000    210.51448    19.968631    135331.92   -42340.713    2619.2004   -44959.913    90.329621   0.92286791 
674000      210.036   -41.020677    135299.87   -42302.785    2613.2472   -44916.033    90.434144   0.92308655 
676000    212.32448   -195.32676     135123.6   -42320.391    2641.7202   -44962.111    90.647264   0.92429072 
678000    209.18484   -125.84693    135149.64   -42359.682    2602.6571   -44962.339    90.781948   0.92411268 
680000     209.6446   -135.07015    135450.61   -42359.596    2608.3774   -44967.974    90.789959    0.9220593 
682000    212.25917   -250.49321    135701.85   -42376.765    2640.9076   -45017.672    91.092579   0.92035217 
684000    215.22492   -55.543779     135419.2   -42308.018    2677.8071   -44985.825    91.163141   0.92227312 
686000     205.9118   -28.641213    135281.19   -42397.095    2561.9343   -44959.029    91.066454   0.92321405 
688000    210.25353   -110.38575    135322.11   -42384.117    2615.9537   -45000.071    91.133848   0.92293485 
690000    211.90475   -7.0826648    135317.69   -42358.472     2636.498    -44994.97    91.142832   0.92296503 
692000    215.13257    23.281668    135268.05   -42311.557    2676.6582   -44988.215    91.198058   0.92330373 
694000    211.40616   -23.268003    135548.22   -42358.176    2630.2945    -44988.47    91.384013    0.9213953 
696000    207.92031   -206.52713    135783.16   -42446.155    2586.9239   -45033.079    91.487419   0.91980105 
698000     209.8843    -230.6052    135712.03   -42416.222    2611.3597   -45027.582    91.216939   0.92028311 
700000    211.50786   -89.176463    135601.83   -42419.544    2631.5599   -45051.104    91.605994   0.92103102 
702000      215.433   -86.596526    135338.58   -42368.307    2680.3961   -45048.703     91.58028   0.92282256 
704000    214.26089   -184.22821    135416.55   -42316.211    2665.8128   -44982.024    91.757077   0.92229122 
706000    212.56887   -184.88195    135523.36   -42314.026    2644.7609   -44958.787    91.443382   0.92156429 
708000    209.86232   -151.74524    135483.54   -42405.112    2611.0862   -45016.199    91.665786   0.92183516 
710000    203.55702   -175.21124    135281.53   -42463.159    2532.6364   -44995.795    91.346371   0.92321169 
712000    209.17258     -331.113    135588.58   -42441.255    2602.5045    -45043.76    91.577801   0.92112102 
714000    211.24842    14.159566    135191.59   -42401.948     2628.332    -45030.28    91.546952   0.92382588 
716000    208.36255    -251.6084    135335.22   -42428.369    2592.4263   -45020.795    91.564836   0.92284547 
718000    209.79217   -5.8423227    135441.62   -42439.705    2610.2135   -45049.919    91.737334   0.92212045 
720000    212.72224    345.37021     134918.8   -42375.828    2646.6691   -45022.497    91.610004   0.92569378 
722000    213.09869   -57.739724    135187.11   -42425.367    2651.3528    -45076.72    91.864295   0.92385653 
724000    210.71957    126.91616    135130.63   -42405.054     2621.752   -45026.806    91.895083   0.92424268 
726000    209.43354   -368.13974    135649.87   -42420.081    2605.7514   -45025.833    92.140639   0.92070481 
728000    208.84591   -254.56121     135686.6   -42433.746    2598.4402   -45032.186    92.399385   0.92045558 
730000    213.17635    21.888438    135305.43   -42355.463     2652.319   -45007.782    92.207424   0.92304862 
732000    210.82709   -202.14866    135578.49   -42359.903    2623.0899   -44982.993    92.600658   0.92118961 
734000    207.26453   -78.656235    135398.22   -42426.191    2578.7647   -45004.956    92.408486   0.92241606 
736000    207.93154   -82.761216    135611.05   -42459.246    2587.0636    -45046.31     92.80557   0.92096841 
738000     211.7995   -167.28073    135560.69   -42398.123    2635.1884   -45033.311    92.833962   0.92131054 
740000    213.78338   -267.86159    135669.65   -42403.058    2659.8716   -45062.929    92.702961    0.9205706 
742000    210.63485   -333.01744    135671.43   -42336.839     2620.698   -44957.537    92.884421   0.92055849 
744000    213.01048    98.143414    135466.67   -42343.215    2650.2554    -44993.47    92.981455   0.92194996 
746000    211.27484   -306.71008     135536.2   -42390.818    2628.6607   -45019.479     93.19448   0.92147698 
748000    210.81381   -247.31707    135406.35    -42415.63    2622.9246   -45038.555    93.231268   0.92236066 
750000    210.68362   -198.67283     135453.2   -42411.085    2621.3048   -45032.389    93.191615   0.92204165 
752000    210.73807    -24.79206    135366.98   -42388.057    2621.9823   -45010.039    93.515232   0.92262893 
754000    213.27509   -96.614931     135418.3   -42381.209    2653.5476   -45034.756    93.499514   0.92227929 
756000    210.48846   -193.73718    135539.19   -42424.602    2618.8766   -45043.479     93.67535   0.92145669 
758000     210.2302     -26.1375    135452.95   -42420.053    2615.6633   -45035.716     93.52845   0.92204337 
760000    210.78952   -225.36851    135638.35   -42416.497    2622.6224   -45039.119    93.864103   0.92078301 
762000    204.90052   -157.82697    135405.15   -42464.951     2549.352   -45014.303     93.74222   0.92236886 
764000    210.69886    22.050755    135106.49   -42465.882    2621.4943   -45087.376      93.6671   0.92440781 
766000    208.41101     6.605054    135283.84   -42446.883    2593.0292   -45039.912    93.832811   0.92319593 
768000    209.85352    265.51328    135064.34   -42476.397    2610.9767   -45087.374    93.896185   0.92469625 
770000    210.21378    123.99203    135061.83   -42450.659    2615.4591   -45066.118    93.873591   0.92471344 
772000    207.27809    45.601228    134969.11   -42416.209    2578.9335   -44995.143     93.89061   0.92534869 
774000     210.2401   0.56738846    135529.86   -42385.117    2615.7865   -45000.904    94.154838   0.92152008 
776000    211.57324   -51.090865    135346.23   -42392.499    2632.3734   -45024.872    94.334569    0.9227704 
778000    207.95205   -37.144614    135366.74   -42419.365    2587.3188   -45006.684    94.336311   0.92263059 
780000      211.994   -340.79109    135779.96   -42436.127    2637.6084   -45073.735     94.58387    0.9198227 
782000    214.62533   -286.86073    135557.66   -42411.327    2670.3471   -45081.674    94.445576    0.9213311 
784000    212.61297   -193.10636    135409.97   -42329.363    2645.3096   -44974.673    94.184511   0.92233604 
786000    209.95851   -209.45271    135396.33   -42374.163     2612.283   -44986.446    94.577298   0.92242891 
788000    212.35063   -385.25793    135791.75   -42356.699    2642.0456   -44998.745    94.966799   0.91974286 
790000    208.98247   -649.05087    135815.07   -42462.324    2600.1392   -45062.463    94.938552   0.91958493 
792000    206.37579   -402.81959    135588.52   -42470.669    2567.7072   -45038.376    94.840181   0.92112145 
794000    211.72647    24.067562     135326.6   -42415.557    2634.2798   -45049.836    94.611938   0.92290426 
796000    212.59398   -119.41993    135691.42   -42418.389    2645.0733   -45063.463    94.874847   0.92042291 
798000    214.46942   -199.86058     135687.6   -42394.459    2668.4074   -45062.867    94.756588   0.92044882 
