0.01 225.85997 -461.70075 114090.57 -153309 11535 -164844 177.81527 
0.02 231.57181 696.36235 113495.19 -153248 11826.8 -165075 184.4652 
0.03 227.70776 105.91729 113692.34 -153459 11629.4 -165089 189.06472 
0.04 226.33787 134.96657 113947.9 -153334 11559.4 -164893 198.95949 
0.05 228.16139 90.455837 113879.27 -153219 11652.6 -164871 205.73892 
0.06 234.93491 -538.79628 113652.85 -152995 11998.5 -164993 212.89707 
0.07 231.79664 -511.41714 114236.06 -153114 11838.2 -164952 220.78443 
0.08 229.59077 375.39785 114176.53 -152929 11725.6 -164655 227.07937 
0.09 232.33716 -14.877565 114297.17 -152732 11865.8 -164598 237.52526 
0.1 233.34395 440.05262 114082.37 -152812 11917.3 -164730 243.1565 
0.11 232.08827 272.05109 114414.15 -152883 11853.1 -164736 249.41704 
0.12 229.96781 177.60464 113668.98 -153147 11744.8 -164892 255.96651 
0.13 231.0554 453.51414 113745.07 -153013 11800.4 -164814 265.47285 
0.14 228.53654 -18.580153 114508.03 -153005 11671.7 -164677 274.79926 
0.15 227.53043 -205.58645 114263.43 -153250 11620.4 -164871 283.11327 
0.16 229.33204 301.20046 113679.06 -153385 11712.4 -165097 291.14101 
0.17 231.44084 -376.84039 114197.35 -153220 11820.1 -165040 299.17092 
0.18 228.99777 -539.38089 114257.37 -153599 11695.3 -165294 304.47098 
0.19 223.23376 182.87469 114333.21 -153488 11400.9 -164889 313.14538 
0.2 230.16495 -102.71523 114145.89 -153444 11754.9 -165199 319.95103 
0.21 227.24543 254.42274 113730.42 -153463 11605.8 -165069 326.9949 
0.22 227.24085 -371.08287 114269.36 -153195 11605.6 -164800 336.92468 
0.23 231.78994 263.14653 114084.88 -153150 11837.9 -164988 345.78104 
0.24 229.48674 -325.85148 114567.38 -153076 11720.3 -164796 353.7022 
0.25 232.48096 265.52245 114195.71 -152832 11873.2 -164706 361.87538 
0.26 230.08158 -629.05226 113795.5 -153075 11750.6 -164826 373.95215 
0.27 225.48867 53.918873 114269.71 -153256 11516.1 -164772 381.53389 
0.28 232.78348 126.6169 114121.21 -153074 11888.6 -164962 387.18278 
0.29 223.03026 -231.38719 114298.45 -153334 11390.5 -164725 394.83777 
0.3 232.74304 -120.75035 113906.01 -153089 11886.6 -164976 400.80868 
0.31 230.98048 118.68973 114031.02 -152989 11796.6 -164785 409.78526 
0.32 231.57677 70.115866 113621.35 -152968 11827 -164795 415.33376 
0.33 228.0096 -415.02382 114522.1 -152965 11644.8 -164609 424.86322 
0.34 229.53457 42.236083 113972.54 -152817 11722.7 -164539 431.67857 
0.35 225.57984 25.185817 114219.62 -153211 11520.7 -164732 442.80526 
0.36 231.06323 148.36379 114161.8 -153079 11800.8 -164880 448.61877 
0.37 230.30941 80.956785 113683.95 -153231 11762.3 -164993 456.95424 
0.38 230.92365 496.41513 113637.44 -153265 11793.7 -165059 462.86388 
0.39 228.79978 -79.219562 114114.72 -153361 11685.2 -165046 471.84052 
0.4 227.82388 -512.36334 113696.32 -153610 11635.3 -165245 480.29899 
0.41 227.43898 -44.035094 113667.6 -153579 11615.7 -165195 486.98011 
0.42 230.41801 -286.09005 113634.71 -153479 11767.8 -165247 495.23829 
0.43 226.72109 420.15214 113480.31 -153702 11579 -165281 502.70969 
0.44 227.09345 305.90331 113604.54 -153627 11598 -165225 509.95744 
0.45 225.42648 266.96196 113819.56 -153486 11512.9 -164999 519.51273 
0.46 229.51806 -189.49329 113911.81 -153568 11721.9 -165290 527.4844 
0.47 229.42179 37.097022 114195.86 -153425 11716.9 -165142 537.53865 
0.48 229.7213 -15.877686 114449.8 -152903 11732.2 -164635 548.09653 
0.49 233.42897 -55.741229 114063.76 -152658 11921.6 -164579 554.8673 
0.5 229.24608 62.728054 114205.13 -152816 11708 -164524 564.55128 
0.51 233.3638 288.83605 114463.78 -152841 11918.3 -164760 570.08121 
0.52 232.94156 56.851546 114606.23 -152650 11896.7 -164547 575.65738 
0.53 234.13662 158.00765 114372.42 -152662 11957.7 -164620 582.80569 
0.54 231.01653 -77.718646 114345.31 -152817 11798.4 -164615 591.87678 
0.55 232.40317 339.45515 113935.85 -152764 11869.2 -164634 595.80759 
0.56 232.15557 21.7238 113892.59 -152928 11856.6 -164785 603.32991 
0.57 226.14036 -515.05127 114566.22 -152915 11549.4 -164465 614.30643 
0.58 233.23667 -367.73685 114000.1 -153086 11911.8 -164998 620.93019 
0.59 227.21985 266.45819 113815.07 -153335 11604.5 -164939 626.41567 
0.6 231.283 -158.4147 113887.53 -153103 11812 -164915 634.56101 
0.61 233.90317 -666.82452 114451.14 -152977 11945.8 -164923 644.65273 
0.62 233.42332 -456.37668 114052.09 -152975 11921.3 -164896 651.94344 
0.63 234.03564 -112.69824 114310.69 -152790 11952.6 -164743 659.47699 
0.64 233.35639 340.89666 114036.76 -152652 11917.9 -164570 661.11591 
0.65 237.51091 -241.88053 113890 -152854 12130.1 -164984 669.35629 
0.66 234.62887 99.362829 114239.55 -152966 11982.9 -164949 679.59874 
0.67 230.48872 -147.93515 113872.72 -153117 11771.4 -164888 686.23848 
0.68 230.36428 -587.71159 114173.21 -153005 11765.1 -164770 696.43171 
0.69 231.96386 -416.8906 114144.85 -153042 11846.8 -164888 702.64067 
0.7 233.98808 -351.86361 114237.3 -152982 11950.2 -164932 710.26659 
0.71 227.70339 792.91929 113750.92 -153106 11629.2 -164735 717.43216 
0.72 228.1122 405.3765 113796.81 -153157 11650.1 -164807 727.39782 
0.73 227.22361 -46.244062 114324.57 -153287 11604.7 -164892 732.7129 
0.74 227.31085 -743.25226 114002.57 -153387 11609.1 -164996 740.10445 
0.75 225.05885 155.27538 114144.89 -153299 11494.1 -164793 748.8147 
0.76 233.25241 510.93225 114034.95 -153003 11912.6 -164915 761.12933 
0.77 233.90251 -72.976314 114179.02 -152930 11945.8 -164876 769.82608 
0.78 227.66846 -321.57411 114574.42 -153079 11627.4 -164706 777.13471 
0.79 229.82352 -419.86076 114109.42 -153086 11737.5 -164823 782.97866 
0.8 229.10386 -136.34774 114298.58 -152953 11700.7 -164654 792.53016 
0.81 232.16313 -105.11188 113798.25 -152867 11857 -164723 795.56346 
0.82 229.08213 -448.52023 114568.58 -152688 11699.6 -164387 810.09146 
0.83 230.49102 -91.265619 113856 -153037 11771.6 -164808 813.68167 
0.84 229.74142 -77.404488 114554.62 -153080 11733.3 -164814 825.43039 
0.85 232.69963 -84.06492 114182.75 -152938 11884.4 -164822 830.13112 
0.86 232.7846 -247.96126 114310.45 -152687 11888.7 -164576 835.60496 
0.87 232.3296 8.1014575 114546.77 -152839 11865.5 -164704 847.35335 
0.88 231.66128 -26.231873 114060.49 -152745 11831.3 -164577 851.75836 
0.89 232.71362 -442.82022 114111.6 -152883 11885.1 -164768 860.49981 
0.9 228.26011 332.70958 114299.73 -152956 11657.6 -164614 864.59742 
0.91 229.14542 214.98147 114337.53 -153209 11702.8 -164912 872.68718 
0.92 231.80965 -408.63423 114106.44 -153258 11838.9 -165097 879.50451 
0.93 231.67612 46.814189 113771.91 -153075 11832.1 -164907 887.09665 
0.94 233.10952 654.59542 113707.54 -153070 11905.3 -164975 892.47073 
0.95 227.50709 139.13638 113625.07 -153441 11619.2 -165060 897.80685 
0.96 229.13961 179.415 114099.45 -153245 11702.5 -164948 907.93774 
0.97 228.00548 -196.86902 113755.93 -153498 11644.6 -165143 913.66028 
0.98 228.75435 -653.10472 114220.44 -153093 11682.9 -164776 925.45758 
0.99 227.16332 -613.64989 114509.18 -152930 11601.6 -164531 932.67888 
