94000    232.72565   -1278.3988    134906.21    -40498.89    2895.5496    -43394.44    177.56933   0.92578014 
96000    232.39925   -800.09154    134608.81   -40519.875    2891.4885   -43411.364    179.09989   0.92782553 
98000     230.8239   -850.60657    134680.32   -40567.451    2871.8882   -43439.339    181.23216   0.92733291 
100000    230.66038   -1020.6921    135186.14   -40648.098    2869.8537   -43517.951    183.29363   0.92386316 
102000    230.37464   -1273.4469    134977.58   -40657.319    2866.2985   -43523.617    184.21701   0.92529064 
104000     231.2418   -886.45316    134629.99    -40601.98    2877.0876   -43479.068     184.5353   0.92767956 
106000    233.09013   -1107.8462    135171.95   -40692.719    2900.0844   -43592.803    186.33051   0.92396013 
108000    230.37203   -1022.1594    134929.32   -40737.467     2866.266   -43603.733     186.6712   0.92562161 
110000    224.57649   -944.18875    135174.53   -40677.741    2794.1584     -43471.9    188.49132    0.9239425 
112000    231.90641   -664.65567    134460.58   -40767.664    2885.3566   -43653.021    188.69127    0.9288484 
114000    226.79881   -990.09491     134697.5   -40762.582    2821.8083   -43584.391    190.79181   0.92721463 
116000    232.31576   -855.41122    135180.95   -40647.268    2890.4498   -43537.717    191.78757   0.92389858 
118000    231.94617    -829.9659    134579.54   -40666.863    2885.8513   -43552.714    192.97316   0.92802733 
120000    225.93727   -1221.6244    134646.14   -40759.554    2811.0891   -43570.644    194.75736   0.92756829 
122000    228.21828   -964.95556    134320.13   -40709.546    2839.4692   -43549.015    195.17672   0.92981961 
124000    227.93934   -975.45098    134773.66     -40704.9    2835.9988   -43540.898    197.77536   0.92669064 
126000    228.84612   -1014.4347    133739.93    -40686.47    2847.2808   -43533.751     197.5983   0.93385345 
128000     223.5977   -968.89094    133997.92   -40675.191    2781.9804   -43457.171    198.63634   0.93205548 
130000    228.72962   -968.86734    134434.29    -40568.17    2845.8313   -43414.001    201.30693      0.92903 
132000    231.99344   -1258.8234    134434.23   -40544.848    2886.4395   -43431.288     203.3379   0.92903043 
134000    233.80032   -1126.5134    134314.47   -40515.857    2908.9204   -43424.778     205.1693   0.92985881 
136000    231.62006   -1250.4241     135050.3   -40477.499    2881.7939   -43359.293    207.84164   0.92479241 
138000    230.44976   -785.76234    134050.69   -40441.062    2867.2331   -43308.295    209.55293   0.93168854 
140000    232.93032    -1224.685    134607.41   -40377.873     2898.096   -43275.969    213.18987   0.92783521 
142000    231.46156   -911.98743    134493.06    -40490.64    2879.8218   -43370.462    215.39184   0.92862405 
144000     226.8287   -1095.9351    134464.87   -40499.495    2822.1803   -43321.675    217.52077   0.92881877 
146000    229.17532   -833.29516    134026.23   -40438.909    2851.3767   -43290.286    218.73454   0.93185859 
148000    226.90537   -1121.9766     134408.8   -40461.994    2823.1342   -43285.128    219.96102   0.92920623 
150000    226.31215   -1109.6764     134244.5   -40542.891    2815.7535   -43358.645    223.16635   0.93034344 
152000    229.47214   -1007.5815    133776.56   -40477.115    2855.0697   -43332.184    223.67285   0.93359773 
154000    231.30104   -1098.5579    134249.78    -40367.96    2877.8247   -43245.785    225.57858   0.93030687 
156000    232.96999   -757.41154    133852.18   -40411.022    2898.5896   -43309.611    227.36359   0.93307027 
158000    232.81537   -966.39751       134228   -40392.132    2896.6659   -43288.798    230.54002   0.93045779 
160000    230.93562   -828.98387    133982.17   -40416.853    2873.2782   -43290.132    231.27013   0.93216503 
162000     226.7989   -973.28037     134737.7   -40479.527    2821.8095   -43301.337    234.27861   0.92693797 
164000    231.06911    -1241.537    134996.46   -40379.242    2874.9391   -43254.181    236.83307   0.92516123 
166000    234.24918   -847.26271    134203.69   -40520.405    2914.5051    -43434.91    237.69672   0.93062635 
168000    234.05174   -1089.9759    134341.73   -40511.044    2912.0486   -43423.092    238.98444   0.92967014 
170000    237.01158   -1045.9368    134259.06   -40416.048    2948.8747   -43364.923    239.49705   0.93024254 
172000     231.3642   -596.48219    133829.65   -40430.528    2878.6106   -43309.139    240.98503   0.93322735 
174000    231.61373   -850.78602    133844.43    -40408.09    2881.7151   -43289.805     243.1983   0.93312432 
176000    231.57855   -969.39776    134400.31   -40505.157    2881.2774   -43386.435    245.07336    0.9292649 
178000    230.86394   -1297.2065    134572.04   -40537.977    2872.3863   -43410.364    247.38947   0.92807904 
180000    233.65718    -995.1207    134359.37   -40454.025    2907.1395   -43361.165    249.10597   0.92954806 
182000     228.0453   -991.70034    134470.25   -40550.349     2837.317   -43387.666    250.92393   0.92878158 
184000    232.78494   -1294.6317    134466.78   -40578.836    2896.2873   -43475.123    252.59376   0.92880554 
186000    224.60358   -1050.9977    133740.54   -40534.808    2794.4955   -43329.303    252.47324   0.93384917 
188000     229.5132   -785.65658    134024.51   -40525.883    2855.5806   -43381.464    254.40666   0.93187051 
190000    226.48545   -860.39898    134651.05   -40524.667    2817.9096   -43342.576    256.95592   0.92753451 
192000    227.84516   -919.78956    134067.76   -40572.186     2834.827   -43407.013    257.93673    0.9315699 
194000    230.74049   -1237.3649    134140.91   -40451.826    2870.8504   -43322.676    259.37921   0.93106187 
196000    230.64692   -868.49452    133660.67   -40464.843    2869.6861   -43334.529    260.77249    0.9344072 
198000     233.4696   -1016.0063    134397.52    -40357.55    2904.8057   -43262.356    264.35201   0.92928417 
200000    230.88456   -646.21661    133802.02   -40490.663    2872.6428   -43363.306    265.36578   0.93342005 
202000    230.46322   -1230.2108    134414.74   -40473.876    2867.4007   -43341.277     268.0553   0.92916512 
204000    234.53754   -665.57286    133435.38   -40480.169    2918.0929   -43398.262    268.72707   0.93598481 
206000    231.53112   -1042.4787    134221.96   -40491.098    2880.6873   -43371.785    272.51415    0.9304997 
208000    233.35246   -1272.7406    134873.99   -40564.272    2903.3482    -43467.62    275.34643   0.92600131 
210000    228.13046   -1102.8661     134686.3    -40594.39    2838.3766   -43432.766    276.24107   0.92729174 
212000    233.00532   -1391.2186     135264.9    -40502.77    2899.0292   -43401.799    278.41257    0.9233252 
214000    233.67567   -1369.1054     134725.2   -40510.323    2907.3696   -43417.693    279.01744   0.92702396 
216000    228.75973   -1083.6567    134706.36   -40678.378    2846.2059   -43524.584    280.89193   0.92715366 
218000    227.35824   -1025.9007    134590.71   -40698.285    2828.7688   -43527.054    281.55637   0.92795029 
220000    226.47403   -681.12124    134832.66   -40710.095    2817.7675   -43527.862    283.36424   0.92628515 
222000    230.56354    -1052.527     135246.7    -40657.18    2868.6488   -43525.829    284.72315   0.92344942 
224000    228.42643   -1123.5462    135116.77   -40640.465    2842.0591   -43482.524    285.25743   0.92433746 
226000    230.88979   -730.25124    134382.85   -40651.268     2872.708   -43523.976    285.78619   0.92938566 
228000     221.1695   -1032.6121    134778.22    -40735.23     2751.769   -43486.999    286.75577   0.92665928 
230000    222.24335   -1240.6889    135249.54    -40735.66    2765.1298   -43500.789    288.00508   0.92343008 
232000    228.64483   -1090.3306    134765.87   -40736.071    2844.7764   -43580.847    289.32669   0.92674422 
234000    227.37472   -800.23743    135056.22   -40705.135    2828.9738   -43534.109    290.59639   0.92475185 
236000    230.76916   -885.93446    134999.22   -40752.517    2871.2071   -43623.724    292.15689   0.92514231 
238000    229.55606   -789.14321    134706.92   -40772.351    2856.1138   -43628.465    293.71293   0.92714977 
240000    230.67397   -1235.6793     135152.7   -40682.718    2870.0227    -43552.74    295.54371    0.9240917 
242000    229.54217   -1030.8941    134870.03   -40684.031    2855.9409   -43539.972    294.92267   0.92602848 
244000    228.32129   -1140.9635    134969.98   -40657.193     2840.751   -43497.944    296.92908   0.92534274 
246000    228.76871   -913.10095    134913.84   -40646.811    2846.3177   -43493.128    298.21742   0.92572776 
248000     230.7854   -1101.3415    134992.23   -40605.321    2871.4092    -43476.73    299.22787   0.92519021 
250000    227.53507   -1127.9211    134929.07   -40658.255    2830.9688   -43489.224    300.69163   0.92562331 
252000    232.62011   -1172.7779    134570.85   -40667.043    2894.2365   -43561.279    301.64317   0.92808727 
254000    231.92578   -738.77849    134680.58    -40661.62    2885.5976   -43547.217    302.47612   0.92733107 
256000    228.85727   -916.93508    134409.68   -40738.566    2847.4195   -43585.986     302.6409    0.9292001 
258000    231.39889   -862.09572    135163.01   -40634.927    2879.0421   -43513.969    306.05805   0.92402123 
260000    229.01575   -854.72619    134498.78   -40658.684    2849.3913   -43508.075    304.17667   0.92858455 
262000    228.46634   -925.03942    134577.86   -40621.009    2842.5556   -43463.565    305.11616   0.92803891 
264000    227.75197   -757.16064    134683.44   -40635.577    2833.6675   -43469.245    307.34383   0.92731143 
266000    228.24045   -924.75085    134990.71   -40619.773    2839.7451   -43459.518    309.00782   0.92520063 
268000    234.06558   -882.22597    135075.33   -40566.996    2912.2208   -43479.217    310.03615   0.92462104 
270000    225.78364   -895.56199    134956.58   -40787.396    2809.1778   -43596.574    311.11372   0.92543459 
272000    222.12194   -960.92106    135334.63   -40795.934    2763.6192   -43559.553    313.09031    0.9228495 
274000    225.49243   -1024.3452    135058.87   -40873.091    2805.5546   -43678.646    313.69468   0.92473369 
276000    227.40859   -1019.9898    134575.04   -40643.649    2829.3952   -43473.044    313.79184   0.92805837 
278000    229.41614   -1081.7135    135127.47   -40640.202     2854.373   -43494.575    316.46312   0.92426428 
280000    233.82281   -993.86107    134769.88    -40628.12    2909.2003    -43537.32     317.1373   0.92671665 
282000    235.16165   -1101.1276     134907.9   -40605.461     2925.858   -43531.319    317.51402   0.92576857 
284000    224.95808   -1333.0973    135257.59   -40671.342    2798.9062   -43470.248    319.52312   0.92337511 
286000    226.92206    -852.0706    135021.86   -40712.482    2823.3418   -43535.824    320.41577   0.92498718 
288000    229.65395   -880.52077    134929.69   -40703.772    2857.3317   -43561.103    321.47146   0.92561906 
290000     233.4126   -906.73432    135362.25   -40722.723    2904.0965    -43626.82    323.56381   0.92266114 
292000    228.61096   -1259.0541    136113.41   -40753.173    2844.3549   -43597.528    326.15003   0.91756932 
294000    229.79765   -937.64491    135201.29   -40812.144    2859.1196   -43671.264    326.08879   0.92375963 
296000    231.27788   -572.08009    135100.99    -40756.66    2877.5366   -43634.196    325.74581   0.92444543 
298000    230.52236    -1176.159    135754.96   -40739.185    2868.1365   -43607.322    328.18317   0.91999213 
300000    228.26373   -1094.3832    135722.15   -40777.499    2840.0348   -43617.534    328.95503    0.9202145 
302000    230.38952   -734.37824    135456.61   -40839.099    2866.4837   -43705.583    330.19777   0.92201842 
304000    227.21237   -1027.1833    135365.83   -40776.434    2826.9538   -43603.388    331.25667   0.92263679 
306000    229.35465   -962.46772    135730.96   -40748.967    2853.6079   -43602.575     332.5553   0.92015477 
308000    225.35645   -1246.5955    136144.38   -40862.136    2803.8627   -43665.999    334.09413   0.91736063 
310000    232.00093   -994.51776    135599.03   -40888.133    2886.5327   -43774.666    334.00455   0.92105002 
312000    226.21567   -563.56973    135366.96   -40889.023     2814.553   -43703.576    334.65049   0.92262907 
314000    228.95472   -874.86183    135837.72   -40880.335    2848.6319   -43728.967    336.57159    0.9194316 
316000    230.82098   -1099.5801    135442.34   -40872.917    2871.8518   -43744.769    336.76311   0.92211558 
318000    221.45657   -1059.9237    135219.05   -40896.839    2755.3407   -43652.179    337.81306   0.92363826 
320000    227.96368   -1291.8911    135641.79   -40897.017    2836.3016   -43733.319    339.35672   0.92075965 
322000    234.01626   -1055.7055    135275.32    -40794.87    2911.6072   -43706.478     339.5023   0.92325405 
324000    235.38459   -598.73219    135435.65   -40794.059    2928.6318   -43722.691    340.53018   0.92216113 
326000    225.99618   -801.92776    135119.35    -40858.65    2811.8222   -43670.473    340.65648   0.92431983 
328000    225.58258    -1190.961    135928.22   -40999.212    2806.6761   -43805.888    343.94886   0.91881947 
330000    231.78062   -927.50406    135583.19   -40865.578    2883.7915   -43749.369    344.13349   0.92115763 
332000    230.54767   -1025.6961    136047.06   -40876.031    2868.4514   -43744.482    346.34501   0.91801682 
334000    230.61701   -780.94162    135539.05   -40914.464     2869.314   -43783.778    346.41983    0.9214576 
336000    226.08591   -952.02441    136253.06   -40980.849    2812.9386   -43793.787    348.28342    0.9166289 
338000    228.54093   -854.52986    135870.53   -41027.464    2843.4837   -43870.948    348.50281   0.91920958 
340000    225.57085   -1218.7622    136820.42   -41085.403    2806.5303   -43891.933    350.70167   0.91282783 
342000    232.46584   -930.06191    136024.25   -40940.935    2892.3171   -43833.252     350.6372   0.91817081 
344000    231.51971   -1229.1332     136913.1   -40912.013    2880.5453   -43792.558    353.17942   0.91220992 
346000    227.77762   -1008.7556    135721.17   -40939.302    2833.9866   -43773.289    351.18019   0.92022118 
348000    226.16914    -1388.012    135976.76   -40976.013     2813.974   -43789.987    352.05378   0.91849147 
350000    228.80487   -1194.7787    135651.15   -40802.899    2846.7676   -43649.667    353.04676   0.92069616 
352000    229.69125    -1012.365    135571.09   -40763.022    2857.7958   -43620.818    353.86777   0.92123983 
354000    233.23986   -1191.2286    135568.45    -40716.54    2901.9472   -43618.487    356.57808   0.92125777 
356000    228.52399   -1261.6505    136163.32    -40797.33    2843.2729   -43640.603    358.36023   0.91723298 
358000    228.53595   -979.17854    135262.31   -40836.849    2843.4217    -43680.27    357.77565    0.9233429 
360000    234.43479   -1104.8633    135842.03   -40776.452    2916.8145   -43693.267     360.5073   0.91940239 
362000    229.73018    -732.5789    135295.64   -40838.876    2858.2802   -43697.156    359.71118   0.92311542 
364000    226.87218   -739.31269    134870.27   -40790.678    2822.7213   -43613.399    360.12838   0.92602682 
366000     227.1291   -1293.3208    135700.39   -40739.181    2825.9178   -43565.099    363.60096   0.92036206 
368000    228.92382    -661.4925    134718.85   -40829.663    2848.2475   -43677.911    363.15049    0.9270677 
370000     226.7947   -940.94171    135150.75   -40813.666    2821.7573   -43635.423    365.31425   0.92410508 
372000    231.56798   -918.95715    135684.84   -40730.327    2881.1459   -43611.473    367.32558   0.92046751 
374000    233.10772   -1149.0124    135374.08   -40812.933    2900.3032   -43713.236    368.44145   0.92258055 
376000    230.94418   -880.94185    134764.57   -40838.929    2873.3847   -43712.313    367.79887   0.92675318 
378000    230.64833   -1058.4272    135655.88   -40724.922    2869.7037   -43594.626    369.89875   0.92066406 
380000    228.22584    -1177.266    135599.07   -40746.281    2839.5633   -43585.845    371.12955   0.92104977 
382000    233.42647   -1110.6703    135389.54   -40626.308    2904.2691   -43530.577    371.89224   0.92247516 
384000    232.36213   -976.69909    134686.99   -40671.043    2891.0266   -43562.069    371.52491   0.92728696 
386000    234.12456   -778.23106     134874.9   -40583.501    2912.9546   -43496.456    373.46545   0.92599504 
388000    230.21248   -888.85858    134617.18   -40699.197     2864.281   -43563.478     375.3387   0.92776786 
390000    228.32181   -1037.5839    134898.95   -40745.607    2840.7574   -43586.365    376.70968   0.92582996 
392000    225.22009     -920.084    134904.36   -40797.918    2802.1661   -43600.084     377.6464   0.92579285 
394000    225.58556   -916.79064    135070.15   -40735.439    2806.7133   -43542.152    379.78205   0.92465651 
396000    231.92947   -964.98134    135376.42   -40738.905    2885.6435   -43624.548    380.25969   0.92256462 
398000    227.95687   -701.32712    134819.94     -40810.9    2836.2168   -43647.117    380.37757   0.92637258 
400000    228.12588   -966.23434    135585.08   -40763.993    2838.3197   -43602.313    382.38774   0.92114481 
402000    228.27097   -1112.9616    135603.96   -40776.545    2840.1248   -43616.669    383.84013   0.92101656 
404000    230.00356    -997.3464    135403.45   -40751.597    2861.6816   -43613.278    385.86652   0.92238039 
406000     234.5055   -547.78178    134952.57   -40659.088    2917.6943   -43576.782    385.54155   0.92546213 
408000    234.47668   -1213.6014    135686.72   -40563.874    2917.3357    -43481.21    388.99528    0.9204548 
410000    228.47144   -873.79219    135161.19     -40691.8    2842.6191   -43534.419    389.95347   0.92403368 
412000    232.74748   -1151.9295     136200.4   -40690.772    2895.8211   -43586.593     393.8366   0.91698328 
414000    227.07626   -1266.6985    135990.73   -40766.164    2825.2603   -43591.424    394.98348   0.91839713 
416000    231.30965   -1242.3133    136233.46    -40832.79    2877.9318   -43710.721    397.71099   0.91676076 
418000    238.13597   -1291.3663    136324.23   -40784.935    2962.8642   -43747.799    399.33462   0.91615034 
420000    231.99552   -886.38093    135723.67    -40791.71    2886.4654   -43678.175     399.2522   0.92020417 
422000    229.90247   -860.18027    135383.34   -40888.992    2860.4238   -43749.416    399.75316   0.92251743 
424000    229.89696   -898.87216    135785.93   -40856.631    2860.3552   -43716.986     400.9672   0.91978225 
426000    223.43921   -1030.8223    135620.35    -40896.21    2780.0086   -43676.219    402.15704   0.92090526 
428000    228.63187   -1404.8688    135401.47   -40873.489    2844.6151   -43718.104    402.25401   0.92239388 
430000    229.33258    -1280.859    135544.98   -40870.441    2853.3333   -43723.774    403.28502    0.9214173 
432000    230.09265   -729.73704    135272.49   -40751.453      2862.79   -43614.243    403.74302   0.92327338 
434000    229.22862   -1137.3232    135511.58   -40764.933    2852.0398   -43616.973    405.06479   0.92164442 
436000    229.84144   -1226.5807    135608.97   -40839.165    2859.6645   -43698.829     406.8482    0.9209825 
438000    231.81912   -670.54838    135387.74    -40784.29    2884.2705    -43668.56    407.16903   0.92248747 
440000    234.90478   -1207.8611    135768.64   -40760.163    2922.6621   -43682.825    409.55255   0.91989941 
442000    222.87249   -1101.6029    135054.51   -40842.402    2772.9575   -43615.359    408.79445   0.92476359 
444000    229.85247   -1280.9003    135343.88   -40807.411    2859.8018   -43667.213    411.52349   0.92278639 
446000    228.61833   -1017.9881    135162.11   -40769.463    2844.4466    -43613.91    410.95717   0.92402741 
448000    230.99125   -934.26134    135441.37   -40812.356    2873.9703   -43686.327     412.9452   0.92212219 
450000    227.72322     -1172.21    135901.22   -40711.577    2833.3098   -43544.887    414.28759   0.91900197 
452000    230.18661   -556.23615    134978.41   -40704.942    2863.9591   -43568.901    412.46245   0.92528494 
454000    230.27162   -864.61488    134717.86   -40681.215    2865.0168   -43546.232    413.29694    0.9270745 
456000     235.4694   -1047.1836    135309.53   -40673.322     2929.687   -43603.009     416.4629   0.92302067 
458000    228.55217   -855.49333    135210.01   -40770.652    2843.6236   -43614.276    417.26118   0.92370005 
460000    230.78503   -994.51707    135471.41   -40727.675    2871.4045    -43599.08    419.89349   0.92191773 
462000    227.60768   -892.22833    134704.72   -40795.595    2831.8722   -43627.467     419.9809   0.92716491 
464000    227.61481   -704.29869    134536.42   -40707.405     2831.961   -43539.366    421.79646   0.92832479 
466000    227.40911    -870.7165    135242.74   -40662.177    2829.4017   -43491.578    426.17725   0.92347647 
468000    231.79999   -573.33364    135136.99   -40667.321    2884.0325   -43551.353    426.11699   0.92419914 
470000    229.38324   -981.44043    135697.11   -40765.278    2853.9635   -43619.242    427.91761   0.92038429 
472000    227.03639   -1187.9433    135254.78   -40763.825    2824.7644    -43588.59    427.99374    0.9233943 
474000    230.15431   -796.30076    134414.25   -40721.347    2863.5571   -43584.904    427.43843   0.92916856 
476000    230.14056   -1089.8618     134704.8   -40702.445    2863.3862   -43565.831    428.54926   0.92716434 
478000     230.5297   -1022.7943    135354.18   -40781.621    2868.2277   -43649.849    431.28075    0.9227162 
480000    227.99801   -1281.1763    135676.57   -40721.464    2836.7287   -43558.193    433.09612   0.92052364 
482000    231.39161   -740.52652    135199.42   -40711.238    2878.9515    -43590.19    433.20388   0.92377239 
484000    225.81384   -813.90443    134523.41   -40793.523    2809.5535   -43603.076    433.59709   0.92841452 
486000    229.79693   -859.73492    135213.54   -40871.615    2859.1107   -43730.726    436.70767   0.92367594 
488000    233.02527   -1080.2573       135578   -40779.318    2899.2774   -43678.596    438.21904   0.92119291 
490000    234.60416   -954.48067    135440.02   -40688.101    2918.9218   -43607.023    439.11193   0.92213139 
492000    232.87373   -1172.9136    135479.23   -40751.486    2897.3919   -43648.878    440.94678    0.9218645 
494000    229.63394    -916.1249     135336.5   -40813.903    2857.0828   -43670.986    441.34453   0.92283672 
496000    231.50756   -1109.7867    135424.92   -40750.729    2880.3941   -43631.123    442.68987   0.92223418 
498000    232.38564   -802.93589    135409.34   -40844.996    2891.3192   -43736.315    444.67623   0.92234028 
500000    225.34307   -888.65374    135099.62    -40814.43    2803.6962   -43618.126    444.02224   0.92445481 
502000     229.1362   -612.97512    135066.88   -40754.287      2850.89   -43605.177     444.2624   0.92467887 
504000    229.93558   -950.95336    134693.43   -40694.687    2860.8358   -43555.522    445.03145   0.92724264 
506000    228.62934   -1056.0727    135131.83   -40744.183    2844.5836   -43588.767    447.21621   0.92423446 
508000    231.00457   -1062.2289    135500.84   -40712.054    2874.1361    -43586.19    449.44589   0.92171745 
510000      229.356    -1145.517    136028.97   -40678.469    2853.6246   -43532.093    452.25195   0.91813892 
512000      231.602   -939.67817    135223.86   -40733.956    2881.5692   -43615.525    452.16227   0.92360541 
514000    231.22042   -1052.5791    135170.18   -40774.672    2876.8217   -43651.494    453.26864   0.92397225 
516000    231.36031   -838.79916    135109.78     -40761.3    2878.5621   -43639.862    453.95772   0.92438531 
518000    228.32351   -854.24391    134814.39   -40711.893    2840.7785   -43552.671    454.11637   0.92641067 
520000    229.10035   -1171.8534    135615.89   -40718.964    2850.4439   -43569.408    457.06415   0.92093552 
522000    229.56699   -1066.4969    135396.15   -40729.168    2856.2498   -43585.418    457.94341   0.92243016 
524000    236.70304   -987.14133    135458.58   -40696.938    2945.0358   -43641.973    458.78554   0.92200499 
526000    232.36101   -900.58561    134798.06   -40696.211    2891.0127   -43587.223    459.28109   0.92652293 
528000    231.91925   -1029.8946    134978.72   -40632.416    2885.5163   -43517.933    460.11996    0.9252828 
530000    226.81429    -1426.801    135183.01   -40735.818    2822.0009   -43557.819    462.08939   0.92388451 
532000    231.14493   -1138.9716    134505.37   -40623.916    2875.8824   -43499.798    460.96922   0.92853907 
534000    229.79002   -1023.9864    134358.78   -40612.281    2859.0248   -43471.306    463.20019   0.92955214 
536000     230.6127   -1049.7484    134289.35   -40551.913    2869.2604   -43421.173     463.8757   0.93003273 
538000    232.80172   -1068.3183    134274.73   -40665.942     2896.496   -43562.438    465.89297   0.93013403 
540000    226.33221   -757.12945    134563.92   -40597.647     2816.003    -43413.65    468.38045   0.92813502 
542000    225.46251   -1181.3442    134560.44   -40552.404    2805.1823   -43357.586    470.03404   0.92815907 
544000    226.22055   -838.79862     134429.8   -40646.032    2814.6137   -43460.646    472.86609   0.92906107 
546000    230.46207   -905.15274    134649.37   -40587.418    2867.3863   -43454.804    475.81768   0.92754607 
548000    228.51205   -1214.2547    134992.45   -40593.192    2843.1244   -43436.317    477.78485   0.92518872 
550000    229.27026   -825.63304    134407.59   -40611.696    2852.5579   -43464.254    477.83324   0.92921454 
552000    229.29747    -816.0484    134651.65   -40580.292    2852.8965   -43433.188    480.21712   0.92753032 
554000    232.50845   -672.36116    133821.25   -40529.237    2892.8472   -43422.084    479.87523   0.93328597 
556000    230.84952   -832.07711    134332.31   -40592.096    2872.2069   -43464.303    482.13136   0.92973527 
558000    228.33271   -965.20604    134923.67   -40556.825     2840.893   -43397.718    485.19239   0.92566033 
560000    229.35532   -1083.8017       135081   -40529.129    2853.6162   -43382.745    488.90142   0.92458224 
562000    228.57433   -1260.1175    134727.95   -40579.112    2843.8992   -43423.012    488.61332   0.92700505 
564000    230.70059   -921.07467    134997.55    -40575.63    2870.3539   -43445.984     491.3107   0.92515379 
566000    230.14053   -1063.2213    134413.73    -40538.75    2863.3857   -43402.136    490.93202   0.92917214 
568000     234.7891   -1244.0523    134736.19   -40509.528    2921.2227   -43430.751    494.91543   0.92694836 
570000    229.80971   -780.64776    134200.26   -40609.182    2859.2696   -43468.452    494.30319   0.93065016 
572000    233.01964    -1061.744    135141.75   -40679.844    2899.2073   -43579.051    498.76239   0.92416659 
574000    233.35537   -820.14989    135176.46   -40599.743    2903.3845   -43503.127    499.26047   0.92392927 
576000    228.61778   -1082.4883    134913.98   -40635.416    2844.4398   -43479.856    499.18604   0.92572685 
578000    226.91783   -983.44596    135099.32   -40709.396    2823.2893   -43532.685    500.98377   0.92445687 
580000     230.6659   -945.09948    134924.76    -40724.46    2869.9223   -43594.382    502.26807   0.92565287 
582000    229.24998   -859.14792    134927.43   -40706.407    2852.3055   -43558.713    502.55462   0.92563458 
584000    233.21819   -749.81436    135086.51   -40714.867    2901.6777   -43616.545    504.64653    0.9245445 
586000    229.69938   -900.16258    135130.55   -40741.406    2857.8969   -43599.303    504.70859   0.92424322 
588000    225.68792   -854.63644    134966.58   -40724.447    2807.9868   -43532.434    505.81271   0.92536607 
590000    225.28802   -1047.4101    135663.97   -40679.949    2803.0113    -43482.96    509.02795   0.92060913 
592000    228.67772    -944.3877    135566.27    -40679.79    2845.1856   -43524.976    509.23587   0.92127258 
594000    231.03213   -1285.6714    135409.92   -40624.893    2874.4789   -43499.372    511.09986   0.92233637 
596000    232.75112   -1123.2044    135223.19   -40636.373    2895.8665   -43532.239     511.9848   0.92360999 
598000    235.07298   -990.33465    135021.82   -40626.333    2924.7548   -43551.088    513.35819   0.92498746 
600000    229.21055   -647.94504    134483.02   -40771.759     2851.815   -43623.574    513.34139    0.9286934 
602000    230.52745   -1052.2941    135130.01   -40790.542    2868.1997   -43658.742    517.54867    0.9242469 
604000    229.24054   -1078.3132     135099.5   -40692.962    2852.1881    -43545.15    518.23303   0.92445558 
606000    226.49806   -725.43455    134628.04    -40732.49    2818.0665   -43550.557    518.49644   0.92769297 
608000    225.35835     -991.849    134886.12   -40747.591    2803.8864   -43551.477    520.50038   0.92591801 
610000    234.47225    -1274.121       135279   -40735.345    2917.2805   -43652.626     523.1278   0.92322893 
612000    226.54484   -1000.2834    134800.12   -40754.986    2818.6485   -43573.634    523.27836   0.92650873 
614000    223.16079      -858.56    134608.11   -40835.833    2776.5444   -43612.377    525.17995   0.92783038 
616000    232.22377   -789.72662    134876.47   -40626.174    2889.3052   -43515.479    526.90363    0.9259843 
618000    230.09338   -1112.0036    135182.92   -40706.389    2862.7991   -43569.189    528.89543   0.92388513 
620000    233.50066   -1158.3155    134819.19   -40560.878    2905.1921    -43466.07    529.02389   0.92637768 
622000    231.44295   -1316.9048    135058.96    -40537.94    2879.5903    -43417.53    532.08925   0.92473314 
624000    230.59756   -1566.0968    135360.69   -40557.164    2869.0721   -43426.236    532.80869   0.92267183 
626000    231.39848   -1121.4366    135218.57   -40581.549     2879.037   -43460.586    531.92148   0.92364153 
628000    229.22812   -1109.7059     134773.3   -40577.961    2852.0336   -43429.995    532.83604   0.92669316 
630000    225.89964   -663.11773     134847.5   -40641.185     2810.621   -43451.806    534.12413    0.9261832 
632000    229.04154   -1107.8834    134875.47   -40631.048    2849.7122   -43480.761    535.26647   0.92599113 
634000    228.01135   -1111.3244    134330.78   -40539.123    2836.8947   -43376.018    535.64899    0.9297459 
636000    230.30306    -1132.635    134691.35    -40602.08    2865.4078   -43467.488    539.60254   0.92725698 
638000    232.51916   -941.10763    133987.96    -40707.71    2892.9805    -43600.69     538.8504   0.93212474 
640000    226.84881   -1317.7715    135449.86   -40645.437    2822.4305   -43467.867    544.25986   0.92206441 
642000    233.69478    -1046.411    134868.96   -40686.961    2907.6073   -43594.568    544.38914   0.92603582 
644000    227.88683   -1140.8418    135201.68   -40710.592    2835.3454   -43545.938    546.87897   0.92375693 
646000     231.5459   -904.18471    135137.11   -40715.311    2880.8711   -43596.183    547.02205   0.92419833 
648000    227.47498   -1065.2983    135398.53   -40734.054    2830.2213   -43564.275    549.10612   0.92241396 
650000    229.55803   -916.53108    134851.17   -40696.722    2856.1383   -43552.861    548.09205   0.92615799 
652000    227.24687   -1576.0275       136089     -40654.9    2827.3832   -43482.283    553.91911   0.91773393 
654000    233.39206   -808.27182    135266.09   -40621.237    2903.8409   -43525.078    553.02108   0.92331706 
656000     233.9805    -757.4409     135571.6   -40736.698    2911.1623    -43647.86    553.87544   0.92123638 
658000    228.19869   -959.26729    135040.46   -40811.048    2839.2255   -43650.274     554.9449   0.92485981 
660000    228.21677    -1024.896    134738.37   -40775.079    2839.4505    -43614.53     554.7282   0.92693339 
662000    232.84074   -1047.8885    135033.19   -40753.897    2896.9815   -43650.878    557.10202   0.92490961 
664000    228.32445   -1265.4137    135557.97   -40732.637    2840.7903   -43573.427    558.91047   0.92132904 
666000    229.45199   -996.85114    135372.43   -40720.975    2854.8189   -43575.794    559.64289   0.92259178 
668000    234.92333   -1330.6513    135548.88    -40663.97    2922.8929   -43586.862    562.15809   0.92139083 
670000    226.81575   -744.39656    134171.64   -40690.387    2822.0191   -43512.406    559.30387   0.93084865 
672000    226.85254   -1149.9407    134869.44   -40626.964    2822.4768    -43449.44    561.40183   0.92603257 
674000    236.40536   -1038.4447    134829.11   -40574.779    2941.3321   -43516.111    562.21174   0.92630956 
676000    231.01118   -1484.4457    135738.03   -40575.417    2874.2183   -43449.635    566.22187   0.92010686 
678000    228.38182   -1217.2987    135337.66   -40619.679    2841.5041   -43461.183    565.50755   0.92282882 
680000    233.21259   -823.72721    134872.98   -40619.429     2901.608   -43521.037    565.05894   0.92600821 
682000    226.47013   -1167.3972    135035.61   -40635.379    2817.7189   -43453.098    566.55576   0.92489298 
684000    227.82479   -926.27883    134803.25   -40530.127    2834.5735     -43364.7    568.50819   0.92648721 
686000    228.16351   -812.66718    134356.53   -40634.237    2838.7879   -43473.025    567.80402   0.92956772 
688000     233.1602   -944.52741     134771.4   -40615.117    2900.9562   -43516.073    572.10509   0.92670616 
690000    230.20809   -1112.6891    134407.16   -40616.165    2864.2263   -43480.391    572.56738   0.92921753 
692000    233.69724    -868.4674    134858.33   -40527.027     2907.638   -43434.665    574.64092   0.92610885 
694000    232.80117   -963.24126    135079.32   -40575.244    2896.4892   -43471.733    577.38749   0.92459374 
696000    234.09102   -1170.6927     134701.7   -40700.638    2912.5373   -43613.175    577.86065   0.92718569 
698000    231.95283   -871.12517    135003.25   -40654.442    2885.9342   -43540.376     580.4708   0.92511471 
700000    230.28165   -829.55115    135094.34   -40659.284    2865.1415   -43524.426     581.5824   0.92449093 
702000    231.84325    -954.6879    135193.46   -40599.179    2884.5708    -43483.75     582.4994   0.92381313 
704000    230.73731     -978.213    134491.13   -40531.219    2870.8108    -43402.03    581.64577    0.9286374 
706000     231.3972   -1210.6631    134450.56   -40472.592     2879.021   -43351.613    584.42548   0.92891759 
708000    229.37378   -962.37231    134719.83   -40565.749    2853.8459   -43419.595    586.70676    0.9270609 
710000    229.55555   -1094.3894    135637.85   -40631.776    2856.1074   -43487.884    590.93836   0.92078643 
712000     230.0491   -1061.1547    134771.55   -40640.362    2862.2482    -43502.61    590.99874   0.92670514 
714000    228.12469   -967.86645    134467.86   -40616.146    2838.3049    -43454.45    591.15779   0.92879805 
716000    231.85306   -1016.6023    134316.94   -40635.251    2884.6929   -43519.944      592.682   0.92984168 
718000    229.41239   -903.23139    134037.53   -40658.415    2854.3262   -43512.741    594.62363      0.93178 
720000    232.26482   -926.76491    134152.99   -40543.805    2889.8159   -43433.621    595.46723   0.93097809 
722000    230.41967   -714.09502    133756.98   -40553.735    2866.8587   -43420.594    595.93171   0.93373442 
724000    227.68495   -1268.8643    134324.68   -40481.782    2832.8336   -43314.616    600.51248   0.92978815 
726000    229.08297   -1251.4273    134220.43   -40467.715    2850.2276   -43317.943    600.50739    0.9305103 
728000    230.96605   -1014.8567    134432.95   -40504.751    2873.6568   -43378.408    604.06337   0.92903931 
730000    232.90769   -912.15495    134396.95   -40486.422    2897.8145   -43384.236    606.15485   0.92928811 
732000    231.35456   -1093.7788    133859.75   -40513.528    2878.4906   -43392.018    605.82531   0.93301751 
734000    232.31958   -1250.5738    134043.33   -40550.512    2890.4973    -43441.01    607.83245   0.93173967 
736000    230.27883   -1014.6631    134380.56   -40582.359    2865.1064   -43447.465    610.36307   0.92940149 
738000    231.24319   -1306.5242    134304.37    -40512.05    2877.1049   -43389.154    611.45319   0.92992874 
740000    229.32733   -872.80725    133952.11   -40545.816     2853.268   -43399.084    611.91141   0.93237421 
742000    237.42809   -810.99963    134601.14   -40492.961    2954.0569   -43447.018    615.18819   0.92787839 
744000    229.26286   -1074.0509    134622.41    -40515.86    2852.4659   -43368.325    617.12489   0.92773181 
746000      233.929    -904.5547    134221.34    -40616.97    2910.5215   -43527.492    617.23881   0.93050398 
748000    230.43078   -856.88783    134472.72   -40655.869    2866.9969   -43522.866    617.54977   0.92876454 
750000    227.29134   -1017.3033    134557.12   -40666.699    2827.9364   -43494.635    619.36639   0.92818198 
752000    232.49692   -783.83604    134577.11   -40648.495    2892.7036   -43541.198    621.06503   0.92804407 
754000    231.00678   -934.86868    134783.71   -40656.734    2874.1635   -43530.898    622.52622   0.92662153 
756000    229.74905   -736.88351    134550.42   -40699.392    2858.5149   -43557.906    623.08763   0.92822821 
758000    226.07451   -557.15931     134465.2   -40667.328    2812.7967   -43480.125    624.65656   0.92881648 
760000     227.9103   -865.11629     134314.9   -40639.691    2835.6374   -43475.328    625.38573   0.92985583 
762000    229.09436   -929.91225     134191.4   -40659.312    2850.3693   -43509.681    625.77433   0.93071159 
764000    226.59991   -978.65705    134242.58   -40640.695    2819.3337   -43460.029    627.38029   0.93035676 
766000    229.88617   -1105.1068    134659.64   -40631.056     2860.221   -43491.277    631.26444   0.92747534 
768000    228.43946   -1200.8351    135592.74   -40698.549    2842.2212    -43540.77    635.51748   0.92109276 
770000    227.04037   -1012.4452    134894.76   -40688.424    2824.8138   -43513.238    634.25368   0.92585876 
772000    228.97232   -635.49085    134550.72   -40646.261    2848.8509   -43495.112    633.46148   0.92822611 
774000    233.33425   -1189.8903    135210.05    -40616.79    2903.1217   -43519.912    637.77722   0.92369973 
776000    229.15967   -976.46292    134684.88   -40639.427     2851.182   -43490.609    637.19011   0.92730147 
778000    230.93461   -718.27889    134714.61   -40669.537    2873.2656   -43542.802    638.36441   0.92709686 
780000    226.20446   -789.30672    134616.13   -40699.669    2814.4135   -43514.083    639.58934   0.92777511 
782000    229.98408   -1106.0879     135095.4   -40678.085    2861.4392   -43539.524    643.94939    0.9244837 
784000    231.17514   -1284.2916     135250.2    -40578.99    2876.2582   -43455.248    646.53196   0.92342556 
786000    231.89642   -780.60943    134476.42   -40615.321    2885.2324   -43500.553    645.60691   0.92873895 
788000    233.64821    -859.2384    134793.14   -40552.482     2907.028    -43459.51    648.36438   0.92655674 
790000    228.78276   -1160.7101     134773.3   -40634.603    2846.4925   -43481.095    649.69622    0.9266931 
792000    223.43814   -508.64631    134156.36   -40647.273    2779.9952   -43427.268    648.56655   0.93095467 
794000    229.75467   -733.30217    133974.88   -40566.253    2858.5849   -43424.838    649.86805   0.93221572 
796000    231.51878   -557.28511    134373.33   -40537.739    2880.5337   -43418.273    652.46007   0.92945152 
798000     233.0148   -1066.1425    134409.83   -40479.007    2899.1471   -43378.154    655.09393   0.92919911 
