94000     226.7959    100.84748    128011.16   -40029.317    2821.7722   -42851.089    450.92638   0.97564537 
96000    226.28022   -50.877101       127834   -40065.566    2815.3561   -42880.922    455.66215   0.97699744 
98000    221.66362    234.16961    127155.92   -40051.036    2757.9168   -42808.953    459.34085   0.98220747 
100000    228.83732   -171.41635    127271.13   -40084.088    2847.1713   -42931.259     463.7261   0.98131833 
102000    225.78819    72.669001    127697.83   -40115.968    2809.2343   -42925.202     469.8833   0.97803927 
104000    223.59871    423.25104    127581.71   -40039.862    2781.9931   -42821.855    472.43137   0.97892944 
106000    226.57802    151.38638    128012.81   -40162.575    2819.0613   -42981.636    477.57215   0.97563273 
108000    225.89653    257.12525    128192.99   -40196.371    2810.5823   -43006.953    482.59838   0.97426145 
110000    221.86301   -120.04727     128628.9   -40170.588    2760.3976   -42930.986    488.58185   0.97095981 
112000    220.64911   -42.674442    128021.23   -40250.177    2745.2944   -42995.472    491.47551   0.97556856 
114000    224.02613    107.06707    128238.37   -40253.656    2787.3109   -43040.967    496.16371   0.97391674 
116000    225.07242   -152.19884    128406.52   -40136.032    2800.3288   -42936.361    500.44649   0.97264136 
118000    227.81971   -128.95019    128295.51   -40126.723    2834.5103   -42961.233     504.8454   0.97348297 
120000     223.5232    309.83796    128465.71    -40218.07    2781.0536   -42999.124    509.93223   0.97219319 
122000    222.50202   -8.0607831    128706.52   -40205.278    2768.3481   -42973.626    515.18863   0.97037426 
124000    224.03565    181.40983    128512.86   -40203.436    2787.4294   -42990.865    520.04795   0.97183656 
126000    221.26969    72.462865    127966.33   -40242.216    2753.0156   -42995.232     519.3834   0.97598712 
128000    225.68151   -65.121152    128433.78   -40286.638     2807.907   -43094.545    524.84419   0.97243488 
130000    227.01016    115.56564     128448.7   -40204.627     2824.438   -43029.065    529.91512   0.97232197 
132000    222.83079    1.5224272    128498.85   -40161.188    2772.4386   -42933.626    532.67895   0.97194251 
134000    220.06433   -20.557159    128139.08   -40119.181    2738.0186     -42857.2    535.79166   0.97467138 
136000    223.36564   -105.69859    127428.69    -40059.59    2779.0932   -42838.683    537.33779   0.98010493 
138000     226.3117    16.490295    127583.87   -39980.668    2815.7479   -42796.416    542.27474   0.97891287 
140000    228.76861   -47.009935     127470.5   -39963.209    2846.3165   -42809.525    545.05028   0.97978349 
142000    232.43772    139.78202    127623.54   -40076.034    2891.9671   -42968.001    549.03159   0.97860858 
144000     227.0796    293.65464    127234.59   -40119.276     2825.302   -42944.578    551.62387   0.98160014 
146000    229.15768    108.73536    127502.83   -40099.537    2851.1572   -42950.695    557.54477   0.97953504 
148000    223.54033    112.52351    127437.53   -40129.775    2781.2667   -42911.042    563.73329   0.98003697 
150000     220.9668   -220.10905    127571.27   -40197.409    2749.2471   -42946.656    567.91485   0.97900951 
152000    229.47824   -267.53676    128408.69    -40109.71    2855.1456   -42964.855    575.32878   0.97262491 
154000    227.24616    187.66594    127325.13   -40020.579    2827.3743   -42847.954     576.6283   0.98090216 
156000    230.63276    256.56332    127572.11   -40024.095      2869.51   -42893.605    581.77354   0.97900314 
158000    219.48854     -119.495    127800.58   -40000.316    2730.8547   -42731.171    586.94283   0.97725291 
160000     228.9147    108.40736    127248.17   -40007.963    2848.1341   -42856.097     590.4758   0.98149537 
162000    221.55065   -143.62645    127120.86   -40077.019    2756.5113   -42833.531    593.53121   0.98247832 
164000    227.42249   -65.139336    127491.07   -39906.147    2829.5681   -42735.715     601.0875   0.97962539 
166000    225.00659    271.20331    127138.55   -40038.433    2799.5097   -42837.943    605.77534   0.98234166 
168000    225.73983   0.81571362    128024.86   -40035.683    2808.6326   -42844.316    615.03227   0.97554096 
170000    229.24351     51.94659    128138.86   -39962.791    2852.2251   -42815.016    620.11052   0.97467307 
172000    230.01648    414.45495     127807.9   -40001.288    2861.8423    -42863.13    624.12902   0.97719693 
174000    224.48767     437.2366    127278.24   -39962.141    2793.0534   -42755.195    626.77496   0.98126347 
176000     226.8796     235.5275     127146.9   -40036.582    2822.8136   -42859.396    630.35803   0.98227709 
178000    228.29953    318.44738    127499.48   -40079.279    2840.4802    -42919.76    636.15167   0.97956082 
180000    230.74814    438.00776    127071.26   -39983.422    2870.9456   -42854.368     641.0791   0.98286186 
182000    224.02078   -75.940985    126885.32   -40040.797    2787.2443   -42828.042    646.38106   0.98430215 
184000    222.80243   -218.29268    127224.14   -40121.307    2772.0858   -42893.392     651.5648    0.9816808 
186000    224.85589    31.501221    127132.03   -40054.005    2797.6348    -42851.64    658.13095   0.98239201 
188000    227.81147   -129.37671    128232.24   -40082.946    2834.4078   -42917.354    666.77983   0.97396326 
190000    223.82941   -226.58624     127998.9   -40099.296    2784.8633   -42884.159    670.45468   0.97573876 
192000    234.08388    281.04258    127182.46   -40165.348    2912.4485   -43077.797    673.56093   0.98200247 
194000    229.00007   -71.174631    128596.16   -40084.591    2849.1963   -42933.787    681.68035   0.97120702 
196000    225.89505    345.17002    127467.67   -40118.522    2810.5639   -42929.086    684.93129   0.97980524 
198000    228.09138    339.13531    127217.73   -40022.891    2837.8904   -42860.781    689.16271   0.98173021 
200000    225.14171    -19.94573    127030.15   -40116.597    2801.1909   -42917.788    693.10368   0.98317993 
202000    221.32808    368.66457    127396.03   -40059.449    2753.7421   -42813.191    700.81968    0.9803562 
204000    227.52667    18.625428    127812.32   -40049.359    2830.8643   -42880.224    704.69118   0.97716319 
206000    231.71228   -20.901221    128386.07   -40052.511    2882.9412   -42935.452    712.15288   0.97279627 
208000    226.23107    452.93322    127384.73   -40135.655    2814.7446   -42950.399    712.63318   0.98044323 
210000    226.03811    232.19874    128221.74   -40192.308    2812.3438   -43004.651    720.07853   0.97404303 
212000    227.50371   -203.72143    128596.93   -40126.206    2830.5786   -42956.785    726.61724   0.97120121 
214000    229.12379      82.1306    128505.64    -40106.68    2850.7356   -42957.415    729.14028   0.97189115 
216000    221.23926     12.79872     128045.1   -40249.137     2752.637   -43001.774    731.93708    0.9753867 
218000    218.04397    537.92483    127884.66   -40264.821    2712.8815   -42977.702    734.15091    0.9766104 
220000    226.62879     46.81261     128221.8   -40275.201    2819.6929   -43094.894     736.3331   0.97404253 
222000     225.9236    142.22313    128080.59   -40203.667    2810.9191   -43014.586    738.48103   0.97511643 
224000    223.46538   -153.27728    128225.74   -40165.564    2780.3341   -42945.898    743.94711    0.9740126 
226000    222.82831    120.53909    127413.55   -40128.725    2772.4078   -42901.132    745.39367   0.98022139 
228000    218.56871    258.89333    127875.38   -40250.828    2719.4103   -42970.238    753.25291   0.97668126 
230000     223.5972    174.44004    128294.13   -40306.445    2781.9742   -43088.419    760.29779    0.9734934 
232000    221.38138    21.127316    128070.79   -40308.426    2754.4052   -43062.831    763.13715   0.97519105 
234000    222.99494    307.55127    128491.61   -40298.219     2774.481     -43072.7    766.61899   0.97199728 
236000    222.27143     147.9222       128414   -40374.023    2765.4792   -43139.502    768.97363   0.97258469 
238000    224.98558    47.065063    128459.52   -40357.958    2799.2483   -43157.207    774.32662   0.97224004 
240000    222.41749    175.73849    128633.32   -40306.284    2767.2965    -43073.58    779.92502   0.97092647 
242000    223.30975    10.126404    128527.89   -40310.203    2778.3978   -43088.601    785.65465    0.9717229 
244000    221.86858    266.06188    128259.34   -40281.098     2760.467   -43041.565     788.7907   0.97375746 
246000    222.21254   -117.88456    128465.38   -40252.978    2764.7464   -43017.725    794.95307   0.97219571 
248000    224.29966    108.94626    128402.41   -40186.043    2790.7143   -42976.757    799.58993   0.97267249 
250000     221.7801    224.50298    128101.81   -40233.126     2759.366   -42992.492     802.5359   0.97495492 
252000    227.00979   -210.92714    128020.45    -40218.28    2824.4333   -43042.713    805.92155   0.97557455 
254000     224.8271    74.753545    128023.37   -40196.182    2797.2766   -42993.459    809.42871   0.97555228 
256000     221.1501    440.15426    128211.81   -40265.335    2751.5276   -43016.862    816.87954   0.97411849 
258000     224.4372    423.26499    127770.12   -40163.875    2792.4254   -42956.301    817.36238   0.97748589 
260000    221.31235   -189.12762    128219.57   -40164.251    2753.5464   -42917.798    826.01513   0.97405949 
262000    222.92021   -233.21124     128323.9   -40129.797    2773.5512   -42903.348    829.96979    0.9732676 
264000    226.71464   -286.31855    128154.94   -40140.939    2820.7612   -42961.701    834.15884   0.97455071 
266000    222.07003    289.19649    127504.48   -40092.069    2762.9734   -42855.042    833.14879   0.97952238 
268000    224.07307    216.47087    127583.44   -40019.809    2787.8949   -42807.704     839.6037   0.97891618 
270000    223.69554    126.26603    128012.71   -40242.564    2783.1977   -43025.761    845.64071   0.97563351 
272000    220.62412   -179.61651    128269.48   -40274.699    2744.9835   -43019.682    850.55112   0.97368051 
274000    218.21877    444.05389     127644.6   -40315.496    2715.0564   -43030.552    850.28781   0.97844715 
276000    224.39611    33.613571     128162.8   -40111.971    2791.9142   -42903.885    856.57124     0.974491 
278000    227.85277    257.22538    128066.27   -40178.417    2834.9216   -43013.338    860.92984   0.97522547 
280000    227.32147    395.23803     128009.1   -40194.985    2828.3113   -43023.296    864.19569   0.97566102 
282000    229.81779    386.62102    127753.83   -40164.433    2859.3702   -43023.803    868.38102   0.97761057 
284000    224.22585    620.15503    127650.62   -40205.325    2789.7958   -42995.121    871.03668   0.97840095 
286000    223.04158    98.814272    128551.38   -40237.188    2775.0613    -43012.25     880.0448   0.97154531 
288000    225.29694    373.07971     128344.3    -40210.51    2803.1223   -43013.632    883.60463   0.97311287 
290000    222.71597    753.94101    127326.57    -40204.08      2771.01    -42975.09    881.10767   0.98089101 
292000    222.79029   -23.410791     127720.1   -40225.617    2771.9348   -42997.552    887.33633   0.97786875 
294000    220.41641    15.916648    128437.06   -40277.794    2742.3992   -43020.193    896.44567   0.97241011 
296000    220.68134    258.22753     127840.9   -40230.489    2745.6954   -42976.184    896.43978    0.9769447 
298000    222.04694   -127.30332    128430.23   -40225.405    2762.6861   -42988.091    902.14889   0.97246181 
300000     221.8571    336.47103    128017.43   -40227.688    2760.3241   -42988.012      902.305   0.97559759 
302000    222.65321    35.329747    127986.39   -40265.692    2770.2293   -43035.921    907.21208   0.97583419 
304000    221.39808   -254.65208    128681.36   -40207.898     2754.613   -42962.511    914.33165   0.97056394 
306000    224.78709     343.7931    128056.32   -40177.681    2796.7788    -42974.46    915.87705   0.97530129 
308000    218.94785   -85.976156    127791.38   -40253.387    2724.1275   -42977.514    919.65173   0.97732327 
310000    220.38126   -4.0773992    127320.78   -40236.995    2741.9618   -42978.957    923.15465   0.98093566 
312000    226.22822    613.92187    127759.95   -40202.757    2814.7092   -43017.466    927.60371   0.97756371 
314000    227.32958    367.69909    127849.24   -40226.576    2828.4122   -43054.989    933.42407   0.97688098 
316000     223.1321    -54.78697    128552.71   -40214.118    2776.1875   -42990.306    939.39992   0.97153528 
318000     225.5406    235.79489    128399.89   -40287.988    2806.1539   -43094.141    942.77498    0.9726916 
320000    221.17489    166.08528    128236.57   -40310.485    2751.8361   -43062.321    946.16594   0.97393038 
322000    229.19179    245.78668    128780.67   -40188.688    2851.5815    -43040.27    954.39904   0.96981552 
324000    226.61365   -98.372959    127954.46   -40170.654    2819.5046   -42990.159    954.71966   0.97607766 
326000     222.5336    102.10902    128120.21   -40203.068    2768.7411   -42971.809    959.28194   0.97481494 
328000    219.66135    222.95487    128395.37   -40330.807    2733.0048   -43063.811    963.57622   0.97272581 
330000    224.84996   -303.27598    128740.25   -40181.164    2797.5609   -42978.725     967.8248   0.97012001 
332000    222.76314   -130.30632    128135.94   -40187.185     2771.597   -42958.782    969.81863   0.97469524 
334000    220.36778   -391.46527    128049.57   -40193.098    2741.7942   -42934.893    972.88939   0.97535269 
336000    221.04905    61.286441    127972.79    -40207.29    2750.2705    -42957.56    976.18557   0.97593784 
338000    222.22912   -68.991705     128642.3   -40238.852    2764.9528   -43003.805    982.74731   0.97085865 
340000    224.41101    217.83803    128082.98   -40318.031    2792.0996   -43110.131    984.93346   0.97509828 
342000    224.07555    19.802998    128113.03   -40180.587    2787.9258   -42968.513    990.66884   0.97486953 
344000    225.44102    -281.0511    128500.87   -40150.384    2804.9149   -42955.299    997.85607   0.97192724 
346000    226.90679    73.621284    128261.62   -40198.432    2823.1518   -43021.584    1000.8005   0.97374016 
348000    225.70224   -315.59064    129262.67   -40270.364     2808.165   -43078.529    1008.7438    0.9661992 
350000    229.54633    212.06792    128752.53   -40148.424    2855.9927   -43004.416    1010.6765   0.97002744 
352000    228.78261     176.4545    128156.68    -40135.16    2846.4906   -42981.651    1009.9409   0.97453749 
354000    225.17355    11.416149    127778.53    -40065.26     2801.587   -42866.847    1012.4282    0.9774216 
356000    223.50687   -90.558969    128288.33   -40128.294    2780.8504   -42909.144    1018.0689   0.97353746 
358000    222.31362   -34.171345    128092.79   -40150.151    2766.0041   -42916.155    1023.3817   0.97502357 
360000     228.5399    141.31751     128236.6   -40093.559    2843.4709    -42937.03    1028.4109   0.97393013 
362000    225.94291    14.335241    127982.47   -40157.956    2811.1593   -42969.115    1032.6727   0.97586403 
364000    230.04182    59.679454    128221.92   -40154.873    2862.1575   -43017.031    1037.1748   0.97404167 
366000     227.1978    239.68104    128290.16   -40174.407    2826.7725    -43001.18    1041.5983   0.97352351 
368000    226.41786   -246.99955    128937.25   -40257.387    2817.0687   -43074.455    1048.5878   0.96863781 
370000    220.76734   -314.49649    128257.04   -40264.746    2746.7654   -43011.511    1048.5997   0.97377496 
372000    222.46152     47.84645    128400.29   -40178.206    2767.8442    -42946.05    1055.7129   0.97268856 
374000    223.88934    405.90829    128020.45   -40208.245     2785.609   -42993.854    1058.0092   0.97557455 
376000    222.80814    197.08496    127713.12   -40171.484    2772.1568   -42943.641    1062.0857   0.97792218 
378000    224.75395    136.76016     127786.3   -40041.264    2796.3664    -42837.63    1068.0712   0.97736213 
380000    228.03082   -205.31935    127841.05   -40075.612    2837.1369   -42912.749    1072.9734   0.97694359 
382000    231.03735    248.79642    127758.08   -39982.204    2874.5439   -42856.748    1078.4979   0.97757805 
384000    226.29375     266.7042    127663.63   -40067.445    2815.5244    -42882.97     1083.704   0.97830127 
386000    228.83426    655.14942    127427.71   -40038.278    2847.1333   -42885.411    1088.6562   0.98011253 
388000     225.8037    235.18619     127174.9   -40141.894    2809.4273   -42951.321    1091.4363   0.98206084 
390000    221.48866    274.51432    127322.56   -40201.959      2755.74   -42957.699    1096.6225   0.98092189 
392000    221.85096    167.40451    127286.73   -40215.693    2760.2478    -42975.94    1102.0228   0.98119805 
394000    229.09406    38.488655    127802.12   -40140.157    2850.3657   -42990.523    1112.2304   0.97724115 
396000    223.32956    262.72261    128152.57   -40154.107    2778.6444   -42932.751    1120.4922   0.97456878 
398000    222.00858   -301.48888    128110.39   -40202.956    2762.2088   -42965.164    1125.3765   0.97488961 
400000    222.24483    195.92959    127952.03   -40154.059    2765.1482   -42919.207      1126.75   0.97609619 
402000    225.11458    79.055039    127600.61   -40186.687    2800.8534    -42987.54    1128.1093   0.97878442 
404000    221.99364   -11.955468    128259.52   -40183.684    2762.0229   -42945.707    1136.4119   0.97375614 
406000    225.50454    186.42206    128111.53   -40105.629    2805.7052   -42911.334    1140.9704   0.97488093 
408000    229.19809    402.83217    128273.98   -40047.581    2851.6599   -42899.241     1146.494   0.97364637 
410000    222.20369    40.496518    128067.71   -40153.606    2764.6363   -42918.242    1150.9067   0.97521456 
412000     224.4623    324.55825    128094.98    -40130.38    2792.7377   -42923.118    1153.4552   0.97500693 
414000    224.94418      90.1814     127640.4   -40172.593    2798.7333   -42971.326    1156.0062   0.97847934 
416000    224.31081   -26.481431     128560.5   -40234.599     2790.853   -43025.452    1164.5394   0.97147636 
418000     225.1719   -328.05835    129304.23   -40199.388    2801.5666   -43000.955    1172.2299   0.96588864 
420000    225.19174   -182.86692    128674.11   -40171.382    2801.8134   -42973.196    1172.2851   0.97061867 
422000    221.71811    212.91136    127813.43   -40229.896    2758.5949   -42988.491     1172.853   0.97715467 
424000    225.76855    45.775611    128335.64   -40211.687    2808.9899   -43020.677    1182.9206   0.97317852 
426000    223.76235   -148.74323    128754.06   -40240.264    2784.0291   -43024.293    1189.3442   0.97001596 
428000    220.01081     194.8968    127800.82   -40209.812    2737.3528   -42947.165    1183.9317   0.97725113 
430000    221.98632    322.34818    127363.65   -40169.185    2761.9318   -42931.117    1184.2326   0.98060544 
432000    228.54794    299.35311    127513.39   -40033.009    2843.5709    -42876.58    1188.4822   0.97945393 
434000    228.13337   -22.028977    127601.89   -40027.861    2838.4129   -42866.274    1195.2288   0.97877463 
436000    226.55951   -90.572635    128183.58   -40102.825     2818.831   -42921.656    1202.0247   0.97433301 
438000    229.42446    99.881556    127665.28   -40060.594    2854.4764    -42915.07    1200.7811   0.97828863 
440000    227.12973    256.60132    127501.08   -40026.545    2825.9256   -42852.471    1205.8483   0.97954851 
442000    224.42971   -9.2061524    127140.49    -40085.26    2792.3322   -42877.593    1210.3122   0.98232666 
444000    226.24533    69.999597    127689.29   -40097.668    2814.9221    -42912.59    1218.2023   0.97810467 
446000    222.06574    354.50026    127600.15   -40074.766      2762.92   -42837.686    1224.7561   0.97878796 
448000    223.66184   -308.18639    127484.63    -40099.91    2782.7785   -42882.689    1228.3804   0.97967488 
450000    229.81943   -108.29702    127789.54   -40027.542    2859.3906   -42886.932    1234.7152   0.97733738 
452000    226.85602    45.605126    127041.48   -40006.619    2822.5201   -42829.139    1232.9863   0.98309225 
454000    224.40156   -54.029609    127637.46   -40021.669     2791.982   -42813.651    1243.3547   0.97850189 
456000    222.15554     291.0222     127304.8   -40043.424    2764.0372   -42807.461    1244.3661   0.98105876 
458000    224.95278    254.98064    127117.52   -40105.468    2798.8402   -42904.308    1248.0404   0.98250417 
460000    224.13762    2.2591706    127112.98   -40058.303    2788.6982   -42847.001     1255.889   0.98253927 
462000    219.81181   -114.60328    127027.82   -40100.911    2734.8768   -42835.788     1258.351   0.98319797 
464000    226.42588     227.7879    127627.56   -40059.579    2817.1684   -42876.747    1266.0953   0.97857772 
466000    226.70828   -244.49766    127441.51   -40024.123     2820.682   -42844.805     1271.359   0.98000638 
468000     223.9087   -89.910311    127850.36   -40029.757    2785.8499   -42815.607    1278.5562   0.97687246 
470000    222.10452   -394.08683    128307.46   -40102.868    2763.4024    -42866.27    1284.4714   0.97339227 
472000    224.86471   -195.04427    127852.67   -40090.304    2797.7445   -42888.048    1286.8296   0.97685475 
474000    224.73681    256.44976    127559.53   -40060.999    2796.1532   -42857.152    1288.0138   0.97909962 
476000     224.3876   -68.933822    128083.52   -40056.334    2791.8084   -42848.143    1296.4378   0.97509412 
478000    226.61524    488.28232    127728.47   -40162.956    2819.5244    -42982.48    1297.4863   0.97780466 
480000    226.57868   -374.99114     128066.8   -40125.343    2819.0695   -42944.413    1304.7061   0.97522144 
482000     230.2335    364.76998    128363.61   -40120.632    2864.5425   -42985.175     1312.476   0.97296652 
484000    226.31745    92.380303     127559.8   -40197.215    2815.8193   -43013.034    1309.5637   0.97909756 
486000    220.60837   -10.790693    127924.11   -40282.229    2744.7875   -43027.016    1316.2186   0.97630923 
488000    229.13155    191.44436    128445.44   -40211.666    2850.8321   -43062.498    1324.8801   0.97234663 
490000    226.77315   -121.41647    128115.87   -40105.137    2821.4891   -42926.626    1326.5067   0.97484795 
492000    223.21484    112.21866     127867.5   -40164.639     2777.217   -42941.856    1331.7396   0.97674146 
494000     226.4076    51.195426    127488.08   -40191.943     2816.941   -43008.884    1333.7535   0.97964838 
496000    227.35584      360.202    127850.74   -40107.386    2828.7389   -42936.125    1340.6848   0.97686948 
498000    223.48644    79.980597    127886.68   -40195.731    2780.5963   -42976.327    1343.0132   0.97659498 
500000    224.35124   -192.05012    128237.76   -40164.331    2791.3559   -42955.687    1352.1781   0.97392136 
502000    223.26136   -301.16278    128600.49   -40143.834    2777.7957    -42921.63    1358.2082   0.97117427 
504000    227.56325    100.21365    128307.72   -40107.466    2831.3194   -42938.785    1361.0105   0.97339029 
506000    223.67439   -80.048974    128488.89   -40180.036    2782.9347   -42962.971    1368.5377   0.97201784 
508000    226.62523   -322.05526    128132.95   -40135.047    2819.6487   -42954.696    1370.9908   0.97471802 
510000    224.94314    201.90827    128272.76   -40064.128    2798.7203   -42862.848    1379.3542   0.97365557 
512000    224.36336    321.54345     127684.8   -40101.679    2791.5068   -42893.185    1379.4547   0.97813903 
514000    221.34508   -103.47471    127943.32   -40152.781    2753.9536   -42906.735    1384.4619   0.97616269 
516000     228.0105    157.56695    128053.74   -40171.535     2836.884   -43008.419    1389.4513   0.97532094 
518000    224.20801    477.22097    128149.36   -40185.165    2789.5738   -42974.738    1394.4176   0.97459316 
520000    222.69781   -2.9687431    128363.41   -40194.536    2770.7842   -42965.321    1400.1048     0.972968 
522000    223.51353   -154.60191    129160.49   -40212.049    2780.9332   -42992.983    1409.3228   0.96696361 
524000    229.84476    187.99703    128240.14   -40160.673    2859.7058   -43020.379      1405.45   0.97390328 
526000    228.32231   -146.63418    128502.86   -40158.417    2840.7637   -42999.181    1409.8188   0.97191218 
528000    227.47008    64.887661     128226.1   -40138.883    2830.1603   -42969.043    1414.0147    0.9740099 
530000    228.36162     22.37195    128344.05   -40301.021    2841.2527   -43142.273    1418.9545   0.97311476 
532000    223.32827    177.91469    128363.55   -40240.883    2778.6283   -43019.511    1423.9877   0.97296697 
534000      221.783    374.33734    128208.18   -40261.873    2759.4021   -43021.275    1426.8317   0.97414605 
536000    224.17854   -66.887506    128617.94   -40215.658    2789.2072   -43004.865    1433.3383   0.97104252 
538000    218.12295    265.82799    127692.59   -40278.757    2713.8642   -42992.622    1430.1936    0.9780794 
540000    222.81052     254.3536    127885.35   -40185.292    2772.1864   -42957.478    1437.0888   0.97660514 
542000    229.60892   -160.92474     128129.2   -40167.825    2856.7714   -43024.596    1443.3016   0.97474654 
544000    223.28418    418.19639    127439.62   -40260.468    2778.0797   -43038.548    1439.9788    0.9800209 
546000    222.38799    17.039194    127817.95   -40202.693    2766.9294   -42969.622    1445.5159   0.97712012 
548000    222.05051   -196.48232    128080.74    -40216.67    2762.7305     -42979.4    1451.8129   0.97511532 
550000    228.98767    302.08144    127593.11   -40189.101     2849.042   -43038.143    1452.0832   0.97884197 
552000    222.88869   -175.55201    127536.14    -40133.08    2773.1591    -42906.24    1457.0507   0.97927925 
554000    227.68683    25.209099    128201.54   -40101.121    2832.8571   -42933.978    1465.5165   0.97419652 
556000    222.51635    1.0960985    128835.11   -40199.597    2768.5265   -42968.123    1473.4375   0.96940572 
558000    223.82048    103.66316    128637.52   -40195.888    2784.7522    -42980.64    1478.3606   0.97089477 
560000    227.47348    72.304604    127856.18   -40117.099    2830.2025   -42947.302    1477.3091   0.97682796 
562000    224.13837   -10.014578    127906.89     -40134.6    2788.7075   -42923.307     1483.554   0.97644066 
564000    225.00952    310.77202    127166.61   -40110.285    2799.5462   -42909.832    1482.2851   0.98212486 
566000    228.58572   -145.58827    128386.06   -40058.555    2844.0409   -42902.596    1495.2212   0.97279639 
568000    225.16476   -392.36685    127743.82   -40020.273    2801.4777   -42821.751    1495.5201   0.97768715 
570000    225.58682   -32.273974    127584.69       -40046     2806.729   -42852.729    1499.6143   0.97890653 
572000    226.33933     359.6951    127390.48   -40129.014    2816.0916   -42945.106    1501.4724   0.98039894 
574000    225.40859    17.322836    127203.76   -40006.753    2804.5114   -42811.264    1503.6583   0.98183802 
576000    224.19987    62.353806    127104.34   -39992.731    2789.4726   -42782.204     1508.277   0.98260603 
578000    226.87061    345.36148    126734.98   -40033.891    2822.7017   -42856.593    1514.3797   0.98546973 
580000    225.56201    165.38067    126711.49   -40024.428    2806.4203   -42830.848    1523.1792   0.98565245 
582000    228.06171    -45.28092    127858.81   -40029.127    2837.5213   -42866.648    1538.3614   0.97680784 
584000     226.9665    56.503439    127146.35   -40068.674    2823.8948   -42892.569     1538.869   0.98228139 
586000    223.32791   -14.405731    127267.83       -40046    2778.6238   -42824.624    1544.5598   0.98134376 
588000    227.73921   -25.040054    128011.49   -40071.915    2833.5087   -42905.423    1556.1382   0.97564279 
590000    222.61288    568.96415    127728.75   -40075.473    2769.7274     -42845.2    1558.3631   0.97780247 
592000    226.24467    208.59511    128428.25   -40082.817    2814.9138   -42897.731    1569.0587   0.97247678 
594000    227.32035    207.65873    128328.36    -40057.91    2828.2973   -42886.207    1574.3948   0.97323375 
596000    225.78123    365.52576    127944.61   -40094.131    2809.1478   -42903.279    1570.6549   0.97615283 
598000    224.66241    223.09646    127957.97   -40063.214    2795.2275   -42858.441    1575.3799   0.97605091 
600000    223.64112     -78.1169    128007.01   -40228.211    2782.5207   -43010.731    1581.0341   0.97567696 
602000    225.12134     194.5259    128219.22   -40278.404    2800.9374   -43079.341    1588.6421    0.9740622 
604000    226.00432   -265.63021    128673.21   -40182.734    2811.9234   -42994.658    1597.0085   0.97062544 
606000    217.95041    11.499634    128381.62   -40235.718    2711.7175   -42947.435    1599.9182   0.97283002 
608000    219.74351     -22.8968    128239.17   -40258.571     2734.027   -42992.598    1599.7955   0.97391062 
610000    221.93805    230.73308    128112.63   -40248.504    2761.3312   -43009.836    1601.8057   0.97487257 
612000    223.60359   -158.48764    128261.44   -40209.316    2782.0537    -42991.37    1605.7133    0.9737415 
614000    219.81328     355.4769    127889.24   -40309.341    2734.8951   -43044.236    1608.8061   0.97657542 
616000    226.80186     575.9576    127704.75   -40099.621    2821.8463   -42921.467    1610.1252   0.97798629 
618000    220.86274    -150.0295    128008.99   -40183.175    2747.9524   -42931.127    1617.6108   0.97566188 
620000    228.39928   -58.000629     128187.6   -40023.244    2841.7213   -42864.966    1625.1319   0.97430242 
622000    225.29241   -405.67061    128099.36   -39989.556    2803.0658   -42792.622    1626.7191   0.97497361 
624000    227.51671    151.07725    127407.91    -40041.98    2830.7404    -42872.72      1630.89   0.98026483 
626000    224.75863    114.26168    127753.98    -40074.66    2796.4246   -42871.085    1632.9118   0.97760942 
628000    225.62457   -47.403446    127861.09   -40081.455    2807.1986   -42888.654     1639.649   0.97679046 
630000    222.76662   0.11007342    127440.72   -40162.952    2771.6403   -42934.592    1641.7852   0.98001242 
632000    222.11064    279.67522    127662.39   -40150.857    2763.4787   -42914.335    1648.3054   0.97831075 
634000    225.69423    143.08567    128170.35   -40079.545    2808.0653   -42887.611    1655.4194   0.97443355 
636000    220.71891    246.35723    128091.67   -40166.446    2746.1629   -42912.609    1660.7393   0.97503214 
638000     226.6725    86.244466    127752.36   -40232.278    2820.2368   -43052.514    1662.7632    0.9776218 
640000    225.09211   -221.66734    128069.31   -40182.676    2800.5738    -42983.25    1670.2173   0.97520238 
642000    226.74971    -255.6061    128666.49   -40228.188    2821.1975   -43049.385    1679.6786   0.97067612 
644000    225.52166    143.40883    127889.48   -40245.683    2805.9183   -43051.601    1677.8884   0.97657365 
646000    227.63208    166.75266    128093.52   -40251.334    2832.1759    -43083.51    1682.8718   0.97501801 
648000    230.08415    157.60089    128591.54   -40267.131    2862.6843   -43129.815    1688.4798   0.97124193 
650000    229.03241    243.56458     128709.3    -40233.52    2849.5986   -43083.119    1694.9361   0.97035328 
652000    221.40377   -90.602788    128352.47   -40226.305    2754.6838   -42980.989    1696.8729   0.97305092 
654000    222.48918   -63.752271    128850.27   -40164.584    2768.1884   -42932.772    1702.2061   0.96929164 
656000    219.79007   -201.31032    128754.17   -40288.513    2734.6063    -43023.12    1705.9263   0.97001509 
658000    217.26112    167.15644    127891.57   -40288.304    2703.1414   -42991.445    1700.8252   0.97655763 
660000    222.77146    257.22159    128622.85   -40268.096    2771.7005   -43039.797    1712.4464    0.9710055 
662000    228.35102    278.47745       129054   -40312.741    2841.1208   -43153.861    1721.0209   0.96776147 
664000    223.39691     -2.43944     128862.9   -40321.655    2779.4823   -43101.137    1723.0773   0.96919664 
666000    228.59066    318.74739    129160.42   -40345.158    2844.1024   -43189.261    1727.6697   0.96696412 
668000    226.45036    179.11727    129315.53   -40314.827     2817.473     -43132.3    1731.5543   0.96580427 
670000    226.38527    427.75758    128679.54   -40320.445    2816.6631   -43137.108    1732.0132   0.97057772 
672000    227.50099    189.64082    129001.43   -40279.349    2830.5448   -43109.894    1738.2582   0.96815583 
674000    226.43243    9.8507158    128769.21   -40219.056    2817.2499   -43036.306    1739.0037   0.96990179 
676000    231.49888    94.742056    128549.84   -40206.231    2880.2862   -43086.517    1742.7641   0.97155695 
678000    228.03414    180.98535    128255.46   -40256.837    2837.1783   -43094.016    1742.7738   0.97378696 
680000    228.71367   -8.6069859    128662.52   -40277.511    2845.6329   -43123.144    1749.6034   0.97070607 
682000    224.43602    26.946021    128426.07   -40249.177    2792.4108   -43041.588    1750.7203   0.97249327 
684000    225.42907   -75.258099    128249.32   -40161.161    2804.7662   -42965.927    1752.4187   0.97383356 
686000    222.00005    171.61713    127982.56   -40224.943    2762.1027   -42987.045    1755.6119   0.97586337 
688000    222.15563   -157.81758    128160.47   -40198.451    2764.0384    -42962.49    1763.7491   0.97450867 
690000    226.63287    374.24387     128359.2   -40196.555    2819.7437   -43016.299     1772.269   0.97299994 
692000    230.90838      312.295    127340.94   -40114.204    2872.9392   -42987.143    1766.4896   0.98078032 
694000    222.29503    475.42221    128073.84   -40126.622    2765.7728   -42892.395    1777.0499   0.97516787 
696000    225.44526    686.45671    127165.04   -40199.437    2804.9677   -43004.405    1773.9364   0.98213703 
698000    224.87746    10.235608    128359.73    -40199.83    2797.9031   -42997.733     1789.592   0.97299591 
700000    221.82582    153.56573    127491.97   -40186.487    2759.9349   -42946.421    1784.8152   0.97961848 
702000    224.73417    58.847457    128216.76   -40139.876    2796.1203   -42935.996    1793.8814   0.97408089 
704000    225.32254   -204.90576    127607.03   -40085.538    2803.4408   -42888.979    1792.4913    0.9787352 
706000    231.13185    297.18046    127736.81   -40049.151    2875.7196   -42924.871    1797.9137   0.97774083 
708000     226.0994   -23.163352    127337.57   -40114.239    2813.1064   -42927.346    1795.6394   0.98080633 
710000    224.78497    -18.84283    128014.12    -40182.75    2796.7524   -42979.503    1806.5294   0.97562279 
712000    226.60368    453.50911    126739.01   -40125.513    2819.3806   -42944.894    1799.8354    0.9854384 
714000    226.69767   -159.12538    127601.16   -40094.415      2820.55   -42914.965    1817.6008   0.97878023 
716000    219.47835    128.60419    127312.14   -40104.926    2730.7279   -42835.654    1820.7469   0.98100222 
718000    224.12124    150.24567    127611.66   -40119.904    2788.4944   -42908.399    1827.9956   0.97869972 
720000    225.25312    53.428456    127142.79   -40034.593    2802.5771    -42837.17    1827.7246   0.98230891 
722000    229.41761    73.510408    128326.24   -40098.773    2854.3912   -42953.164     1846.121   0.97324984 
724000    223.61609    146.30109    127714.11   -40094.898    2782.2093   -42877.108    1843.7686   0.97791459 
726000    223.29652     414.1633     127705.8   -40109.747    2778.2332    -42887.98    1845.0939   0.97797824 
728000     222.6072     79.51222    127793.99   -40112.593    2769.6568    -42882.25     1854.734    0.9773033 
730000    226.31998   -235.33512    128015.21   -40069.054    2815.8508   -42884.905    1861.6828   0.97561446 
732000    232.98604     149.5091    128387.32   -40098.049    2898.7893   -42996.839    1873.4881    0.9727868 
734000    220.29507   -54.114568    128111.65   -40154.816    2740.8895   -42895.705    1876.0359   0.97488006 
736000    225.57111    135.92046    128427.66   -40222.565    2806.5335   -43029.098    1883.7493   0.97248125 
738000    228.03204   -154.40847     128391.8   -40177.049    2837.1521   -43014.201    1888.4141   0.97275284 
740000    225.87466    230.53232    128619.47    -40212.77    2810.3101    -43023.08    1892.8715   0.97103101 
742000    224.38534    106.70984    127920.69   -40118.999    2791.7802    -42910.78    1890.5929   0.97633534 
744000    226.12908    202.88154    128345.25   -40131.253    2813.4756   -42944.729    1901.5867   0.97310566 
746000    223.93984    228.66497    127999.36   -40174.691    2786.2374   -42960.928    1900.4769   0.97573525 
748000    225.99956   -15.198092    128096.67   -40193.546    2811.8642   -43005.411    1905.4929   0.97499402 
750000    222.56867   -382.60908    128793.46   -40197.618    2769.1774   -42966.795    1917.6596   0.96971921 
752000    223.56988   -239.21317    128337.12   -40149.869    2781.6344   -42931.503    1918.9925   0.97316735 
754000    222.74333   -29.550611    128069.43   -40133.843    2771.3505   -42905.194    1919.7944   0.97520143 
756000    221.32835    126.67324    127488.29   -40156.242    2753.7454   -42909.987    1919.4964   0.97964674 
758000     221.4322    160.14937    127489.13   -40160.034    2755.0375   -42915.072    1923.3333   0.97964029 
760000    224.07797    272.83426    128301.82   -40181.019    2787.9559   -42968.975    1934.5465   0.97343509 
762000    224.09686    14.865975     128270.1   -40215.941     2788.191   -43004.132    1938.9519   0.97367577 
764000    223.59012    79.615646    128129.84   -40215.975    2781.8861   -42997.861    1943.4456   0.97474163 
766000    224.43188    519.86549    127379.73   -40186.624    2792.3592   -42978.984    1939.8934   0.98048168 
768000    223.19328   -52.032409     127873.7    -40219.46    2776.9488   -42996.409     1951.634    0.9766941 
770000    224.38981   -120.03149    128185.04   -40218.849    2791.8358   -43010.685    1959.7966   0.97432192 
772000    222.36784   -127.77777    127351.93   -40169.698    2766.6787   -42936.377    1953.1167   0.98069574 
774000    230.40567     117.6139     127888.6   -40124.597    2866.6845   -42991.281     1963.763   0.97658035 
776000    231.79327   -8.0141275     127704.6     -40115.9     2883.949   -42999.849    1965.7938   0.97798743 
778000    227.37233    16.616144    127647.68    -40152.47    2828.9441   -42981.415     1966.304   0.97842351 
780000    223.07316   -213.34195    128019.81   -40195.382    2775.4542   -42970.836    1975.6583   0.97557938 
782000    225.79935    321.71274    127845.66   -40144.609    2809.3731   -42953.982    1979.7686   0.97690832 
784000    224.10757    65.624445    127637.95   -40046.824    2788.3243   -42835.148    1981.6665   0.97849812 
786000     226.8781    42.063112    127773.24   -40071.878    2822.7949   -42894.673    1992.2694   0.97746202 
788000    226.94864    39.272984    127801.92   -40035.606    2823.6725   -42859.278    1994.5667   0.97724266 
790000    224.62322     19.10048    128115.03   -40164.616    2794.7399   -42959.356    2004.1127   0.97485429 
792000    222.92861    185.76322    127457.58     -40181.2    2773.6557   -42954.856     2000.016   0.97988279 
794000     224.1308   -22.000183    127896.04   -40129.924    2788.6132   -42918.537    2013.6752   0.97652349 
796000    226.15825    619.82126    127545.01   -40106.511    2813.8386    -42920.35    2014.2075   0.97921112 
798000     224.0356    577.85321    127670.38    -40062.49    2787.4288   -42849.919    2019.7217   0.97824955 
