94000    210.83367    122.73709    132046.09   -41583.879    2623.1717   -44207.051     102.2528   0.94583257 
96000    211.23648    331.20054    131785.18   -41573.257    2628.1834    -44201.44    102.85507   0.94770509 
98000    211.60326    336.63356     131690.5   -41590.738    2632.7468   -44223.485    103.63135   0.94838652 
100000    208.83799    417.52625    131300.74   -41631.299    2598.3416   -44229.641    103.47314   0.95120173 
102000    206.90197    183.08269    131670.47   -41629.925    2574.2538   -44204.179    104.73859   0.94853075 
104000    209.95895     424.9995    131303.52   -41505.633    2612.2885   -44117.921    105.43215   0.95118157 
106000    208.30425    358.66161    131153.26   -41579.281    2591.7009   -44170.982    105.97889   0.95227131 
108000    206.69299     583.1587    131283.04   -41568.478    2571.6538   -44140.132      107.074   0.95132998 
110000    211.20873    321.19913    131420.29   -41560.209    2627.8381   -44188.047    107.68303   0.95033642 
112000    207.26862    221.95633    131188.76   -41652.584    2578.8157     -44231.4     107.7789   0.95201362 
114000    203.80735    340.58936    131403.34   -41673.688    2535.7509   -44209.439    108.84413   0.95045901 
116000    211.83397    539.68361    131377.76   -41605.036    2635.6173   -44240.653    109.68257   0.95064407 
118000    206.45547    234.40311    131665.95   -41615.917    2568.6985   -44184.616    110.12362   0.94856331 
120000    209.42788    68.802165    131714.41   -41693.653     2605.681   -44299.334    110.75586   0.94821433 
122000    206.84176     185.7009    131602.11   -41658.429    2573.5047   -44231.933    111.20529   0.94902349 
124000    207.25754    200.96973    131910.96   -41671.501    2578.6778   -44250.179    112.29041   0.94680149 
126000    209.25519    373.88505    131975.32   -41689.882    2603.5324   -44293.414    113.33476   0.94633975 
128000    207.31858    194.51835    132000.22   -41747.685    2579.4373   -44327.123    113.38382   0.94616124 
130000    209.84246    314.16717    132028.68   -41677.135    2610.8391   -44287.974    113.98481   0.94595726 
132000    208.86007    231.73259    131453.48   -41634.376    2598.6164   -44232.993    114.12067   0.95009649 
134000    212.23179    421.50022    131687.67   -41611.316    2640.5669   -44251.883    115.51464   0.94840685 
136000    211.08047    548.98148    131342.13   -41571.741    2626.2423   -44197.983    116.31392   0.95090197 
138000    210.70023     586.2129    130950.84   -41524.023    2621.5114   -44145.534    115.53405   0.95374337 
140000    216.01428    523.52351    131271.37   -41526.993    2687.6283   -44214.621    116.66149   0.95141456 
142000    206.41584    472.35075    131229.43   -41665.456    2568.2054   -44233.662     118.0502   0.95171861 
144000    208.25697    690.57726    131101.07   -41707.279    2591.1127   -44298.392    118.44021   0.95265046 
146000    211.73639    246.38517    131924.41   -41689.706    2634.4032   -44324.109    119.28414   0.94670491 
148000    211.52654    64.916822    131879.22   -41714.857    2631.7923    -44346.65    119.71335   0.94702936 
150000    204.22903      53.5491    131998.32   -41771.078    2540.9975   -44312.076    120.42417   0.94617483 
152000     209.5194    437.35837    131647.69   -41689.812    2606.8197   -44296.632    120.63742   0.94869487 
154000    212.34351    770.94184    131408.16   -41579.333    2641.9569   -44221.289    121.56064    0.9504242 
156000    211.17151     436.4562    131959.99   -41604.657     2627.375   -44232.032    122.95263   0.94644971 
158000    209.37273    342.65525    132123.19   -41627.128    2604.9949   -44232.123    123.97113   0.94528064 
160000    206.40133    427.70402    131769.92   -41655.438     2568.025   -44223.463    124.67122   0.94781488 
162000    211.72961    308.91722    131935.36   -41736.532    2634.3189   -44370.851     125.3992   0.94662637 
164000    217.53503    354.77874    132094.39   -41610.694    2706.5493   -44317.243    126.19951   0.94548671 
166000    205.45391    546.27121    131587.87   -41702.736    2556.2372   -44258.973    126.27568   0.94912618 
168000    210.67586    372.53156    131992.64   -41691.601    2621.2082   -44312.809    127.55609   0.94621555 
170000    211.82802    309.81012    132575.71   -41622.591    2635.5433   -44258.134    128.35344   0.94205408 
172000    210.86394    565.90866    131623.49   -41626.803    2623.5483   -44250.351    128.05651    0.9488693 
174000    212.83958    344.85046    131571.51   -41568.492     2648.129   -44216.621    129.02703   0.94924417 
176000    209.30416    339.18805    131371.29   -41620.333    2604.1416   -44224.475    129.63483   0.95069088 
178000    208.80012    267.30735    132013.13   -41662.186    2597.8704   -44260.056    130.88012   0.94606871 
180000    212.64674    601.82952    131588.44   -41585.509    2645.7297   -44231.239    131.03309   0.94912209 
182000    209.15422    624.26059    131045.11   -41658.049    2602.2761   -44260.325    131.42459   0.95305724 
184000    210.75214     308.2786    131600.13   -41718.585    2622.1573   -44340.742    132.24891   0.94903774 
186000    208.60122     472.0043    131648.89    -41683.33    2595.3957   -44278.726     133.3095   0.94868624 
188000    206.06655    264.77402    131806.39   -41669.486    2563.8596   -44233.346    133.97753   0.94755265 
190000    208.54391     73.38417    131544.73    -41657.33    2594.6828   -44252.013    134.65882   0.94943744 
192000    208.54252    302.73859    131556.94   -41704.457    2594.6655   -44299.123     135.0705   0.94934929 
194000    209.41123    529.25431     131245.9   -41588.935    2605.4739   -44194.409    136.50793   0.95159917 
196000    208.26373    324.66673    131369.38    -41615.37    2591.1968   -44206.567    136.59984   0.95070472 
198000    211.37834    214.06921    131618.77   -41527.299    2629.9485   -44157.247    137.73512   0.94890337 
200000     212.4039    626.28925    131084.48   -41629.676    2642.7084   -44272.385    137.87994     0.952771 
202000     212.1362    293.81776    131822.22   -41642.166    2639.3776   -44281.544    138.76773   0.94743886 
204000    209.71231    869.24463    131282.28   -41631.684    2609.2198   -44240.904    139.18357   0.95133546 
206000    213.34818    284.46654    131754.78   -41623.208    2654.4569   -44277.665    139.77667   0.94792378 
208000    207.46408    462.51482    131503.16   -41661.444    2581.2475   -44242.692    140.42246   0.94973757 
210000    207.58691    124.36979    131906.72   -41693.997    2582.7759   -44276.773    141.46547   0.94683189 
212000    215.73725    418.51029    131755.86   -41618.613    2684.1815   -44302.795    141.85149   0.94791603 
214000    208.68683    282.38873     131579.7   -41582.854     2596.461   -44179.315    142.63282   0.94918511 
216000    206.25575    252.13586    131803.17   -41702.381    2566.2136   -44268.594    143.53273   0.94757576 
218000      206.272    380.57227    131604.81   -41715.983    2566.4159   -44282.398    143.30397   0.94900397 
220000    210.09109    243.85663    131421.28   -41695.047    2613.9325    -44308.98    143.60527   0.95032927 
222000    210.22575    565.09161    131378.77   -41614.536     2615.608   -44230.144    143.88244    0.9506368 
224000    211.84463     364.8752    131647.95   -41583.763    2635.7499   -44219.513    145.12487   0.94869301 
226000    212.34054    516.92107    131489.83   -41593.851      2641.92   -44235.771    145.82234   0.94983382 
228000     206.6722    515.37455    131504.15   -41698.735     2571.395    -44270.13    146.95618   0.94973042 
230000    208.71031    287.94362    131479.75   -41720.556    2596.7531   -44317.309     147.4539   0.94990668 
232000    207.49233    437.46672    131589.44   -41714.528    2581.5991   -44296.127     147.5032   0.94911483 
234000    210.02481    420.34458    131892.36   -41692.579    2613.1079   -44305.686    148.24409   0.94693502 
236000    208.63867    401.55637     131692.8   -41737.371    2595.8617   -44333.233    148.90097   0.94836992 
238000    207.71751    253.10848     132134.7   -41766.085    2584.4007   -44350.486    149.96992   0.94519826 
240000    208.77566    268.09023     131933.6   -41741.184    2597.5661    -44338.75    150.47948   0.94663899 
242000    214.00362    589.63367    131354.87   -41731.419    2662.6119   -44394.031    149.98327   0.95080973 
244000    209.87977    305.16953    131492.77    -41712.09    2611.3034   -44323.393    151.17584   0.94981264 
246000    207.14503    313.38728    131677.06   -41707.928     2577.278   -44285.206    151.47152   0.94848331 
248000    210.13745    299.53529    131073.86   -41656.045    2614.5094   -44270.554     151.7767   0.95284822 
250000    212.04239     564.7442    131115.47   -41678.246    2638.2105   -44316.457    152.06881   0.95254582 
252000    207.02817    557.72504    130961.97   -41671.651    2575.8241   -44247.475     152.5519   0.95366229 
254000    207.70672    521.94247    131530.63   -41650.479    2584.2665   -44234.745    153.60745   0.94953918 
256000    213.51899    728.94217    130871.02   -41706.743    2656.5821   -44363.326    153.88513   0.95432503 
258000    212.05301    407.23993    131971.46   -41638.177    2638.3426    -44276.52    156.23027   0.94636743 
260000    210.66709    268.26274    132086.79   -41688.601    2621.0992     -44309.7    156.29986   0.94554113 
262000    210.73449    441.70368    131686.32   -41654.443    2621.9377   -44276.381    157.08792   0.94841661 
264000    211.35204    540.97968     131677.1   -41664.224    2629.6212   -44293.845    157.59143   0.94848301 
266000    211.36929     550.2718    131984.57   -41654.205    2629.8359   -44284.041    158.60198   0.94627341 
268000    211.46768    160.69193    132098.07   -41621.086      2631.06   -44252.146    159.52902   0.94546039 
270000    202.17598    263.32489    131816.38   -41811.482    2515.4536   -44326.935    159.79894    0.9474808 
272000    205.82906    546.47712    131748.13   -41825.001    2560.9048   -44385.906      160.246   0.94797164 
274000    207.09464    338.51322    132006.41   -41874.931    2576.6511   -44451.582    160.98481   0.94611684 
276000    208.77112    528.92615    131589.55   -41647.484    2597.5097   -44244.993    160.75714   0.94911407 
278000    213.34019     373.9342    131947.68   -41694.643    2654.3576   -44349.001    161.62495   0.94653796 
280000    208.61208    408.09093    132255.47   -41685.479    2595.5309   -44281.009    162.50242   0.94433514 
282000    213.19914    370.47688    132173.73   -41669.546    2652.6027   -44322.149    163.32709   0.94491915 
284000    212.39155    695.27111    131324.57   -41711.758    2642.5547   -44354.313    163.16489   0.95102914 
286000    210.37478    26.808896    132593.18   -41755.001    2617.4622   -44372.463    164.65608   0.94192998 
288000    209.56002    247.93807    131777.91   -41752.725    2607.3251    -44360.05     164.7346   0.94775745 
290000    208.73795    429.21883    131878.73   -41756.878     2597.097   -44353.975    165.53831   0.94703283 
292000    208.16773    584.69139     131962.7   -41788.016    2590.0023   -44378.018    165.82047   0.94643027 
294000    209.64813    289.13344    131777.32   -41844.115    2608.4212   -44452.537    166.02592   0.94776163 
296000    206.47079   -119.82778    132288.45   -41778.852    2568.8892   -44347.741    167.06696   0.94409971 
298000    207.78815     250.4548    131714.88   -41764.602    2585.2797   -44349.882     167.2624   0.94821094 
300000    213.41731    355.86118    131937.52   -41810.539     2655.317   -44465.856    168.01527   0.94661084 
302000    210.21353    558.29394     131901.7   -41869.667     2615.456   -44485.123    168.38654   0.94686791 
304000    209.80541    395.76698    131833.29   -41820.714    2610.3782   -44431.092    168.60618   0.94735929 
306000    209.36186    344.89308    132047.99    -41786.11    2604.8595    -44390.97    169.17576   0.94581894 
308000    208.99433    545.00618    131946.36   -41881.145    2600.2868   -44481.431    169.86533   0.94654747 
310000    204.94455    266.07367    132106.31   -41896.346    2549.8999   -44446.246    170.62926    0.9454014 
312000    210.60961    418.14798    131581.33   -41857.478    2620.3839   -44477.862    170.88244   0.94917332 
314000    211.49569    571.94848    131822.22   -41842.807    2631.4084   -44474.216    170.77072   0.94743881 
316000     209.4366    558.71672    131455.75   -41806.637    2605.7895   -44412.427    171.43962   0.95008006 
318000    209.95561    728.03625    131503.75   -41857.171     2612.247   -44469.418    171.61193   0.94973333 
320000    211.56303    506.24347    131966.97    -41887.52    2632.2463   -44519.766    172.65768   0.94639966 
322000    212.27885    289.63712    132108.72   -41771.526    2641.1524   -44412.679    173.96039   0.94538418 
324000     211.1203    535.69081    132009.47   -41764.725    2626.7379   -44391.463    174.05927   0.94609494 
326000    213.63989    233.37049    132209.95   -41802.496    2658.0864   -44460.583    174.13746   0.94466034 
328000    202.82894    268.94844    132428.58   -41933.623    2523.5776   -44457.201    175.11674   0.94310074 
330000    207.19683    562.56073    131922.51   -41791.263    2577.9225   -44369.185    174.92129   0.94671861 
332000    214.25599    250.27361    132330.28   -41788.142    2665.7519   -44453.894    175.94637   0.94380131 
334000    211.70464    521.64151    132233.96   -41829.775    2634.0082   -44463.783    176.40401   0.94448876 
336000    206.96334    572.12587    132109.16    -41898.79    2575.0174   -44473.807    176.50083   0.94538098 
338000    208.85197    603.44123    132323.49   -41920.205    2598.5156    -44518.72    177.29407   0.94384972 
340000    205.16311    381.44044    132625.22   -41992.368    2552.6192   -44544.987    178.01216   0.94170244 
342000    211.21064    184.71397    132880.03   -41885.375    2627.8619   -44513.237    178.68575   0.93989664 
344000    209.91566    384.27329    132438.91    -41868.25    2611.7498   -44479.999    178.27458    0.9430272 
346000    208.73213    361.38901    132907.07   -41912.657    2597.0246   -44509.681    178.90063   0.93970536 
348000    207.41884    152.39154    133003.08   -41976.093    2580.6847   -44556.778    179.34624   0.93902708 
350000    208.74415    197.55945    132900.05    -41821.48    2597.1741   -44418.654    179.49799   0.93975504 
352000     213.4315    528.16264    132243.46   -41784.371    2655.4937   -44439.865    179.26316   0.94442093 
354000    208.88091    261.70501    132585.21   -41748.332    2598.8756   -44347.208    179.99388   0.94198662 
356000    213.27734    447.01163    132086.64   -41802.104    2653.5756    -44455.68    179.67536   0.94554218 
358000    210.59494    277.42283    132087.99   -41821.894    2620.2014   -44442.095    180.08812   0.94553251 
360000    210.39995    467.49467    132230.49   -41788.012    2617.7753   -44405.788     181.3122   0.94451357 
362000    209.32547    221.81184    132106.27   -41833.373    2604.4068    -44437.78    181.65116   0.94540168 
364000    215.59439    52.515247    132665.26   -41811.321    2682.4041   -44493.725    182.66841   0.94141819 
366000    208.32374    377.25757    132199.86   -41804.957    2591.9434   -44396.901    182.35933   0.94473241 
368000    207.38553    407.27947    132118.14   -41863.384    2580.2702   -44443.654    183.35943   0.94531672 
370000    209.42838     348.4422    132111.11   -41864.335    2605.6871   -44470.022    184.26683   0.94536709 
372000     213.3015    511.34003    132228.33   -41805.202    2653.8762   -44459.078    185.15616     0.944529 
374000    207.60557    731.32089    131982.37   -41848.932     2583.008    -44431.94    184.97161   0.94628923 
376000     212.1892    587.14273    132166.03   -41872.386    2640.0371   -44512.423    185.37037   0.94497424 
378000     212.3285    528.64453    132017.82   -41799.871    2641.7702   -44441.641     185.7633   0.94603506 
380000    215.92479     456.3663    132214.61   -41838.751    2686.5149   -44525.266     186.8068   0.94462701 
382000     211.3213    357.23514    132293.42   -41747.407    2629.2388   -44376.646    187.46467    0.9440643 
384000    214.03897    24.932841     132677.7   -41832.093    2663.0517   -44495.144    187.50091   0.94132991 
386000    210.67549    410.19465    132023.95   -41777.311    2621.2036   -44398.515    187.38359   0.94599121 
388000    212.15064    304.79525    132349.18   -41900.867    2639.5573   -44540.424    188.82529    0.9436665 
390000    207.80983    348.85332    132506.81   -41980.602    2585.5493   -44566.151    189.34415   0.94254395 
392000    209.94939    319.18969    132699.53   -42025.076    2612.1696   -44637.246    189.98275   0.94117508 
394000    209.28289    370.36899    132795.77   -41969.766     2603.877   -44573.643    190.24833   0.94049301 
396000    210.26703    296.95535    132749.58    -41963.39    2616.1216   -44579.511    190.41992   0.94082023 
398000    211.85986    262.82892    132811.19   -41982.673    2635.9394   -44618.613    190.41576    0.9403838 
400000    213.51776    176.68119    132738.82   -41935.571    2656.5669   -44592.138    190.97581    0.9408965 
402000    208.05144     257.0318    132557.61   -41960.078    2588.5555   -44548.634    191.07559   0.94218275 
404000     209.7658     450.2577    132597.07   -41966.474    2609.8854   -44576.359    191.47162   0.94190234 
406000    211.49081    415.32444    132444.17   -41929.394    2631.3478   -44560.742    191.73664   0.94298971 
408000    215.87095    399.47428    132537.48    -41863.38     2685.845   -44549.225    192.37162   0.94232586 
410000    206.75786    411.47681    132614.35   -41973.075    2572.4608   -44545.536    192.24619   0.94177963 
412000    210.55507    366.45852    132831.87   -41940.406    2619.7054   -44560.111    193.17396   0.94023738 
414000    211.47996    650.19436    132153.64   -41961.543    2631.2128   -44592.756    192.75874   0.94506284 
416000    207.23562    300.73507    132984.17   -41998.267    2578.4051   -44576.673    194.69764   0.93916056 
418000    210.93582    844.66252    132570.01   -41913.083    2624.4426   -44537.526    194.87758   0.94209463 
420000    210.90045    461.02188    132589.72   -41882.133    2624.0025   -44506.135    195.40227   0.94195455 
422000    211.43944    692.83138     132293.9   -41965.382    2630.7086   -44596.091    195.20473   0.94406084 
424000    210.16059    374.62289    132361.88   -41952.759    2614.7973   -44567.556    196.04515   0.94357601 
426000    207.20597    290.19662    132694.37   -41982.921    2578.0362   -44560.957     197.0215    0.9412117 
428000     210.5661    676.95207    132696.98   -41972.609    2619.8426   -44592.452    197.11307   0.94119317 
430000    212.82832    736.68212    132455.97   -41984.848    2647.9889   -44632.837    197.17412   0.94290569 
432000     213.9547    397.06832    132782.53   -41881.579    2662.0032   -44543.582    198.18215   0.94058676 
434000    209.16493     458.7875    132439.64   -41895.384    2602.4093   -44497.794    198.17533   0.94302199 
436000    207.17228    417.11425    132424.16   -41938.627    2577.6171   -44516.244    198.12896   0.94313222 
438000    208.73069    227.37514    132813.96   -41886.268    2597.0067   -44483.275    199.16504   0.94036417 
440000    213.60987      146.198     132905.5   -41858.755    2657.7129   -44516.467    199.32078   0.93971651 
442000    204.33139    253.78853    132448.19   -41907.491     2542.271   -44449.762    199.34155   0.94296112 
444000    211.96977    483.15281     132163.2   -41865.492    2637.3069   -44502.798    199.29345   0.94499447 
446000    212.50081    472.67393    132374.04   -41837.955    2643.9141   -44481.869    199.82206   0.94348928 
448000    210.02375    711.98743    131940.49   -41862.952    2613.0947   -44476.047    200.13113   0.94658957 
450000    207.69456    267.79941    132179.29   -41768.218    2584.1152   -44352.333    200.44756   0.94487945 
452000    214.49193     426.8794    132047.38   -41755.976    2668.6874   -44424.663    201.18548   0.94582333 
454000    212.95627    315.91432    131792.62   -41758.831    2649.5808   -44408.411    201.78874   0.94765163 
456000    208.60903    542.97659     131834.6   -41760.608    2595.4929   -44356.101     202.0877   0.94734987 
458000     209.2513    594.62478    131500.52   -41795.238     2603.484   -44398.722    202.22282   0.94975661 
460000    209.77513    200.16218    132041.68   -41750.636    2610.0014   -44360.638    203.35098   0.94586415 
462000    207.97255    340.71996    131688.07   -41804.519    2587.5739   -44392.093     203.6136   0.94840399 
464000    209.36697    337.31755    131933.49   -41743.849    2604.9231   -44348.772    204.19412   0.94663976 
466000    208.17354    559.73515    131829.65   -41726.201    2590.0746   -44316.276    203.79296   0.94738542 
468000    209.36868     364.9158    131990.74    -41727.38    2604.9444   -44332.324    205.14363   0.94622916 
470000    207.43416    239.62265    132342.82   -41827.201    2580.8753   -44408.077    205.98531   0.94371185 
472000    207.44614     208.1106    132116.81   -41838.572    2581.0244   -44419.596    206.79474   0.94532624 
474000     208.7946    432.40548    131903.63   -41816.879    2597.8018   -44414.681    206.71016    0.9468541 
476000    210.53177    67.625626    132244.59   -41805.677    2619.4154   -44425.092    206.64299   0.94441285 
478000    208.49459    268.38756    132261.59   -41869.054    2594.0691   -44463.123    207.19016   0.94429148 
480000    208.47943    734.49959    131831.59   -41801.817    2593.8805   -44395.698    207.46087    0.9473715 
482000    211.77962    210.60404    132281.65   -41758.427    2634.9412   -44393.368    208.68486    0.9441483 
484000    211.41717    598.08811    132018.43   -41846.798    2630.4316   -44477.229    209.38244   0.94603074 
486000    210.66765    610.04258    131992.64   -41937.511     2621.106   -44558.617    209.46635   0.94621558 
488000     210.1951    402.67743    132250.39   -41841.001    2615.2266   -44456.228    210.68255   0.94437143 
490000    212.05797    260.40832    132518.15   -41758.579    2638.4043   -44396.983    210.99045    0.9424633 
492000    209.91756    525.44953    132561.62   -41834.018    2611.7735   -44445.791    211.69074   0.94215425 
494000    209.45779    518.87581    132336.63    -41882.62    2606.0531   -44488.673    211.69124   0.94375605 
496000    211.55163    457.35802    132666.46   -41831.586    2632.1044   -44463.691    212.51591   0.94140971 
498000    205.73423    530.13176    132228.12   -41914.762    2559.7249   -44474.487    212.47117   0.94453048 
500000    210.64818    699.76824    131955.15   -41891.907    2620.8638   -44512.771    212.52755   0.94648437 
502000    208.36879      673.638    132000.64   -41842.563    2592.5039   -44435.067    213.24263    0.9461582 
504000    210.70297    571.14119    132111.55   -41798.617    2621.5455   -44420.162    213.76468    0.9453639 
506000    210.36101    654.09768     132171.6   -41874.728    2617.2909   -44492.019    214.38006   0.94493443 
508000    214.60863    317.80014    132488.76   -41851.616    2670.1393   -44521.756    215.28829   0.94267237 
510000    211.42398    386.63497    132425.29   -41806.717    2630.5163   -44437.234    215.98686   0.94312416 
512000    207.23061      493.333    132123.17   -41825.007    2578.3428    -44403.35    216.00235   0.94528075 
514000    212.23222    472.71033    131875.07   -41836.067    2640.5723    -44476.64    216.20938   0.94705911 
516000    209.17368    329.47748    132168.68   -41839.252    2602.5183   -44441.771    217.23191   0.94495528 
518000    207.28308    274.07214     132265.9   -41841.988    2578.9957   -44420.984    218.03623   0.94426068 
520000    208.92338    287.30741    132147.42   -41850.728    2599.4041   -44450.132    218.87167    0.9451073 
522000    209.37903    316.36419    132062.98   -41848.206    2605.0732   -44453.279    219.65985    0.9457116 
524000     206.9824    217.44498    132409.15   -41801.149    2575.2545   -44376.404    220.48375   0.94323912 
526000    208.85533    666.48779    132021.11   -41798.458    2598.5574   -44397.015    220.67509   0.94601156 
528000    216.20659    386.64763       132387   -41786.302    2690.0211   -44476.323    221.90262   0.94339695 
530000    209.72329     253.4505    132320.76   -41926.556    2609.3564   -44535.912    222.94739   0.94386921 
532000     208.1892    346.81215    132402.07   -41876.278    2590.2695   -44466.547    223.10307   0.94328957 
534000    210.57101    568.22806    132368.69   -41908.454    2619.9037   -44528.358    223.25408   0.94352743 
536000    212.17343    351.77641     132298.3   -41879.029    2639.8409    -44518.87    223.94701   0.94402948 
538000    210.35571    658.47592    131928.36   -41955.542     2617.225   -44572.767    223.46783   0.94667661 
540000    209.71868    376.92263    132039.19   -41907.498    2609.2991   -44516.797    224.34826   0.94588202 
542000    211.97799    580.18793    132194.06   -41938.289    2637.4091   -44575.698    224.54569   0.94477383 
544000    209.24678    462.77082    132724.45   -42041.931    2603.4277   -44645.358    225.14475   0.94099838 
546000    210.86436    595.03571    132444.22   -41993.247    2623.5535     -44616.8    224.95717   0.94298933 
548000    211.96914    226.92059    132842.21   -42002.725    2637.2991   -44640.024    225.63014   0.94016418 
550000    206.94097    429.13323    132443.36   -42001.225    2574.7391   -44575.964    225.83006   0.94299546 
552000    209.23886    399.93857    132119.38   -41963.827    2603.3292   -44567.157    225.62997   0.94530789 
554000    211.28453    200.84128    132808.11   -41934.035    2628.7812   -44562.816    227.24091   0.94040559 
556000    204.87482    204.44235    132910.65   -42022.026    2549.0323   -44571.058    228.47378   0.93968006 
558000    207.57794    439.91132    132791.73   -42011.689    2582.6642   -44594.353    227.92548   0.94052158 
560000    210.40422    466.29967    132412.15   -41954.374    2617.8285   -44572.203     228.2391   0.94321775 
562000    212.55592    584.05487    132226.28   -41983.617    2644.5998   -44628.217    228.43872   0.94454363 
564000    210.14969    532.61766    132410.87   -41979.975    2614.6617   -44594.637    229.07903   0.94322686 
566000    210.23941    450.10632    132505.75    -41923.79    2615.7779   -44539.568    229.63391   0.94255147 
568000    212.62584    393.50936    132252.33   -41906.146    2645.4697   -44551.615    229.60367   0.94435758 
570000    210.59371    218.39681    132499.58   -41957.117    2620.1862   -44577.303    230.44682   0.94259537 
572000    204.44049    280.47424     132135.7   -41982.204    2543.6284   -44525.832    229.99173   0.94519112 
574000    209.78365    298.01755    132270.99   -41873.504    2610.1075   -44483.612    231.04007   0.94422436 
576000    206.82158    381.22892    131720.08   -41866.405    2573.2537   -44439.659     230.4099   0.94817349 
578000    209.33473    309.91948    131867.17   -41908.534     2604.522   -44513.056    232.17106   0.94711587 
580000    206.98973    473.03494    132073.49   -41920.725    2575.3458    -44496.07    233.10086   0.94563636 
582000    208.93734     444.9145    132243.62     -41897.9    2599.5777   -44497.477    233.90799   0.94441977 
584000    211.83891    406.45668    132069.83   -41904.532    2635.6787    -44540.21    234.08262   0.94566253 
586000    206.42354    457.27018     132228.6   -41925.972    2568.3013   -44494.274     235.1801   0.94452708 
588000    214.38222    403.11438    132206.24   -41928.774    2667.3224   -44596.096    235.32901   0.94468683 
590000    209.29704    257.39617    132193.88   -41916.003    2604.0531   -44520.056    235.98727   0.94477513 
592000    207.08222    395.86648    132169.82   -41907.075    2576.4965   -44483.571     236.3906   0.94494714 
594000    213.90915    591.74844    131956.07   -41879.609    2661.4365   -44541.045    236.86098   0.94647779 
596000    209.66128    205.15734     132250.1   -41918.587    2608.5849   -44527.172    237.17208    0.9443735 
598000    210.85957    446.88052    131967.54   -41912.562     2623.494   -44536.056    237.82899   0.94639557 
600000    204.84042    747.54323    131986.65   -42028.903    2548.6043   -44577.507    237.87898   0.94625848 
602000    205.16554    300.68507    132336.86    -42040.99    2552.6494    -44593.64    239.67178   0.94375441 
604000     209.2538    300.30486    132801.85   -41936.998    2603.5151   -44540.513    240.46969   0.94044995 
606000    205.54534    265.66253    132626.19   -41982.601    2557.3749   -44539.976    240.38722   0.94169557 
608000     205.7646    369.24939     132787.2   -42015.966    2560.1028   -44576.069    241.36539    0.9405537 
610000    207.86455    469.15157    132368.16   -42017.171    2586.2302   -44603.402    241.45581   0.94353121 
612000    210.90393    517.03712    132540.84   -41999.416    2624.0459   -44623.461    241.78463   0.94230197 
614000    205.33033    462.55291    132449.36       -42098    2554.6997     -44652.7    242.33318   0.94295279 
616000    213.13614    332.59241     132363.2   -41929.704    2651.8188   -44581.523    242.63637   0.94356661 
618000    209.34593    377.98594     132275.3   -42030.093    2604.6614   -44634.755    242.25525    0.9441936 
620000    210.18622    435.66175    132212.97    -41895.19    2615.1162   -44510.307    242.97953   0.94463874 
622000    211.91516    455.87954    132182.32   -41892.721    2636.6275   -44529.349    243.59182   0.94485773 
624000    212.85938    606.28758    132118.49   -41942.831    2648.3753   -44591.207    243.53327   0.94531423 
626000    209.39756     628.3053    131833.19   -41942.871    2605.3038   -44548.174    244.21819   0.94736003 
628000     214.5076    394.11185    132477.09   -41961.546    2668.8824   -44630.429    246.12997   0.94275538 
630000    208.35211    719.49855     132127.3   -42048.342    2592.2964   -44640.638    246.00547   0.94525123 
632000    209.90289    584.05317    132182.28   -42013.976     2611.591   -44625.567      246.147   0.94485802 
634000    211.82901    679.66738    131850.55   -41905.034    2635.5556    -44540.59    246.26753   0.94723528 
636000    211.48982    896.73274    131815.06     -41956.5    2631.3354   -44587.835     246.5297   0.94749029 
638000    208.09741    404.74393     132207.1   -42007.607    2589.1274   -44596.735    247.34724   0.94468064 
640000    211.16718    406.82629    132213.66   -41932.507    2627.3212   -44559.828    248.27679   0.94463378 
642000    209.29748    263.13431    132730.46     -41965.2    2604.0585   -44569.258    249.08034   0.94095575 
644000    209.19704    519.44887    132013.69   -41980.683    2602.8089   -44583.491    248.23021    0.9460647 
646000     205.7391    333.00864    132409.39   -41959.012    2559.7855   -44518.797    249.52064   0.94323739 
648000    213.69929     109.3496    132372.58   -41949.271    2658.8255   -44608.097    249.71584   0.94349969 
650000    211.86064    531.70303    132081.23   -41902.314    2635.9491   -44538.263     249.7224   0.94558095 
652000    210.99049    420.81475    132308.16   -41891.532    2625.1228   -44516.655    250.51763   0.94395912 
654000    211.64272    611.12102    132590.06   -41870.082    2633.2379    -44503.32    251.75537   0.94195213 
656000    208.48491    634.81488    132260.27   -41989.842    2593.9486    -44583.79     251.4136   0.94430087 
658000    206.84584    633.35509    131798.51   -42009.196    2573.5556   -44582.751    251.21198   0.94760928 
660000    211.83354    582.59234    132315.32   -42000.647    2635.6119   -44636.259    252.63476   0.94390804 
662000    211.68326    296.57393    132762.87   -42038.764    2633.7421   -44672.506    253.28418   0.94072605 
664000    209.75209    322.24006    132532.68   -42048.593    2609.7148   -44658.307    253.32991   0.94235997 
666000    205.78162    437.71503     132508.7   -42055.899    2560.3145   -44616.213    253.63951   0.94253049 
668000    206.83363    368.27136    132140.79   -41992.034    2573.4036   -44565.437    253.63982   0.94515474 
670000    210.97941    496.64772    132263.49   -41998.687    2624.9849   -44623.672    254.81208   0.94427791 
672000    208.70332    125.70879    132240.58   -41944.835     2596.666   -44541.501    255.08444   0.94444149 
674000    212.74561    352.32459    132185.59   -41890.442    2646.9599   -44537.402    255.49102   0.94483438 
676000    205.71185    328.60612     132239.7   -41880.442    2559.4465   -44439.888    256.08793   0.94444779 
678000    212.11235    127.69939    132506.88   -41931.899    2639.0808    -44570.98    256.65359   0.94254343 
680000    214.23156    443.82671    132091.17   -41926.752    2665.4479     -44592.2    256.84786    0.9455098 
682000    211.05131    516.00502    131845.07   -41933.835    2625.8795   -44559.714    256.37653   0.94727463 
684000    212.52056    403.36452    131824.62   -41857.693    2644.1598   -44501.853    257.39116   0.94742157 
686000    206.67852    26.640841    132069.61   -41939.624    2571.4737   -44511.098    257.75118   0.94566414 
688000    208.00594    414.98969    131973.48   -41915.681    2587.9894   -44503.671    257.60743   0.94635291 
690000    209.60941    447.19037    131673.54   -41883.066    2607.9395   -44491.006    257.55502   0.94850866 
692000    212.63855    536.81124    132009.34   -41834.587    2645.6279   -44480.215    258.75843   0.94609589 
694000    210.48206    509.12621    132200.39   -41905.314     2618.797   -44524.111    259.04394   0.94472862 
696000     207.9738    484.43666     132384.5   -42023.136    2587.5894   -44610.726    259.56105   0.94341479 
698000    210.43082     564.5884    132339.68   -42008.992    2618.1595   -44627.151    259.49383   0.94373426 
700000    208.24831    551.53475    132370.95   -42005.837    2591.0049   -44596.842    259.87058   0.94351136 
702000    209.37136    469.45509    132554.84   -41970.303    2604.9778   -44575.281    261.13366   0.94220245 
704000    207.88436     323.5951    132628.69   -41915.993    2586.4767   -44502.469    261.13805   0.94167776 
706000    214.71013     638.3728     132581.1   -41889.028    2671.4022   -44560.431    261.30981   0.94201581 
708000    208.63558    539.93835    132341.76   -41964.071    2595.8233   -44559.894    261.57162   0.94371946 
710000    209.94064      401.634    132342.03    -42019.91    2612.0607    -44631.97    261.23014   0.94371752 
712000    210.74217    699.52636    131992.43   -41992.536    2622.0333   -44614.569    261.19427   0.94621709 
714000    212.19537    529.03117    132185.18    -41954.05    2640.1139   -44594.163    261.62422   0.94483731 
716000    214.18641    404.58244    132328.99   -41979.164    2664.8861    -44644.05    262.55153   0.94381054 
718000    209.12646    631.28335    132071.59   -41982.732    2601.9307   -44584.663    262.57725   0.94564995 
720000    213.01046    357.15837    132235.85   -41895.128     2650.255   -44545.383    263.41845    0.9444753 
722000    208.15791    291.37418    132356.29   -41920.463    2589.8801   -44510.343    263.48235   0.94361583 
724000    206.98115    717.28093    131846.72   -41901.162     2575.239   -44476.401    263.18545   0.94726282 
726000    209.01029    119.77694    132799.18   -41933.066    2600.4854   -44533.552    265.08872   0.94046888 
728000    215.40956    502.43266    132416.61   -41988.603    2680.1044   -44668.708     265.6102   0.94318597 
730000    211.62244    446.92783    132399.55   -41930.471    2632.9854   -44563.456    265.92046   0.94330751 
732000    212.50354    406.20436    132772.44   -41946.326    2643.9481   -44590.274    266.72975   0.94065822 
734000    207.09985    384.68002    132183.43   -42002.077    2576.7159   -44578.793    266.09059   0.94484985 
736000    211.05091      371.291    132422.53    -42021.68    2625.8745   -44647.555    266.22145   0.94314381 
738000    208.35183    433.73949    132194.77    -41947.47    2592.2929   -44539.763    266.53091   0.94476879 
740000    207.33466    115.58826    132545.07   -41936.045    2579.6374   -44515.682     267.7071   0.94227189 
742000     214.8254     201.4933    132221.91   -41860.954    2672.8364    -44533.79    267.71977   0.94457485 
744000    211.88795    331.64456     131828.3   -41874.125    2636.2889   -44510.414    268.51169   0.94739513 
746000    214.22163    589.55458       131928   -41930.224    2665.3243   -44595.549    268.37338   0.94667916 
748000    213.08768    384.25981    131810.11   -41956.452    2651.2159   -44607.668    269.45683   0.94752591 
750000    208.36852     449.4279    131651.38   -41933.486    2592.5005   -44525.987    269.84777   0.94866829 
752000    211.64993    555.69125    131818.79   -41907.469    2633.3275   -44540.797    270.22689   0.94746351 
754000    211.60977    394.33725    132233.03   -41918.585    2632.8278   -44551.413    270.78679   0.94449539 
756000    209.99697    315.30886    132354.18   -41968.477    2612.7615   -44581.239    272.16972   0.94363091 
758000    214.04801    599.00764    132183.68   -41977.231    2663.1642   -44640.395    271.69657   0.94484807 
760000    208.41164    538.83046    131888.59   -41972.142    2593.0371   -44565.179    272.52102   0.94696206 
762000    212.51578    395.26014     131836.3   -41991.865    2644.1003   -44635.966     272.8007   0.94733766 
764000     208.5987    114.49739    132383.53     -41996.6    2595.3644   -44591.965    273.70514   0.94342168 
766000    209.19481    611.68917    131884.69   -41981.119    2602.7812     -44583.9     273.4383   0.94699009 
768000    206.79409    375.25808    132439.68   -42019.246    2572.9117   -44592.157    274.49241   0.94302171 
770000    213.46745    621.96203    132202.34   -42010.287    2655.9409   -44666.228    274.40932   0.94471467 
772000    207.21211     594.7778    132146.69   -41986.543    2578.1126   -44564.656    275.26776    0.9451125 
774000    207.22482    238.42099     132204.4   -41929.421    2578.2707   -44507.692    275.87727   0.94469994 
776000    212.42085    282.40413    132273.79   -41911.692    2642.9193   -44554.611    276.56721   0.94420436 
778000    209.78638    298.40203    132374.96   -41939.158    2610.1414     -44549.3    276.85894   0.94348272 
780000    209.35843    198.92526    132291.71    -41951.71    2604.8168   -44556.527    277.66579   0.94407649 
782000    210.08411    575.38836    132282.63   -41930.026    2613.8457   -44543.872    278.00935   0.94414127 
784000    213.46198    439.83014    132087.93   -41850.123    2655.8728   -44505.995    278.24513   0.94553299 
786000    211.51041    383.63321    132120.11   -41899.561    2631.5916   -44531.152    279.71073   0.94530267 
788000    209.71076    323.36803    132199.69   -41876.493    2609.2006   -44485.694      279.807   0.94473359 
790000    213.17087    385.28589    132437.65   -41982.207    2652.2509   -44634.458    281.63088   0.94303614 
792000    208.40593    362.76795    132387.78   -42001.468     2592.966   -44594.434    282.43675   0.94339138 
794000    211.76035    464.65052     132264.5   -41948.869    2634.7013    -44583.57    282.35893    0.9442707 
796000    211.01872    315.14831    132423.84   -41937.211     2625.474   -44562.685    283.36795   0.94313451 
798000    210.69849      47.0302    132812.86   -41894.911    2621.4897   -44516.401    284.54366   0.94037197 
