# Radial distribution function (200 data points):
# "Pair separation distance" g(r)
0.025 0.0 
0.075 0.0 
0.125 0.0 
0.175 0.0 
0.225 0.0 
0.275 0.0 
0.325 0.0 
0.375 0.0 
0.425 0.0 
0.475 0.0 
0.525 0.0 
0.575 0.0 
0.625 0.0 
0.675 0.0 
0.725 0.0 
0.775 0.0 
0.825 0.0 
0.875 0.0 
0.925 0.0 
0.975 0.0 
1.025 0.0 
1.075 0.0 
1.125 0.0 
1.175 0.0 
1.225 0.0 
1.275 0.0 
1.325 0.0 
1.375 0.0 
1.425 0.0 
1.475 0.0 
1.525 0.0 
1.575 0.0 
1.625 0.0 
1.675 0.0 
1.725 0.0 
1.775 0.0 
1.825 0.0 
1.875 0.0 
1.925 0.0 
1.975 0.0 
2.025 0.0 
2.075 0.0 
2.125 0.0 
2.175 0.0 
2.225 0.0 
2.275 0.0 
2.325 0.0 
2.375 0.0044235161 
2.425 0.0212149499 
2.475 0.1099789234 
2.525 0.4578885487 
2.575 1.1439745115 
2.625 2.4876877511 
2.675 3.7031830205 
2.725 4.7849308762 
2.775 4.798750948 
2.825 3.9112893453 
2.875 2.5357329759 
2.925 1.5544464653 
2.975 0.7499086281 
3.025 0.3353940413 
3.075 0.1134695999 
3.125 0.0434360665 
3.175 0.0247522363 
3.225 0.002399069 
3.275 0.0 
3.325 0.0 
3.375 0.0 
3.425 0.0 
3.475 0.0 
3.525 0.0 
3.575 0.0 
3.625 0.0 
3.675 0.0 
3.725 0.0017982572 
3.775 0.0105056243 
3.825 0.0119382276 
3.875 0.0249260061 
3.925 0.074504673 
3.975 0.1468634861 
4.025 0.2325682739 
4.075 0.3606296609 
4.125 0.5543058389 
4.175 0.8903958167 
4.225 1.3502976376 
4.275 1.7011857261 
4.325 2.2036562983 
4.375 2.5159809235 
4.425 2.7754766705 
4.475 3.0240575757 
4.525 2.9307877757 
4.575 2.7407115393 
4.625 2.4578066123 
4.675 2.0059276643 
4.725 1.6719942971 
4.775 1.3373077531 
4.825 1.0653657709 
4.875 0.9743293961 
4.925 0.9577327924 
4.975 1.0373765479 
5.025 1.1680263432 
5.075 1.4406093827 
5.125 1.5940856377 
5.175 1.8271086915 
5.225 1.827038786 
5.275 1.8930013792 
5.325 1.880498467 
5.375 1.735124909 
5.425 1.4625051926 
5.475 1.2977341294 
5.525 0.9751777676 
5.575 0.7570593278 
5.625 0.5670114825 
5.675 0.4013341309 
5.725 0.2748301254 
5.775 0.1840514714 
5.825 0.1625206776 
5.875 0.1554286136 
5.925 0.2018598425 
5.975 0.2299473564 
6.025 0.2577659508 
6.075 0.3211511416 
6.125 0.4117057455 
6.175 0.4920989297 
6.225 0.5389584535 
6.275 0.6134179437 
6.325 0.6262118304 
6.375 0.6391444199 
6.425 0.6927029521 
6.475 0.6838316566 
6.525 0.7173467537 
6.575 0.742840915 
6.625 0.8180838964 
6.675 0.8635563451 
6.725 0.9500740275 
6.775 1.0611337303 
6.825 1.1747413462 
6.875 1.2194824012 
6.925 1.1868469545 
6.975 1.1678407456 
7.025 1.0592547334 
7.075 0.9371606176 
7.125 0.8006826931 
7.175 0.6334916515 
7.225 0.5396688889 
7.275 0.5091748302 
7.325 0.4799252829 
7.375 0.5317023745 
7.425 0.6381686007 
7.475 0.8154317861 
7.525 0.9870616724 
7.575 1.2541205421 
7.625 1.4119701721 
7.675 1.594841591 
7.725 1.7528052212 
7.775 1.8768671741 
7.825 1.9303856978 
7.875 1.9015248705 
7.925 1.7822563202 
7.975 1.7678249458 
8.025 1.5951453291 
8.075 1.5394814477 
8.125 1.4177832164 
8.175 1.3523292638 
8.225 1.2274987076 
8.275 1.174448171 
8.325 1.0538136246 
8.375 0.956956585 
8.425 0.8271641625 
8.475 0.737878261 
8.525 0.6495939753 
8.575 0.5748503428 
8.625 0.5256061635 
8.675 0.5185700806 
8.725 0.544110247 
8.775 0.5602868693 
8.825 0.6529568261 
8.875 0.7184822686 
8.925 0.8185264181 
8.975 0.9005044652 
9.025 1.0023713374 
9.075 1.0980059653 
9.125 1.1660180531 
9.175 1.1892100761 
9.225 1.2525881759 
9.275 1.2977109465 
9.325 1.3197010575 
9.375 1.3300773246 
9.425 1.3044857863 
9.475 1.2068165313 
9.525 1.1347733667 
9.575 1.0878436292 
9.625 1.0124667026 
9.675 0.9423177695 
9.725 0.8922864607 
9.775 0.8978055172 
9.825 0.9101455422 
9.875 0.9546869569 
9.925 1.0314702265 
9.975 1.0810908246 
