# Radial distribution function (200 data points):
# "Pair separation distance" g(r)
0.025 0.0 
0.075 0.0 
0.125 0.0 
0.175 0.0 
0.225 0.0 
0.275 0.0 
0.325 0.0 
0.375 0.0 
0.425 0.0 
0.475 0.0 
0.525 0.0 
0.575 0.0 
0.625 0.0 
0.675 0.0 
0.725 0.0 
0.775 0.0 
0.825 0.0 
0.875 0.0 
0.925 0.0 
0.975 0.0 
1.025 0.0 
1.075 0.0 
1.125 0.0 
1.175 0.0 
1.225 0.0 
1.275 0.0 
1.325 0.0 
1.375 0.0 
1.425 0.0 
1.475 0.0 
1.525 0.0 
1.575 0.0 
1.625 0.0 
1.675 0.0 
1.725 0.0 
1.775 0.0 
1.825 0.0 
1.875 0.0 
1.925 0.0 
1.975 0.0 
2.025 0.0 
2.075 0.0 
2.125 0.0 
2.175 0.0 
2.225 0.0 
2.275 0.0 
2.325 0.0 
2.375 0.0 
2.425 0.0169485656 
2.475 0.122030364 
2.525 0.4885228541 
2.575 1.1950080658 
2.625 2.2926055563 
2.675 3.9696888102 
2.725 4.8957803277 
2.775 4.5947559499 
2.825 3.8278424771 
2.875 2.601572781 
2.925 1.5202675151 
2.975 0.7432443093 
3.025 0.3376547537 
3.075 0.121218764 
3.125 0.0331700306 
3.175 0.0074154353 
3.225 0.0 
3.275 0.0023231689 
3.325 0.0 
3.375 0.0 
3.425 0.0 
3.475 0.0 
3.525 0.0 
3.575 0.0 
3.625 0.0 
3.675 0.0036899496 
3.725 0.0053873353 
3.775 0.0122396672 
3.825 0.0136248821 
3.875 0.0331888638 
3.925 0.0614625012 
3.975 0.1198520395 
4.025 0.2168670576 
4.075 0.3871425086 
4.125 0.6355479688 
4.175 0.9620745859 
4.225 1.2884128111 
4.275 1.6852064416 
4.325 2.1246894209 
4.375 2.5750002419 
4.425 2.7983748381 
4.475 2.968873345 
4.525 2.9705579028 
4.575 2.7869342495 
4.625 2.4404400974 
4.675 2.0271048609 
4.725 1.6205810889 
4.775 1.3354643973 
4.825 1.0489127937 
4.875 0.9876650463 
4.925 0.959494534 
4.975 1.06010864 
5.025 1.1348382193 
5.075 1.4144369567 
5.125 1.6212974781 
5.175 1.8078422945 
5.225 1.9066648704 
5.275 1.9091974668 
5.325 1.8014544053 
5.375 1.6939213551 
5.425 1.551081931 
5.475 1.2710073109 
5.525 0.9526100434 
5.575 0.7407832355 
5.625 0.5504794251 
5.675 0.4000072203 
5.725 0.2645680096 
5.775 0.2069592813 
5.825 0.129249827 
5.875 0.1436635328 
5.925 0.1675114681 
5.975 0.209389418 
6.025 0.2560377874 
6.075 0.3308360999 
6.125 0.4217654069 
6.175 0.484885768 
6.225 0.562007634 
6.275 0.6562371719 
6.325 0.6577372308 
6.375 0.6775034361 
6.425 0.6845046889 
6.475 0.6864550579 
6.525 0.7257221135 
6.575 0.7498864702 
6.625 0.7999244937 
6.675 0.8741102963 
6.725 0.9366431732 
6.775 1.0965858253 
6.825 1.1640281037 
6.875 1.210420842 
6.925 1.1982010323 
6.975 1.1185983619 
7.025 1.0416374029 
7.075 0.9164545277 
7.125 0.795161462 
7.175 0.6708562815 
7.225 0.5446531716 
7.275 0.4924654968 
7.325 0.4774061386 
7.375 0.5337182351 
7.425 0.6671194902 
7.475 0.808956368 
7.525 0.996702227 
7.575 1.2102691027 
7.625 1.4434530391 
7.675 1.6218311327 
7.725 1.7624982256 
7.775 1.870570272 
7.825 1.8967965955 
7.875 1.8836354175 
7.925 1.7905117682 
7.975 1.7442317123 
8.025 1.620417835 
8.075 1.5404165543 
8.125 1.4645204634 
8.175 1.3273484594 
8.225 1.2549048897 
8.275 1.1902961984 
8.325 1.056675468 
8.375 0.965229409 
8.425 0.8498954893 
8.475 0.720208934 
8.525 0.6000118906 
8.575 0.5452534031 
8.625 0.5121531997 
8.675 0.4973264896 
8.725 0.5103003709 
8.775 0.5682519241 
8.825 0.6642148606 
8.875 0.7516581881 
8.925 0.8321006856 
8.975 0.9048313958 
9.025 1.018427439 
9.075 1.0707745126 
9.125 1.1629145171 
9.175 1.21657932 
9.225 1.2962463239 
9.275 1.2898393895 
9.325 1.3238996968 
9.375 1.3273934056 
9.425 1.2808079054 
9.475 1.221251359 
9.525 1.1073920111 
9.575 1.0670470555 
9.625 0.9666904949 
9.675 0.9396878684 
9.725 0.8847332389 
9.775 0.8790955914 
9.825 0.9163768859 
9.875 0.9653807749 
9.925 1.0654626788 
9.975 1.1216727598 
