# Radial distribution function (200 data points):
# "Pair separation distance" g(r)
0.025 0.0 
0.075 0.0 
0.125 0.0 
0.175 0.0 
0.225 0.0 
0.275 0.0 
0.325 0.0 
0.375 0.0 
0.425 0.0 
0.475 0.0 
0.525 0.0 
0.575 0.0 
0.625 0.0 
0.675 0.0 
0.725 0.0 
0.775 0.0 
0.825 0.0 
0.875 0.0 
0.925 0.0 
0.975 0.0 
1.025 0.0 
1.075 0.0 
1.125 0.0 
1.175 0.0 
1.225 0.0 
1.275 0.0 
1.325 0.0 
1.375 0.0 
1.425 0.0 
1.475 0.0 
1.525 0.0 
1.575 0.0 
1.625 0.0 
1.675 0.0 
1.725 0.0 
1.775 0.0 
1.825 0.0 
1.875 0.0 
1.925 0.0 
1.975 0.0 
2.025 0.0 
2.075 0.0 
2.125 0.0 
2.175 0.0 
2.225 0.0 
2.275 0.0 
2.325 0.0 
2.375 0.0 
2.425 0.0212109654 
2.475 0.1384659672 
2.525 0.363894336 
2.575 1.2001951688 
2.625 2.2989592993 
2.675 3.89423593 
2.725 4.7638747693 
2.775 4.801089286 
2.825 3.8730434412 
2.875 2.6680558969 
2.925 1.5395752107 
2.975 0.7187623515 
3.025 0.3053420945 
3.075 0.1266399504 
3.125 0.0306549944 
3.175 0.01979807 
3.225 0.0047972369 
3.275 0.0023259387 
3.325 0.0 
3.375 0.0 
3.425 0.0 
3.475 0.0 
3.525 0.0 
3.575 0.0 
3.625 0.0 
3.675 0.0036943489 
3.725 0.0035958389 
3.775 0.0035012171 
3.825 0.0136411262 
3.875 0.0398741195 
3.925 0.0647745045 
3.975 0.1326259773 
4.025 0.2356043908 
4.075 0.4146462199 
4.125 0.5747277237 
4.175 0.9188533032 
4.225 1.2633952464 
4.275 1.7008662228 
4.325 2.0885457855 
4.375 2.5129016474 
4.425 2.9991942228 
4.475 2.9051412429 
4.525 2.9570420042 
4.575 2.7247019949 
4.625 2.4095276618 
4.675 2.0774631115 
4.725 1.6593885097 
4.775 1.308608578 
4.825 1.1026715162 
4.875 0.9720469518 
4.925 0.940068064 
4.975 1.0674202501 
5.025 1.220170569 
5.075 1.3957822717 
5.125 1.6194312007 
5.175 1.7624887295 
5.225 1.873299687 
5.275 1.9455431056 
5.325 1.8018425583 
5.375 1.6113165719 
5.425 1.4740978945 
5.475 1.2875033019 
5.525 1.0362893336 
5.575 0.7545091351 
5.625 0.5724242328 
5.675 0.4206245255 
5.725 0.3006579253 
5.775 0.2027178092 
5.825 0.1485204125 
5.875 0.1590133623 
5.925 0.1769495097 
5.975 0.2026510916 
6.025 0.2480960845 
6.075 0.3305545551 
6.125 0.4262581884 
6.175 0.4861181319 
6.225 0.5523769461 
6.275 0.6253407033 
6.325 0.6348246178 
6.375 0.6519153626 
6.425 0.6708166388 
6.475 0.7110751555 
6.525 0.720141815 
6.575 0.7190411383 
6.625 0.8094042228 
6.675 0.8633941588 
6.725 0.9818897526 
6.775 1.0283237469 
6.825 1.1670226353 
6.875 1.2139752146 
6.925 1.1730983049 
6.975 1.1665958322 
7.025 1.0671440468 
7.075 0.9539300739 
7.125 0.7739953324 
7.175 0.6740791045 
7.225 0.557728353 
7.275 0.5024800262 
7.325 0.4909941041 
7.375 0.5494907784 
7.425 0.6249257565 
7.475 0.8072419374 
7.525 0.9851140112 
7.575 1.2286681757 
7.625 1.4503230566 
7.675 1.6279999151 
7.725 1.7800674873 
7.775 1.8356580774 
7.825 1.8933539305 
7.875 1.8315735771 
7.925 1.8081380031 
7.975 1.7380739368 
8.025 1.6130526276 
8.075 1.5108800522 
8.125 1.446237624 
8.175 1.3337838143 
8.225 1.2623013645 
8.275 1.2008235044 
8.325 1.0510959551 
8.375 0.9660245143 
8.425 0.8568837575 
8.475 0.7002274915 
8.525 0.6532479736 
8.575 0.5452249132 
8.625 0.5305378323 
8.675 0.5181411826 
8.725 0.5361428798 
8.775 0.5822130759 
8.825 0.6595611399 
8.875 0.7281660094 
8.925 0.7992679304 
8.975 0.9133432805 
9.025 0.985337093 
9.075 1.0914383241 
9.125 1.1463241344 
9.175 1.2378857336 
9.225 1.2678900748 
9.275 1.3467674951 
9.325 1.3208877018 
9.375 1.2804379814 
9.425 1.2711011642 
9.475 1.2279872557 
9.525 1.1609581541 
9.575 1.0549856492 
9.625 0.9815770209 
9.675 0.9352113253 
9.725 0.8910637409 
9.775 0.8892819303 
9.825 0.9221213841 
9.875 0.9642292555 
9.925 1.0049374184 
9.975 1.094176359 
