94000    215.81283   -828.77049    136662.13   -41792.678    2685.1219     -44477.8    42.251885   0.91388515 
96000    219.02988   -763.92816    136632.27   -41831.254    2725.1482   -44556.402    42.164455    0.9140849 
98000     217.2662   -673.95955    136615.12   -41854.994    2703.2046   -44558.199    42.472905   0.91419963 
100000    214.25713   -709.64707    136468.03    -41916.46     2665.766   -44582.226    42.369936   0.91518501 
102000    212.62528   -786.74326    136504.82   -41932.899    2645.4627   -44578.361    42.833931    0.9149383 
104000    213.88749   -1077.5769    136842.21   -41841.403    2661.1671    -44502.57    42.815696   0.91268249 
106000     210.4412   -1140.2153    137091.65   -41922.468    2618.2886   -44540.757    43.037805   0.91102188 
108000    210.93575   -718.94632    136642.63   -41916.605    2624.4418   -44541.046    42.964863   0.91401554 
110000    211.71025   -681.89319    136472.52   -41895.715    2634.0781   -44529.793    43.318124   0.91515489 
112000    209.12467   -722.68037    136437.85   -41980.017    2601.9084   -44581.925    43.316831   0.91538741 
114000    209.05456   -580.08578    136113.86   -41966.072    2601.0361   -44567.108    43.522969   0.91756629 
116000    215.27667   -666.18705    136319.72   -41839.823    2678.4511   -44518.274    43.870851   0.91618065 
118000    214.86723   -816.06798    136614.21   -41837.724    2673.3568   -44511.081     44.00349   0.91420573 
120000    214.77362   -940.12239    136780.03   -41938.345    2672.1921   -44610.537    44.049979    0.9130974 
122000    213.89303    -966.3352    136617.92   -41896.531    2661.2359   -44557.767    44.248829   0.91418086 
124000    213.15887   -970.85278    136512.43   -41907.974    2652.1016   -44560.076    44.148446    0.9148873 
126000    209.78771   -807.22546     136724.8   -41919.065    2610.1579   -44529.223    44.259423   0.91346628 
128000    213.36468   -845.31619    137049.65   -41967.304    2654.6622   -44621.966    44.298698   0.91130108 
130000     215.5536   -869.69803     136529.7   -41879.336    2681.8966   -44561.233    44.526671    0.9147716 
132000    212.66583   -725.17998    136358.73   -41837.372    2645.9672   -44483.339    44.749109   0.91591857 
134000    211.97583   -808.90136    136396.72   -41812.057    2637.3823    -44449.44    44.987128   0.91566347 
136000    222.49364   -635.29596    136016.74   -41803.761    2768.2438   -44572.005    44.949712   0.91822147 
138000    217.93206   -645.55058    135925.83   -41785.524    2711.4891   -44497.013    45.314743   0.91883559 
140000    219.18052   -640.54142    136434.53   -41770.054    2727.0223   -44497.076    45.446591   0.91540971 
142000    214.96703   -759.82729     136339.4   -41887.269    2674.5985   -44561.868    45.654206   0.91604839 
144000    215.60409   -847.85261    136332.25   -41923.577    2682.5248   -44606.101    45.763992   0.91609644 
146000    217.59612    -1086.258    136677.04   -41891.743    2707.3095   -44599.053    46.055549   0.91378544 
148000    213.11644   -813.78225    136647.63   -41912.854    2651.5737   -44564.428    46.199952   0.91398216 
150000    210.16179   -1075.6581    136797.33    -41986.08    2614.8122   -44600.893    46.241086   0.91298191 
152000    216.28109   -822.41707    136741.25   -41906.923    2690.9479   -44597.871    46.486884   0.91335638 
154000    222.83644   -699.65979    136726.68   -41826.151    2772.5089    -44598.66    46.422786    0.9134537 
156000    217.09652   -793.05329     136380.3   -41845.122    2701.0934   -44546.216    46.558194   0.91577373 
158000    216.64801   -730.35711    136542.41   -41853.317    2695.5131    -44548.83    47.013473   0.91468646 
160000    216.33129   -744.24683    136565.32   -41865.372    2691.5725   -44556.944    47.006743   0.91453297 
162000    216.54286   -782.26973    136661.12   -41928.941    2694.2049   -44623.146    47.218289   0.91389187 
164000    218.77025   -904.89353    136510.09   -41797.684    2721.9179   -44519.602     47.01016   0.91490297 
166000    215.23919   -843.45975    136675.56   -41919.791    2677.9847   -44597.775    47.476859   0.91379532 
168000    215.76102   -711.80577    136449.11   -41907.474    2684.4772   -44591.952    47.604045   0.91531186 
170000     219.3995   -719.26967    136512.07   -41821.253    2729.7469   -44550.999    47.805756   0.91488972 
172000    215.18909    -838.8284     136634.1   -41849.748    2677.3614   -44527.109    47.973626   0.91407261 
174000    218.37623   -981.47822    136566.37   -41823.977    2717.0154   -44540.992    47.831066   0.91452594 
176000    214.09807   -974.23058    136854.53   -41899.757     2663.787   -44563.544    48.200559   0.91260032 
178000    215.67582   -787.84633    136821.05   -41921.369    2683.4173   -44604.786     48.18582   0.91282366 
180000     217.3151   -716.80348    136353.17   -41842.206     2703.813   -44546.019    48.605238   0.91595591 
182000    212.97677   -674.30933    136388.78   -41937.249    2649.8359   -44587.085    48.446492   0.91571674 
184000    215.72296   -627.16106    136438.52   -41994.811    2684.0038   -44678.815    48.729152   0.91538294 
186000    213.10745   -537.63372    136591.29   -41958.446    2651.4618   -44609.907    48.916353    0.9143591 
188000    212.31949   -526.52187    136270.25   -41958.163    2641.6581   -44599.821    48.714867   0.91651329 
190000    214.93805   -853.88505    136565.06   -41954.422     2674.238    -44628.66    48.770059   0.91453471 
192000    211.48339   -638.69631    136612.45   -41989.753    2631.2554   -44621.008    48.768522   0.91421748 
194000    215.96874   -783.66621    136753.14    -41877.64    2687.0617   -44564.701    49.273708   0.91327694 
196000    217.66463   -938.47222    136903.58   -41902.805    2708.1618   -44610.967     49.34704   0.91227336 
198000    215.39083   -1034.6589    136880.26   -41822.181    2679.8714   -44502.052    49.496037   0.91242883 
200000    218.77096   -981.81484    137011.56   -41926.449    2721.9266   -44648.376    49.859547   0.91155442 
202000     216.8261   -1126.9251    137043.56   -41890.335     2697.729   -44588.064    49.999815   0.91134155 
204000    215.61705    -1065.372    137074.03   -41861.096     2682.686   -44543.782    50.122577   0.91113897 
206000    219.49846   -816.54409    136570.95   -41860.543    2730.9781   -44591.521    49.865681   0.91449527 
208000    213.91141   -752.49205    136810.27   -41910.728    2661.4646   -44572.192    50.425573   0.91289562 
210000       209.86   -981.59972    137134.62   -41932.759    2611.0574   -44543.816    50.557646   0.91073638 
212000     215.8824     -871.942    136913.26   -41851.431    2685.9875   -44537.419    51.026938    0.9122089 
214000    214.77565   -557.20988    136320.87   -41816.985    2672.2175   -44489.203    50.782786   0.91617296 
216000    215.89552   -920.89884    136634.62   -41955.944    2686.1508   -44642.095    51.119054   0.91406918 
218000    211.89312    -893.0128     136825.9   -41971.079    2636.3532   -44607.432    51.085352   0.91279132 
220000    214.07705   -1152.2932    137017.63   -41959.916    2663.5255   -44623.442    51.255684   0.91151403 
222000    217.82686   -936.03824    136692.75   -41879.354    2710.1803   -44589.534    51.392719   0.91368041 
224000    219.85599   -928.71165    136827.63   -41863.526    2735.4265   -44598.952    51.287482   0.91277978 
226000    213.43512   -840.84113    136726.37   -41863.835    2655.5387   -44519.373    51.383284    0.9134558 
228000    210.45268   -961.74974    136593.84   -41963.124    2618.4315   -44581.556     51.42581   0.91434205 
230000    212.24619   -924.56688    136571.25   -41968.765    2640.7462   -44609.511    51.713953    0.9144933 
232000    214.41377   -1124.3779    136782.75   -41937.993    2667.7149   -44605.708      51.9379   0.91307927 
234000    214.25208   -955.57745    136904.58    -41898.74    2665.7032   -44564.443    52.178423   0.91226674 
236000    213.07696   -1062.8124    136929.61    -41947.77    2651.0824   -44598.852    52.541379   0.91209995 
238000    212.55152   -969.17856    136882.65     -41955.1     2644.545   -44599.645    52.562512   0.91241288 
240000    210.38143   -881.97505    136722.61   -41904.566    2617.5449   -44522.111    52.445625   0.91348088 
242000    214.09759   -663.54887    136527.23   -41897.055     2663.781   -44560.836    52.717764   0.91478813 
244000    214.95854   -871.72491    136618.49    -41879.41    2674.4929   -44553.903    52.725628   0.91417704 
246000    214.11549   -1147.2457    137029.78   -41868.525    2664.0038   -44532.529     52.96776   0.91143319 
248000    215.81082   -1033.4741     136705.9   -41842.386    2685.0969   -44527.483    52.942746   0.91359252 
250000    217.32367     -659.606    136122.78   -41897.568    2703.9196   -44601.488    53.047917   0.91750615 
252000    212.52235   -776.62395    136392.29   -41889.582    2644.1821   -44533.764    53.184599   0.91569321 
254000    217.18566    -795.4729    136668.73   -41873.362    2702.2025   -44575.565    53.501802   0.91384103 
256000    212.59238   -1231.0198    136892.19   -41941.438    2645.0534   -44586.491    53.396791   0.91234926 
258000    217.13972   -994.63799    136838.73   -41866.843    2701.6309   -44568.474    53.749284   0.91270571 
260000    214.57167   -1103.0546    136673.85   -41869.788    2669.6795   -44539.467     53.82471   0.91380677 
262000    214.06471   -818.13748    136649.06   -41844.428     2663.372     -44507.8    53.926749   0.91397256 
264000    216.86177   -1012.8686    136601.64    -41866.84    2698.1727   -44565.013    54.010718   0.91428987 
266000       217.47   -893.56043    136757.96    -41873.34    2705.7402    -44579.08    54.453967   0.91324478 
268000    217.76322   -607.49235    136359.62   -41845.556    2709.3885   -44554.944    54.539881    0.9159126 
270000    210.28829   -699.33843    136478.47   -42029.957    2616.3861   -44646.343    54.773494     0.915115 
272000    209.47954   -829.54372    136705.99   -42035.129    2606.3237   -44641.453    55.023187   0.91359197 
274000    207.97022    -880.1907    136589.42   -42085.703    2587.5449   -44673.248     54.94562   0.91437165 
276000     212.8116   -846.28655    136276.61   -41874.965    2647.7809   -44522.746     54.99966   0.91647051 
278000    212.17061   -861.43154    136521.97   -41913.526    2639.8057   -44553.332    55.236303   0.91482336 
280000    216.64951   -694.73765    136396.83   -41897.768    2695.5318     -44593.3    55.234872   0.91566268 
282000    216.01679   -823.32117    136624.52   -41884.309    2687.6596   -44571.969    55.349393   0.91413675 
284000    213.23646   -987.02601    136896.59    -41959.14     2653.067   -44612.207    55.640051   0.91231992 
286000    212.52778   -988.72288    136803.04   -41964.223    2644.2496   -44608.472    55.704972    0.9129438 
288000    212.65747   -912.56809    136918.26   -41948.434    2645.8632   -44594.297    56.112298   0.91217559 
290000    215.48667   -1032.4262    137149.79   -41976.469    2681.0639   -44657.533    56.234152   0.91063564 
292000     216.3261   -1137.2583    136942.68   -42011.115     2691.508   -44702.623    56.243192    0.9120129 
294000    213.29063     -1041.17    136761.42   -42058.555    2653.7409   -44712.296    56.222883   0.91322166 
296000    215.08688   -941.16084    136928.31   -41998.905    2676.0897   -44674.995    56.413858   0.91210864 
298000    216.89649   -1128.4243    136802.72   -41975.772    2698.6047   -44674.376    56.203938   0.91294599 
300000    211.00051   -671.85826    136686.76   -42017.829    2625.2474   -44643.077    56.237661   0.91372048 
302000    212.34738   -963.74785    136815.54   -42046.543    2642.0051   -44688.548    56.662083    0.9128604 
304000    215.42198   -526.72826    136435.43   -41984.339     2680.259   -44664.598    56.481325   0.91540367 
306000    213.76257   -987.15692    136853.31   -41955.201    2659.6127   -44614.814    56.946753   0.91260848 
308000    211.63665   -981.82059    136714.06   -42038.415    2633.1623   -44671.577    56.601135   0.91353802 
310000    212.56456   -1020.6743    136874.52   -42016.026    2644.7072   -44660.733    56.971444   0.91246709 
312000    218.46814   -483.34624    136439.33   -41986.682     2718.159   -44704.841    57.075435   0.91537747 
314000    211.90382   -1169.9145    136776.72   -41963.896    2636.4864   -44600.383    57.275508   0.91311951 
316000    216.52539   -937.42023    136678.15   -41930.001    2693.9875   -44623.989    57.604457   0.91377806 
318000    213.52087   -853.73644    136546.73   -41967.764    2656.6055    -44624.37    57.824289   0.91465748 
320000    214.62988   -759.39592    136510.19   -41984.167    2670.4038   -44654.571    57.895623   0.91490232 
322000    217.35125   -953.00866    136740.37   -41849.175    2704.2628   -44553.438    58.335647   0.91336228 
324000    217.25351   -975.41322    136881.19   -41848.998    2703.0468   -44552.045    58.386006   0.91242261 
326000    209.76213   -1036.4835    136817.96   -41908.288    2609.8396   -44518.128    58.760691   0.91284427 
328000    209.65325   -802.01038    136623.03   -42052.612    2608.4851   -44661.097     58.79734   0.91414668 
330000    215.54187   -972.39034    136747.42   -41900.474    2681.7507   -44582.225    58.849914   0.91331516 
332000     213.9206   -978.32918     136731.7   -41909.646     2661.579   -44571.225    58.929579   0.91342019 
334000    216.71353   -711.17729    136572.17   -41957.576    2696.3283   -44653.904    58.907003    0.9144871 
336000    213.59404   -598.67274     136563.3   -41997.874    2657.5159    -44655.39    59.083252   0.91454654 
338000    211.09723   -703.76069    136538.76   -42011.356    2626.4509   -44637.807    59.083025   0.91471088 
340000    212.39236    -505.4499    136216.35   -42063.631    2642.5647   -44706.196    59.025771   0.91687592 
342000    214.16447   -929.91252     136749.6   -41926.894    2664.6131   -44591.507     59.38952   0.91330059 
344000    209.64781    -848.5339    136550.39   -41891.611    2608.4173   -44500.029    59.374589   0.91463299 
346000    216.43875   -603.80353    136336.71   -41933.068    2692.9095   -44625.977    59.420339   0.91606648 
348000    217.51318   -490.46386     136497.6    -41997.59    2706.2775   -44703.867    59.673211   0.91498674 
350000    214.20352   -831.05621    136698.93   -41865.353    2665.0991   -44530.452    59.906759   0.91363912 
352000    213.40484   -816.14154    136697.98    -41840.41    2655.1619   -44495.572    59.983582   0.91364547 
354000    218.24131   -669.28082     136617.1   -41822.772    2715.3368   -44538.109    60.148089   0.91418637 
356000    213.10362   -872.89274    136748.28   -41899.862    2651.4142   -44551.276    60.601772   0.91330944 
358000    217.30381   -757.70403    136807.35   -41913.074    2703.6725   -44616.747    60.595395   0.91291507 
360000    215.22844   -610.09294    136706.65   -41847.621    2677.8509   -44525.472    60.639186   0.91358756 
362000    213.34379   -867.86784    137021.81   -41903.426    2654.4023   -44557.829    61.231854   0.91148623 
364000    216.32235   -881.54906    136664.15   -41907.274    2691.4613   -44598.736    61.206436   0.91387166 
366000    218.42215   -788.36505    136571.82   -41914.756    2717.5869   -44632.343     61.45245   0.91448944 
368000    212.52068   -840.98577    136568.13   -41983.508    2644.1613   -44627.669    61.598434   0.91451416 
370000    210.74588   -842.68852    136700.86   -41978.269    2622.0793   -44600.348    61.833922   0.91362621 
372000    216.73632   -772.83917    136620.35   -41911.949    2696.6119   -44608.561    61.988314   0.91416465 
374000    215.12375   -803.17069     136769.9   -41951.458    2676.5485   -44628.007    62.382895   0.91316505 
376000    216.84712   -809.09942    136869.78    -41990.61    2697.9904   -44688.601    62.439109   0.91249868 
378000    219.41321   -874.83385    136857.41   -41922.904    2729.9174   -44652.821    62.735677   0.91258112 
380000    219.50592   -850.98269    136984.41   -41951.574    2731.0709   -44682.645    62.826806   0.91173509 
382000    220.15334   -642.97274    136696.57    -41858.04    2739.1261   -44597.166     62.98447   0.91365489 
384000    218.29194   -738.23723    136472.54   -41934.656    2715.9667   -44650.623    63.054946   0.91515472 
386000    218.43972   -814.45558    136361.57   -41886.222    2717.8054   -44604.027     63.36268   0.91589946 
388000    214.91732   -911.37171     136765.8   -41990.476      2673.98   -44664.456    63.551764   0.91319241 
390000    211.04732   -700.71673    136575.63   -42079.017    2625.8299   -44704.847    63.767826   0.91446398 
392000    212.03602    -1043.124    136945.18   -42090.651    2638.1311   -44728.782    64.050469   0.91199629 
394000    213.39663   -1092.4418    137207.62   -42020.999    2655.0597   -44676.059    64.084415   0.91025188 
396000    214.25792   -883.94739    136790.41   -42017.761    2665.7759   -44683.537     64.01439   0.91302811 
398000     210.9856   -708.10294    137011.82   -42053.864     2625.062   -44678.926    64.203008    0.9115527 
400000    215.09147   -809.50752     137125.3   -42019.174    2676.1468   -44695.321    64.371576    0.9107983 
402000    217.83071   -548.48661    136866.98   -42058.497    2710.2281   -44768.725    64.319025   0.91251732 
404000    217.79601   -596.95965     136790.2   -42067.304    2709.7964   -44777.101    64.370699   0.91302952 
406000     217.0641   -812.31278    137047.13   -42012.782    2700.6901   -44713.472    64.632696   0.91131785 
408000    217.92994   -1164.3451    137287.38   -41934.581    2711.4628   -44646.044    64.953606   0.90972304 
410000    215.20991   -853.19582    137276.99   -42024.648    2677.6205   -44702.268    64.795989   0.90979185 
412000    215.49306    -842.6113    136767.17   -42012.607    2681.1434    -44693.75    64.544288   0.91318324 
414000     215.1853   -814.98209    136733.18   -42051.533    2677.3142   -44728.847    64.831637   0.91341028 
416000    208.20319   -1137.6731    137070.18   -42089.459    2590.4435   -44679.903    65.098019   0.91116454 
418000    216.74231   -1115.7707    137206.79   -42013.814    2696.6865   -44710.501    65.163688   0.91025735 
420000     216.3263   -846.24329    136925.99   -41984.117    2691.5104   -44675.628    65.205932   0.91212405 
422000     212.3648   -875.57923    137019.35   -42072.498    2642.2219   -44714.719    65.218883   0.91150259 
424000    218.35332   -746.75556    137050.85   -42046.734    2716.7304   -44763.464    65.309148   0.91129309 
426000    214.38609   -847.27957    136901.03    -42108.91    2667.3705    -44776.28    65.417427   0.91229036 
428000    212.22078   -1017.8891     137220.4   -42084.314      2640.43   -44724.744    65.704607   0.91016709 
430000    217.23431   -767.53131    136846.95   -42071.187    2702.8078   -44773.994    65.783512   0.91265086 
432000    217.58174   -790.22026    136772.73   -41950.492    2707.1305   -44657.623    65.885108   0.91314615 
434000    214.42977   -764.89912    136757.61   -41962.464    2667.9139   -44630.378    65.912089   0.91324711 
436000    215.31266   -738.09971    136771.43   -42019.136    2678.8988   -44698.034    65.752282   0.91315486 
438000    218.77343   -995.53783    137167.46   -41951.435    2721.9574   -44673.393    66.333027   0.91051834 
440000     216.7201   -793.29154    137235.12   -41940.005      2696.41   -44636.415     66.25277   0.91006946 
442000    215.18283   -621.02542    136991.47   -42021.581    2677.2835   -44698.865    66.394713   0.91168809 
444000    215.07659   -763.64176    136778.26   -42026.303    2675.9617   -44702.264    66.151194   0.91310926 
446000     216.0745   -721.73327    136724.49   -41996.205    2688.3776   -44684.583    66.227767   0.91346836 
448000    215.23311   -872.29158     136950.7   -42028.581    2677.9091   -44706.491    66.376668   0.91195949 
450000    216.91343    -723.6913    136961.32    -41965.06    2698.8155   -44663.876     66.71129   0.91188877 
452000      217.095   -778.91908    137004.91    -41975.54    2701.0745   -44676.614    66.713912   0.91159867 
454000    217.37276   -790.08569    136933.34    -41988.77    2704.5304   -44693.301    66.445765   0.91207509 
456000    215.07401   -980.64379    137353.51   -41984.357    2675.9296   -44660.286    66.946253   0.90928504 
458000    214.32858   -1242.1346    137048.54    -42052.45     2666.655   -44719.105    66.909975   0.91130844 
460000    212.43567   -990.50546    137087.63   -42030.641    2643.1036   -44673.745    66.945852   0.91104858 
462000    215.10019   -1051.8264     136996.9   -42098.636    2676.2553   -44774.892    67.156937   0.91165198 
464000    213.32829   -976.73481     137001.2   -42038.868    2654.2095   -44693.078    67.246305   0.91162332 
466000    216.56484    -731.5461    136760.12   -42015.961    2694.4784   -44710.439    67.099136   0.91323036 
468000    217.18748   -1050.1671    137249.42   -42005.287    2702.2251   -44707.512    67.607053   0.90997462 
470000    213.94955   -745.38317    136872.96   -42076.806    2661.9392   -44738.745    67.544576   0.91247743 
472000    213.94161   -787.69023    136762.03   -42068.201    2661.8404   -44730.042    67.282275   0.91321759 
474000    213.95855   -761.49036    136771.53   -42035.515    2662.0511   -44697.566    67.459965   0.91315415 
476000    216.56655   -847.66272    136759.42    -42021.75    2694.4996   -44716.249    67.344178   0.91323501 
478000    213.57914    -1085.715    137111.31   -42077.986    2657.3306   -44735.317    67.787524   0.91089127 
480000      217.244    -899.7008    136633.69   -42014.893    2702.9283   -44717.822    67.657417   0.91407539 
482000    212.36666   -833.64554    136610.18    -41979.71     2642.245   -44621.955    68.012758   0.91423271 
484000    215.16403   -714.65752    136561.52   -42053.491    2677.0496   -44730.541     68.32731   0.91455845 
486000    210.01292   -1085.1952     136936.3   -42140.132      2612.96   -44753.092    68.218776   0.91205538 
488000    213.58068   -1199.2645    137424.19   -42059.199    2657.3497   -44716.549    68.474937   0.90881738 
490000    218.11158   -775.98318    136864.03   -41991.678    2713.7228   -44705.401    68.294714   0.91253703 
492000    214.25292   -729.58189    136908.65   -42075.054    2665.7137   -44740.768    68.442918   0.91223957 
494000    214.21927   -562.03936    136650.22   -42112.942     2665.295   -44778.237    68.502598   0.91396478 
496000     213.5183   -740.47921    136943.85   -42036.039    2656.5736   -44692.612     68.68375   0.91200513 
498000    210.99207   -852.55284    136930.13   -42110.965    2625.1425   -44736.107    68.695964   0.91209649 
500000    214.66946    -946.9804    136964.09   -42081.289    2670.8961   -44752.185    68.810576   0.91187035 
502000    217.69375   -908.75552     136873.3   -42038.077    2708.5241   -44746.602    68.845924    0.9124752 
504000    216.17126   -793.81908    136662.93   -42000.579    2689.5815    -44690.16     68.88257   0.91387981 
506000    213.26193    -1062.239    137173.33   -42049.456    2653.3838    -44702.84     69.16435   0.91047939 
508000    212.28241   -900.47544    137162.18   -42012.951    2641.1968   -44654.148    69.252157    0.9105534 
510000    220.09102   -557.52669    137064.98   -41974.879    2738.3507    -44713.23    69.519882   0.91119913 
512000    219.13374   -689.56365    137059.23   -42023.426    2726.4403   -44749.866    69.575943   0.91123735 
514000    213.97435    -630.1492    136851.11   -42070.375    2662.2477   -44732.623    69.441998   0.91262316 
516000    216.25148   -636.06942    136705.39   -42071.043    2690.5795   -44761.622    70.000227   0.91359598 
518000    212.26857   -568.31579    136768.27    -42047.31    2641.0246   -44688.334    69.804223    0.9131759 
520000     210.5249   -883.47303    137054.78   -42049.446      2619.33   -44668.776    70.181341   0.91126694 
522000    213.21811    -738.7298    136876.38   -42054.115    2652.8387   -44706.954    70.132148   0.91245465 
524000    215.64983   -645.37488    136454.58   -42009.223    2683.0939   -44692.317    69.996102   0.91527516 
526000    217.30469   -534.75075    136723.51   -41996.667    2703.6835   -44700.351    70.263038   0.91347488 
528000    219.35332   -773.96121     137159.8   -41960.312    2729.1723   -44689.484    70.388424   0.91056918 
530000    214.45941   -874.16968    137106.74   -42092.017    2668.2827     -44760.3    70.588383   0.91092158 
532000    218.37352   -723.73255    136723.27   -42033.665    2716.9817   -44750.646    70.568896   0.91347648 
534000    216.13895   -829.87373    136964.06   -42063.237    2689.1794   -44752.417    70.649067   0.91187055 
536000    213.01935   -986.64127     136986.2   -42023.533    2650.3657   -44673.899    71.112603   0.91172317 
538000    212.50015   -736.21955    137097.86   -42110.843    2643.9059   -44754.749    70.973316   0.91098063 
540000    212.99393   -837.73352    136981.86   -42056.542    2650.0495   -44706.592    71.295428   0.91175207 
542000    216.97947   -693.02908     136754.4   -42053.584    2699.6371   -44753.221    70.980188   0.91326856 
544000    212.79184   -952.61388    136889.44   -42121.573     2647.535   -44769.108    71.021876    0.9123676 
546000    213.01864   -1000.9889    137240.76   -42054.253    2650.3569    -44704.61    71.107936   0.91003207 
548000    213.86295   -999.55284    136863.78   -42062.326    2660.8617   -44723.188    71.120939   0.91253868 
550000    215.39888   -756.76843    136797.06   -42055.012    2679.9716   -44734.984    71.243251   0.91298373 
552000    219.66591   -897.73487    136812.68   -42040.093    2733.0615   -44773.154    71.266399   0.91287948 
554000    218.81392    -894.6106    136953.22   -42017.364    2722.4611   -44739.825    71.550884   0.91194269 
556000    214.07059   -779.58762    136777.72   -42101.206    2663.4451   -44764.652    71.634621   0.91311283 
558000    213.91362   -781.33317    136761.04   -42091.247    2661.4922   -44752.739    71.714122   0.91322423 
560000    215.28158   -493.39612    136581.69   -42034.834    2678.5121   -44713.346    71.827059   0.91442337 
562000    212.12522   -616.37384    136530.65   -42078.798     2639.241   -44718.039    71.865547   0.91476525 
564000    211.99612   -688.51272    136673.15   -42079.975    2637.6348   -44717.609     71.95371   0.91381149 
566000    214.77951    -770.6048    136819.33   -42042.337    2672.2654   -44714.602    72.040937    0.9128351 
568000     217.9441   -824.39665    136989.34   -42021.726    2711.6389   -44733.364    72.336867   0.91170228 
570000    216.60499   -907.21455    136973.85   -42086.521    2694.9779   -44781.499    72.251862   0.91180535 
572000    212.12156   -760.12218    136845.79    -42133.96    2639.1955   -44773.156    72.189311   0.91265865 
574000     215.0443   -745.69438    136820.99   -42024.302    2675.5599   -44699.862    72.376281   0.91282405 
576000    215.09889   -1177.0418    137227.93   -42045.108    2676.2392   -44721.347    72.749824   0.91011716 
578000    215.43202   -1059.1791    137171.12    -42119.49    2680.3838   -44799.874    72.741533   0.91049408 
580000     215.8656   -828.18292    137098.28   -42122.689    2685.7784   -44808.468    72.613837   0.91097784 
582000    221.04984   -824.55199    137099.63   -42100.406    2750.2802   -44850.686    72.895205   0.91096885 
584000    213.71355   -815.01084    137072.92   -42105.409    2659.0029   -44764.412    72.895093   0.91114633 
586000     215.4266   -617.65181     136810.8   -42116.157    2680.3165   -44796.474    73.047479   0.91289206 
588000    214.90909   -798.31248    137041.13   -42115.571    2673.8776   -44789.448    73.193326   0.91135772 
590000     217.1903   -870.16993    137084.07   -42106.253    2702.2602   -44808.513     73.14564   0.91107224 
592000    219.21896   -818.31149    136971.76   -42111.364    2727.5006   -44838.865    73.103145   0.91181929 
594000    213.52109   -987.96043    136993.51   -42081.885    2656.6083   -44738.493    73.156222    0.9116745 
596000    215.36151   -633.73295     136980.1   -42132.382    2679.5066   -44811.889    73.253192   0.91176379 
598000      216.911   -794.29843    136998.44   -42112.668    2698.7852   -44811.454    73.081385   0.91164168 
600000    208.33268   -840.61159    137004.18   -42233.046    2592.0546   -44825.101    73.044475   0.91160352 
602000    211.35774    -1058.612    137006.35    -42221.99    2629.6921   -44851.682    73.262408   0.91158904 
604000    212.90133   -847.57629    136729.29    -42119.58    2648.8973   -44768.478    73.265519   0.91343626 
606000    215.08867   -739.22122    137082.85   -42170.573     2676.112   -44846.685    73.435431   0.91108033 
608000     210.0613   -964.78057    136923.42   -42197.165    2613.5619   -44810.727    73.406229   0.91214121 
610000    216.08004     -765.905    136744.41   -42183.305    2688.4465   -44871.751    73.421071   0.91333523 
612000    213.32122   -951.36554    137036.95   -42151.748    2654.1216    -44805.87     73.69132   0.91138548 
614000    210.88654   -1133.4296    137307.78   -42225.364    2623.8294   -44849.193    73.841078   0.90958784 
616000    211.15212   -978.70423    136729.65   -42024.776    2627.1338    -44651.91    73.740299   0.91343388 
618000    213.80753   -1033.5251    136943.83   -42119.591    2660.1721   -44779.763    73.943193   0.91200525 
620000    218.10589   -916.37951    137118.52   -42001.829     2713.652   -44715.481    74.177919   0.91084333 
622000    221.70402     -749.765    136998.48   -42011.806    2758.4195   -44770.225    74.296327   0.91164146 
624000    217.82645   -1042.0361    136893.63   -42066.285    2710.1752    -44776.46    74.184394   0.91233971 
626000    215.33933   -746.11629     136731.9    -42082.11    2679.2307    -44761.34    74.259774   0.91341882 
628000    216.07092   -847.49532    136532.28   -42089.584    2688.3331   -44777.917    74.397025   0.91475431 
630000    210.13686   -839.74131    136512.13   -42158.597     2614.502   -44773.099    74.326887   0.91488931 
632000    213.13337   -660.46839    136373.77   -42138.981    2651.7843   -44790.765    74.225902   0.91581754 
634000    217.46848    -795.9806    136638.61   -42060.347    2705.7213   -44766.069     74.57108   0.91404246 
636000    215.33964   -820.09007    136770.07   -42133.053    2679.2345   -44812.288    74.894722   0.91316389 
638000    213.84515   -645.17508    136514.24   -42183.288    2660.6402   -44843.928    74.941575   0.91487521 
640000    214.69134   -907.81269     136791.3   -42110.455    2671.1685   -44781.624    75.120714   0.91302221 
642000     214.4305   -944.75028    136833.98    -42137.12    2667.9231   -44805.043    75.333129    0.9127374 
644000    213.76387   -722.80612    136643.62   -42163.885     2659.629   -44823.514    75.140175   0.91400892 
646000    213.02086   -956.76243    137174.35   -42133.191    2650.3845   -44783.576     75.56064   0.91047262 
648000    213.32939   -934.23773    137004.26    -42128.97    2654.2231   -44783.193    75.550211   0.91160299 
650000    216.99054   -865.28164    136782.53   -42078.453    2699.7748   -44778.228    75.349082    0.9130807 
652000    215.41796   -1007.5504    137283.43   -42058.819     2680.209   -44739.028    75.741008   0.90974919 
654000     216.1615   -774.76875    136682.67   -42043.222    2689.4601   -44732.682    75.740223   0.91374784 
656000    213.21324   -859.47506    136847.72    -42152.74    2652.7781   -44805.518     75.90254   0.91264574 
658000    211.31831   -953.41345    136810.59   -42164.161    2629.2016   -44793.363    75.995692   0.91289344 
660000    215.46365   -686.88301    136457.46    -42131.35    2680.7774   -44812.127    75.837254    0.9152559 
662000     213.1761   -1010.8836    136892.29   -42118.696     2652.316   -44771.012    75.927507   0.91234863 
664000    214.28676   -737.42896    136720.49   -42113.091    2666.1347   -44779.225    76.026133   0.91349508 
666000    212.75846    -868.5443    136932.87   -42109.748    2647.1197   -44756.868    76.300107   0.91207825 
668000    215.06797   -771.37741    136544.23   -42065.308    2675.8544   -44741.162    76.106877   0.91467425 
670000    213.37348   -872.65651    136952.96   -42095.124    2654.7717   -44749.896    76.442182   0.91194443 
672000    216.72648   -533.29663     136697.5   -42061.197    2696.4895   -44757.686    76.171373   0.91364867 
674000    217.87465   -407.13906    136131.24   -42019.941    2710.7749   -44730.716    76.077545   0.91744913 
676000     214.6908   -708.16712    136498.87   -42029.327    2671.1617   -44700.489    76.447522   0.91497818 
678000    213.24721   -888.41352    136736.14   -42066.197    2653.2007   -44719.398    76.736558   0.91339051 
680000    219.90581   -1052.7196     136973.2   -42054.979    2736.0464   -44791.025    76.866278   0.91180969 
682000    214.57262   -946.25988    136606.86   -42068.004    2669.6913   -44737.695    76.938718   0.91425493 
684000    212.99664   -913.72859    136650.63   -41994.114    2650.0832   -44644.197    76.848362   0.91396209 
686000    214.94871   -912.01169    136393.44   -42075.058    2674.3706   -44749.429    76.743222   0.91568548 
688000    213.70229   -826.24509    136857.66   -42084.507    2658.8628    -44743.37    77.076891   0.91257949 
690000    213.58262    -1028.449    136834.78    -42060.13    2657.3739   -44717.504    77.134669   0.91273208 
692000    216.01024   -749.68589    136385.11   -41984.429    2687.5781   -44672.007    76.948526   0.91574138 
694000    215.24471    -900.7222    136912.83   -42039.173    2678.0534   -44717.227    77.512691   0.91221173 
696000    216.19606   -1173.2231    136820.16    -42135.57      2689.89    -44825.46    77.474049   0.91282958 
698000    215.15651   -733.45909    136541.06   -42112.714    2676.9561    -44789.67    77.469056   0.91469547 
700000    211.67396   -934.51639    136565.08   -42095.268    2633.6265   -44728.895    77.585161   0.91453463 
702000    219.05047   -767.52989    136519.75   -42039.214    2725.4043   -44764.618    77.610341   0.91483825 
704000     216.1008    -890.7691    136509.16    -41988.37    2688.7048   -44677.074    78.044672   0.91490926 
706000    218.59634   -894.41762    136823.09   -41962.305    2719.7541   -44682.059    78.123285   0.91281001 
708000    213.55019   -1018.1196    136882.02   -42045.324    2656.9703   -44702.295    78.170647   0.91241707 
710000    213.80814   -982.54727    136871.47   -42105.893    2660.1798   -44766.073    78.382609   0.91248739 
712000    211.43623   -857.55612    136684.95   -42090.683    2630.6687   -44721.352    78.161504   0.91373257 
714000    218.14738    -822.4748    136886.48   -42019.802    2714.1682    -44733.97    78.729509   0.91238731 
716000    213.86533   -1042.5474    137254.87   -42033.512    2660.8912   -44694.403    78.860485   0.90993853 
718000    212.46576   -1177.7058    137209.59   -42036.858     2643.478   -44680.336    78.761808   0.91023877 
720000     219.0039    -834.5941    136774.34   -41973.017    2724.8249   -44697.842    78.358912   0.91313537 
722000    215.82411   -684.61453    136947.99   -42034.299    2685.2622   -44719.562    78.767006   0.91197755 
724000    215.11555   -849.29006    137012.85   -42035.289    2676.4465   -44711.735    79.080906   0.91154582 
726000    215.90331   -821.23919    137184.76   -42068.205    2686.2476   -44754.453    78.970137   0.91040351 
728000    216.72411   -864.35385    137055.48   -42101.694    2696.4599   -44798.154    79.322708    0.9112623 
730000    215.29511   -720.73654    136765.53   -42039.786    2678.6804   -44718.467     79.22562   0.91319419 
732000     214.6676   -616.43168    136953.86   -42050.121     2670.873   -44720.994    79.379973   0.91193846 
734000    216.08438   -657.83933    136921.19   -42116.607    2688.5005   -44805.107     79.62716   0.91215604 
736000    213.84519   -1176.2018    137230.88   -42135.259    2660.6408   -44795.899    79.615327   0.91009755 
738000    219.22847   -1012.9568    136942.86   -42066.233    2727.6189   -44793.852    79.683505   0.91201168 
740000     215.5944    -834.8053    136787.16    -42080.01    2682.4042   -44762.414    79.438431   0.91304979 
742000    214.97511   -997.50008    137093.34   -42012.506    2674.6991   -44687.205    79.996473   0.91101065 
744000    219.62469   -645.92296    136719.54   -42045.459    2732.5487   -44778.008    79.405232   0.91350141 
746000    217.90003   -738.11226    136595.46   -42101.249    2711.0906    -44812.34    79.656633   0.91433117 
748000    212.84506   -793.61528    136589.29   -42102.627    2648.1972   -44750.824    79.837137   0.91437252 
750000    212.64658   -669.15669    136631.05   -42084.029    2645.7277   -44729.757    79.936156   0.91409305 
752000    217.22695   -773.81968    136712.67   -42050.371    2702.7162   -44753.087    79.737832   0.91354731 
754000    218.81827   -686.19269    136630.08   -42034.335    2722.5153    -44756.85    80.045373   0.91409954 
756000    214.09674   -881.94467    136791.37   -42064.859    2663.7705   -44728.629    80.145882   0.91302169 
758000     216.9897   -834.19359    136971.54    -42057.82    2699.7645   -44757.584    80.456815   0.91182076 
760000    216.71411   -460.02588    136379.64   -42056.089    2696.3356   -44752.425    80.193166   0.91577816 
762000    215.01756   -853.29824    136986.33   -42095.919    2675.2272   -44771.146    80.428887   0.91172226 
764000    214.68671   -963.86459     137166.4   -42094.393    2671.1109   -44765.504    80.580748   0.91052539 
766000    215.73352   -709.82742    136777.94   -42099.762    2684.1352   -44783.897    80.396672   0.91311138 
768000    216.69359   -772.18954     136973.4   -42126.744    2696.0803   -44822.825     80.59051   0.91180837 
770000    213.77486   -983.99865    136864.62   -42125.587    2659.7657   -44785.353    80.774247   0.91253306 
772000    214.29033   -1046.4186    137188.49   -42099.256    2666.1792   -44765.435    80.824611   0.91037877 
774000     216.1048    -1040.316    137231.89   -42063.961    2688.7546   -44752.716    81.128841    0.9100909 
776000    213.64368   -977.52443    137082.98   -42052.068    2658.1336   -44710.202    81.196255   0.91107949 
778000     214.4264   -736.90456    136651.11   -42073.215    2667.8721   -44741.087    80.842452   0.91395884 
780000    216.78438   -806.52141    136663.83   -42100.187    2697.2098   -44797.397    80.760533   0.91387378 
782000    214.71068   -944.40176    136916.72   -42075.825     2671.409   -44747.234    80.932023   0.91218584 
784000    221.36806     -1047.88    137141.02    -41979.94    2754.2395    -44734.18    81.253476   0.91069391 
786000    214.84664   -596.62895    136323.91   -42025.154    2673.1006   -44698.255    80.987493   0.91615247 
788000    221.88502   -1099.5968       136829   -42001.431    2760.6715   -44762.102    81.198623   0.91277059 
790000     215.2725   -971.96574    136592.85    -42108.93    2678.3992   -44787.329    81.361291   0.91434869 
792000    214.55909   -785.02891    136822.94   -42133.668     2669.523   -44803.191    81.742363   0.91281104 
794000    213.75201   -844.23902    136890.52   -42067.758    2659.4814    -44727.24    81.736105   0.91236044 
796000    210.23324   -1007.1993     136917.3   -42046.472    2615.7012   -44662.174    81.967097   0.91218199 
798000    218.78685   -907.68555    136563.24   -42001.121    2722.1243   -44723.245    81.782394   0.91454692 
