94000    229.44143    257.55009    125395.07   -39609.373    2854.6875    -42464.06    753.07545        0.996 
96000    228.23646    687.12997     124264.7   -39585.869    2839.6955   -42425.565     754.3605    1.0050601 
98000    230.12342     548.6516    124547.08   -39587.025    2863.1729   -42450.198    762.14348    1.0027813 
100000    233.88792    312.49089    125249.57       -39673    2910.0103    -42583.01    771.64546   0.99715703 
102000    228.50995    194.28785    125219.05   -39702.978    2843.0982   -42546.076    777.77576   0.99740011 
104000    232.66998    313.40228    124621.68   -39611.567    2894.8569   -42506.424    781.06678    1.0021811 
106000    228.89603    312.95449     125825.7   -39734.015    2847.9018   -42581.916    793.32884   0.99259125 
108000    225.89713    629.75904    125502.37   -39733.434    2810.5897   -42544.024    799.45192   0.99514846 
110000    233.00772    81.907525    125742.74   -39711.585     2899.059   -42610.644    809.27516   0.99324617 
112000     225.9463    340.47818    126232.39   -39826.512    2811.2015   -42637.713    820.59794   0.98939336 
114000    226.79615    233.55868    125692.08   -39834.551    2821.7753   -42656.327    821.14948   0.99364643 
116000    225.35449    234.59063     125659.9   -39714.728    2803.8383   -42518.567    827.01277   0.99390096 
118000    226.13737    446.35796    125159.77   -39660.128    2813.5788   -42473.707    834.04867   0.99787247 
120000    227.36134    296.32207     125473.5   -39747.418    2828.8073   -42576.226    843.22135   0.99537748 
122000    227.63643    418.48199    125736.73   -39721.308      2832.23   -42553.538    852.90334   0.99329363 
124000    231.15438    1105.2576    124879.08   -39717.078         2876   -42593.078    858.77147    1.0001154 
126000    230.84281    78.698586    125219.31   -39735.281    2872.1234   -42607.405    866.63158   0.99739802 
128000    222.09293    422.18467    125500.31   -39779.565    2763.2583   -42542.823    873.04655   0.99516482 
130000    229.01967    306.79058    124796.03   -39671.247      2849.44   -42520.687    876.58273    1.0007809 
132000    230.08397    295.74076     125324.2   -39614.753     2862.682   -42477.435    887.83588   0.99656323 
134000    233.40126    276.52745    125120.25   -39579.191    2903.9553   -42483.146    894.46466   0.99818766 
136000    230.29149    9.2882774    124792.99   -39533.454    2865.2639   -42398.718    903.91446    1.0008053 
138000    234.41626    292.92619    125210.83    -39493.92     2916.584   -42410.504    916.16779   0.99746559 
140000    232.27792    452.81875    124758.41   -39481.173    2889.9789   -42371.152     919.7656    1.0010828 
142000    226.44939    252.58896    125094.32   -39621.378     2817.461   -42438.839    931.43992   0.99839459 
144000    230.10099    563.57792    124588.63   -39668.156    2862.8937   -42531.049    939.04162    1.0024469 
146000    234.29902    349.74544     125172.7   -39633.861    2915.1253   -42548.987    948.84825   0.99776938 
148000    232.51756    739.21264    124927.95   -39682.256    2892.9605   -42575.216    956.09632   0.99972416 
150000    223.01552   -24.007206    125629.39   -39760.487    2774.7371   -42535.224    967.14708    0.9941423 
152000    230.84927    432.75197    125460.87   -39678.722    2872.2039   -42550.926     973.0121   0.99547767 
154000    232.45712     11.25447    125680.43   -39574.143    2892.2085   -42466.352    980.55261   0.99373856 
156000    229.43569    486.64079    125156.29   -39582.063    2854.6161    -42436.68    990.72858   0.99790023 
158000    233.90191    220.95459    124723.03   -39574.479    2910.1845   -42484.663    997.71002    1.0013667 
160000    232.18434    445.87252    124395.94   -39567.272    2888.8147   -42456.087    1003.0843    1.0039997 
162000    233.49883    642.76078    125239.04   -39666.181    2905.1694   -42571.351    1013.9578   0.99724088 
164000    231.68496    468.54377    124920.57   -39526.528    2882.6014   -42409.129    1018.1333   0.99978322 
166000    228.06266    448.37603    125388.03   -39645.653    2837.5331   -42483.186    1028.3102   0.99605597 
168000    229.47974    128.28069    125041.66   -39620.494    2855.1643   -42475.658     1034.091   0.99881505 
170000    226.77286    359.29386    124897.15   -39505.479    2821.4855   -42326.964    1038.1057   0.99997074 
172000     233.2769    627.31343    124662.64   -39518.722    2902.4081    -42421.13    1046.0633    1.0018518 
174000    233.83427    222.92856    124594.99   -39482.659    2909.3429   -42392.002    1056.6175    1.0023957 
176000    226.71349    481.56178    123816.22   -39550.774    2820.7468   -42371.521    1061.6103    1.0087006 
178000    226.66779    216.37938    125099.92   -39585.921    2820.1782     -42406.1    1078.3999   0.99834992 
180000    234.32629    395.06918    124530.24   -39488.433    2915.4645   -42403.897    1079.5345     1.002917 
182000    223.27933    594.97273    124565.76   -39581.107    2778.0194   -42359.126     1092.279     1.002631 
184000    228.50649   -23.838263    124860.77   -39663.211    2843.0551   -42506.266    1097.6555    1.0002621 
186000    226.54602    418.26058    125056.01   -39636.213    2818.6631   -42454.876    1107.3925   0.99870046 
188000    229.54766    569.01312     124935.3   -39639.875    2856.0093   -42495.885    1113.4231   0.99966537 
190000    233.74233    269.95328    124920.23   -39661.997     2908.199   -42570.196    1122.7263   0.99978598 
192000    228.63151    552.76783     124946.5   -39714.446    2844.6106   -42559.057    1130.7013   0.99957577 
194000    231.67778    309.54169    125506.83   -39641.923    2882.5121   -42524.435    1141.3818   0.99511311 
196000    233.55175    342.53206    125037.68   -39651.871    2905.8278   -42557.699    1146.0712   0.99884685 
198000     233.1445    589.53501    124950.96   -39557.132    2900.7608   -42457.893    1151.3606   0.99954009 
200000    229.88138    421.74291    125959.13   -39687.494    2860.1613   -42547.655    1164.9846   0.99153982 
202000    232.22038    597.94703    126008.01   -39675.642     2889.263   -42564.905    1176.3095   0.99115517 
204000    231.83848    235.42553    125103.55   -39655.697    2884.5115   -42540.208    1180.2514   0.99832096 
206000    227.50443     555.5272    124936.85   -39624.305    2830.5876   -42454.892    1185.4051   0.99965298 
208000    231.56422    298.02847    124738.88   -39661.123    2881.0992   -42542.222    1191.7475    1.0012395 
210000    230.81788    888.03271    124035.48   -39670.083    2871.8132   -42541.896    1194.5355    1.0069175 
212000    229.35246    135.32409    125586.17   -39582.418    2853.5807   -42435.999     1212.793   0.99448446 
214000    231.15354    286.27861    124948.99   -39547.071    2875.9894    -42423.06    1216.6996   0.99955586 
216000    226.20877    320.62631    124693.17   -39670.648    2814.4672   -42485.115    1223.5185    1.0016065 
218000    232.34895    354.37294    125389.41   -39715.062    2890.8627   -42605.925    1236.7378     0.996045 
220000    231.46563    316.36099    125697.52   -39739.209    2879.8725   -42619.082     1244.336   0.99360345 
222000    231.86064    670.77054    124937.31   -39640.347    2884.7872   -42525.134    1246.7034   0.99964926 
224000    233.79394    585.27533    124810.02   -39616.804     2908.841   -42525.645    1253.7037    1.0006688 
226000    233.00885    515.65267    124937.12   -39624.942    2899.0731   -42524.015    1264.9266   0.99965077 
228000    229.42746    199.65357    125319.46   -39778.861    2854.5138   -42633.374    1274.5928   0.99660092 
230000    224.40454    158.82063    125440.11   -39794.926    2792.0192   -42586.945    1280.7506   0.99564237 
232000    224.57478     453.5633    125094.75   -39817.121    2794.1372   -42611.259    1285.7702   0.99839115 
234000    229.93678    281.78566    126071.75   -39785.517    2860.8506   -42646.368    1299.5797   0.99065406 
236000    230.21999    678.02678    125633.58   -39842.493    2864.3744   -42706.868     1304.896   0.99410917 
238000    220.32786     275.7512    125257.71   -39802.929    2741.2975   -42544.226    1311.2634   0.99709221 
240000    227.54116    351.90743    125851.59   -39760.433    2831.0446   -42591.478    1324.2141    0.9923871 
242000    227.91147    202.37468    125668.74   -39781.822     2835.652   -42617.474    1327.7523   0.99383104 
244000    223.44183   -120.79045    125304.68   -39737.528    2780.0412   -42517.569    1332.6099   0.99671845 
246000    228.61913    539.99532    125317.76   -39740.319    2844.4566   -42584.776    1337.6912   0.99661442 
248000    229.68887    61.863186    125596.25   -39691.962    2857.7662   -42549.728    1345.8436   0.99440462 
250000    227.50323    624.58817     124884.3   -39723.462    2830.5727   -42554.034    1351.7928    1.0000736 
252000    229.00309    215.56764    125655.34   -39712.464    2849.2338   -42561.698    1362.0091   0.99393698 
254000    232.11306   -47.812428    125228.49   -39705.002    2887.9278    -42592.93    1367.6586   0.99732493 
256000    228.39862    114.83792    125173.07   -39748.477     2841.713    -42590.19     1378.135   0.99776646 
258000    226.26512    190.11115    125724.95   -39649.203    2815.1683   -42464.371    1395.4764   0.99338672 
260000    231.20174    430.22378    125426.28   -39661.933    2876.5892   -42538.522    1403.9918   0.99575218 
262000    231.38932    499.65785    125073.71   -39648.175    2878.9231   -42527.098    1409.4787   0.99855906 
264000     227.4358     48.14539    125440.59   -39651.775    2829.7337   -42481.509    1424.6362   0.99563856 
266000    233.27526    234.55671    125788.06   -39643.054    2902.3877   -42545.442    1435.2051   0.99288826 
268000    230.66418    161.22584    125997.49   -39640.087    2869.9009   -42509.988    1443.8523   0.99123796 
270000    227.64758    167.20631    125823.45   -39845.553    2832.3687   -42677.921    1448.4739   0.99260898 
272000    225.35023    366.11243    125121.71   -39844.994    2803.7853   -42648.779    1449.0708   0.99817599 
274000    218.62518    268.52088    125078.54   -39867.288    2720.1129   -42587.401    1455.8038   0.99852057 
276000    230.49631    351.22924    124513.13   -39617.061    2867.8123   -42484.873    1459.8243    1.0030548 
278000    231.27135    185.70224    124130.68    -39626.23    2877.4553   -42503.685    1467.2261    1.0061452 
280000    229.71534    543.47598    124986.43   -39599.556    2858.0956   -42457.652    1479.8979   0.99925638 
282000    230.18041    936.67674    124296.98   -39546.889    2863.8819   -42410.771     1480.194    1.0047991 
284000    231.23584    390.10974    125146.91   -39660.618    2877.0135   -42537.632     1494.058   0.99797506 
286000    230.02925    476.93553    124844.71   -39666.658    2862.0012   -42528.659    1503.5367    1.0003907 
288000    228.15713    492.43786    124633.59   -39638.639    2838.7085   -42477.347    1510.0558    1.0020853 
290000    232.87959    417.13491    125326.69   -39651.141    2897.4648   -42548.605    1522.6857   0.99654347 
292000    230.67994    555.31222    124962.34   -39687.751     2870.097   -42557.848    1528.0282   0.99944905 
294000    230.04878    597.81909    125500.03   -39766.809    2862.2442   -42629.053    1538.6889   0.99516706 
296000    228.66355   -143.47999    125640.68   -39731.057    2845.0093   -42576.066    1546.0528   0.99405299 
298000      228.944    211.56453    125176.46   -39701.478    2848.4986   -42549.977    1554.9742   0.99773944 
300000    233.96313     492.3106    125382.57   -39745.957    2910.9461   -42656.903    1563.6719   0.99609929 
302000     229.0449    273.23493    125338.82   -39765.235    2849.7541   -42614.989    1573.1585   0.99644698 
304000    229.65941     750.2474    125372.86   -39729.747    2857.3997   -42587.146    1581.8212   0.99617643 
306000    228.90536    713.31493     124743.4   -39709.215    2848.0178   -42557.233    1583.8037    1.0012032 
308000    229.39968    946.23131     124437.2   -39791.039    2854.1682   -42645.207    1589.0507    1.0036668 
310000    227.23693    404.20805    125476.84   -39804.115    2827.2595   -42631.374     1605.028   0.99535098 
312000    229.18466    439.89975    124684.85   -39750.516    2851.4929   -42602.009    1604.4635    1.0016733 
314000    225.97547    860.59107    124246.44   -39716.478    2811.5645   -42528.042    1607.6709    1.0052078 
316000     234.4909    253.43049    124661.88   -39685.348    2917.5126   -42602.861    1617.6322    1.0018579 
318000    228.77698    386.95856     125107.3   -39745.884    2846.4206   -42592.305    1630.7536   0.99829103 
320000    229.61249    155.20924    125034.73   -39743.102     2856.816   -42599.918     1636.738   0.99887041 
322000    231.34134    396.77837    124857.65   -39576.207    2878.3261   -42454.533    1645.1253    1.0002871 
324000    234.41136     151.0447    124651.69   -39559.585    2916.5229   -42476.108    1647.2204    1.0019398 
326000    228.19909     504.2186    124642.33   -39616.138    2839.2305   -42455.369    1654.2344    1.0020151 
328000    226.32469    94.914052    124927.02   -39785.355    2815.9094   -42601.265    1662.5815   0.99973165 
330000    230.59222    657.53949     125002.1   -39653.487    2869.0056   -42522.492    1668.8821   0.99913111 
332000    232.15405    649.77309    125002.26   -39656.935    2888.4378   -42545.373    1671.2848   0.99912985 
334000    228.57883    676.76215    124980.47   -39687.388    2843.9552   -42531.343    1677.7514   0.99930405 
336000    228.89481    283.09825    125069.66   -39715.773    2847.8866   -42563.659    1688.1832   0.99859144 
338000    226.20734    441.02415    124934.05   -39724.617    2814.4493   -42539.067    1691.1854   0.99967536 
340000    229.99228      618.097    125030.74    -39789.23    2861.5412   -42650.771    1697.1308   0.99890232 
342000    228.80518    944.76973    124350.86   -39646.656    2846.7714   -42493.428    1699.0606    1.0043637 
344000    233.24645    324.41251    125057.26   -39598.777    2902.0292   -42500.806    1715.9194   0.99869047 
346000    229.29253    325.78124    124769.77   -39637.576    2852.8349   -42490.411    1721.6185    1.0009916 
348000    225.46366    578.97993    124471.64   -39713.531    2805.1966   -42518.728     1726.575    1.0033892 
350000    235.10305    575.52754    124957.43   -39571.369    2925.1289   -42496.497    1738.4313   0.99948834 
352000    233.14184   -18.272909     125361.6   -39536.444    2900.7277   -42437.171    1755.3553   0.99626594 
354000    230.87408    795.94748    124147.29   -39498.223    2872.5125   -42370.736    1752.1183    1.0060106 
356000    233.73895    762.15758    125458.85   -39609.468    2908.1569   -42517.625    1768.1047    0.9954937 
358000    233.92301    474.50786    124806.64   -39642.677     2910.447   -42553.124    1770.7147    1.0006958 
360000    235.32596    399.88038    125549.19   -39574.327    2927.9023   -42502.229    1790.5377   0.99477738 
362000    233.30778    371.33239    125438.85   -39645.659    2902.7924   -42548.452      1800.02    0.9956524 
364000    232.70561    447.26533    125561.11   -39650.249    2895.3002    -42545.55    1806.9911   0.99468289 
366000    228.26004    615.19134    124673.71   -39629.726    2839.9889   -42469.715    1804.3042    1.0017628 
368000     229.0868    241.63111    124853.88   -39679.178    2850.2754   -42529.454    1812.9675    1.0003173 
370000    231.28747    390.22541    125424.15   -39683.837    2877.6559   -42561.493    1823.0305   0.99576905 
372000     233.9759    544.55281     125044.6   -39618.923     2911.105   -42530.028    1826.8433   0.99879154 
374000    230.90932    472.15822    125566.71   -39696.017     2872.951   -42568.968    1840.6612   0.99463855 
376000    228.52141    489.68343    125476.15   -39721.801    2843.2409   -42565.042      1848.36   0.99535638 
378000    231.62578    567.60331    125601.71   -39628.427    2881.8651   -42510.293    1856.6179    0.9943614 
380000    228.97923    276.20146    125217.09   -39676.501     2848.937   -42525.438    1859.1592   0.99741573 
382000    231.51843    480.17643    125617.77   -39562.217    2880.5295   -42442.747     1868.028   0.99423429 
384000    228.92933    189.09187    125284.77   -39661.044    2848.3161    -42509.36    1869.3297   0.99687692 
386000     233.0366     460.1804    124662.85   -39569.426    2899.4184   -42468.844    1872.9977    1.0018501 
388000    228.53769    604.86433    125125.97   -39679.144    2843.4433   -42522.587    1884.9504   0.99814201 
390000    223.37476    459.25801    125047.88   -39741.656    2779.2067   -42520.863    1888.5567   0.99876538 
392000    227.13319     772.8021    125327.62   -39799.544    2825.9687   -42625.512     1900.173   0.99653605 
394000    231.52916    252.84812    125141.87   -39731.362    2880.6629   -42612.025    1905.7202   0.99801524 
396000    226.13369    121.25837    124752.59    -39704.43     2813.533   -42517.963     1909.877    1.0011294 
398000    225.29788    295.87393    125494.83   -39719.202    2803.1339   -42522.336    1926.9078   0.99520822 
400000    234.45659    102.93997    125388.09   -39652.601    2917.0857   -42569.686    1933.6362   0.99605549 
402000    228.27514     687.0801    125174.81   -39686.496    2840.1767   -42526.673    1941.5206   0.99775257 
404000    226.89937     446.2719    125274.49   -39709.651    2823.0596   -42532.711    1949.6698   0.99695871 
406000    229.72005    310.68425    124944.01   -39628.628    2858.1542   -42486.782    1949.8972   0.99959565 
408000    231.93703     164.8186    125693.15   -39535.583    2885.7376   -42421.321     1965.939   0.99363804 
410000    226.31948   -66.816751    125310.74   -39648.953    2815.8446   -42464.797    1964.8253   0.99667026 
412000    230.94171    478.09656     125046.9   -39615.818    2873.3539   -42489.172    1965.5549   0.99877319 
414000     231.0436    246.73993    125190.39   -39658.215    2874.6216   -42532.837    1978.8179   0.99762841 
416000    232.37835    374.36806     124654.7   -39701.495    2891.2285   -42592.724    1976.8214    1.0019157 
418000    235.48882    611.64035    124882.61   -39630.762    2929.9287   -42560.691    1991.2321    1.0000871 
420000    229.20415   -206.13417    124737.05   -39595.276    2851.7353   -42447.011    2000.4261    1.0012542 
422000    231.45529    588.14291    125992.53   -39685.348    2879.7439   -42565.092     2021.695   0.99127699 
424000    231.45813    603.12267    125215.64   -39697.055    2879.7792   -42576.834    2017.2215   0.99742722 
426000    229.05242     438.6688    125749.57   -39767.074    2849.8476   -42616.921    2030.6183    0.9931922 
428000    228.12615    378.82887    125204.06   -39729.735     2838.323   -42568.058    2033.9346   0.99751948 
430000    232.84511    529.11988    124795.52   -39683.933    2897.0358   -42580.969    2035.9633     1.000785 
432000    233.34072    162.77757    125112.76   -39559.587    2903.2022    -42462.79    2047.6489   0.99824745 
434000    232.45968     807.8036    123739.71   -39534.326    2892.2403   -42426.566    2038.0527    1.0093243 
436000    231.66909    565.74677     124141.9   -39614.895     2882.404   -42497.299    2053.0348    1.0060543 
438000    230.10434    455.77377    125257.72    -39595.67    2862.9354   -42458.605     2076.734   0.99709215 
440000    236.44873    280.69085    124752.46   -39571.465    2941.8717   -42513.337    2073.7189    1.0011305 
442000    226.93446    367.35048    124844.73   -39620.893    2823.4962   -42444.389    2082.4576    1.0003906 
444000    229.85831    243.19397    124926.85   -39622.792    2859.8744   -42482.666    2091.9345   0.99973301 
446000    232.21955    687.65756    125128.91   -39611.322    2889.2527   -42500.575    2096.9585   0.99811856 
448000    228.16347    347.91763    124948.16   -39651.852    2838.7874   -42490.639    2104.0488   0.99956249 
450000      229.676    244.92244    125161.76   -39557.904    2857.6061   -42415.511    2115.0222   0.99785666 
452000    231.42939     373.6648    125478.12   -39550.984    2879.4216   -42430.406    2129.7372   0.99534078 
454000    230.48663    198.01949    124827.92   -39566.825    2867.6919   -42434.516    2129.7313    1.0005253 
456000    230.00954    393.61258    124614.72   -39550.534     2861.756    -42412.29    2137.7428     1.002237 
458000    232.70104     410.0019    124422.04   -39597.957    2895.2434     -42493.2    2144.4377    1.0037891 
460000     231.7172    685.48309     124670.3   -39594.496    2883.0025   -42477.499    2155.5213    1.0017903 
462000    229.25092    460.33115    125046.88   -39697.309    2852.3173   -42549.626    2167.1607   0.99877339 
464000     234.3665    275.30785    124925.01   -39645.189    2915.9649   -42561.153    2173.3038   0.99974769 
466000    229.02189    657.18113    124899.81   -39593.364    2849.4677   -42442.831    2180.0948   0.99994938 
468000    231.81909    198.45647    125200.14   -39614.775    2884.2702   -42499.045    2188.7757   0.99755072 
470000    228.05896     371.9741    125603.36   -39704.964    2837.4871   -42542.451    2200.3343   0.99434831 
472000    228.06557    284.23726    125187.98   -39698.975    2837.5693   -42536.544    2201.1565   0.99764761 
474000    229.38681    108.77544    125381.46   -39645.326     2854.008   -42499.334    2211.9244   0.99610813 
476000    233.20424    637.33838    124646.81   -39603.051    2901.5041   -42504.555     2215.672     1.001979 
478000    230.62969    151.82133    125149.81     -39667.1    2869.4718   -42536.572    2230.3535   0.99795189 
480000    230.62124    534.65471    125361.83   -39628.436    2869.3666   -42497.802     2244.645   0.99626407 
482000    232.00949    459.35132     124863.4   -39587.187    2886.6391   -42473.826    2245.7803     1.000241 
484000     223.2095    508.50385    124983.46   -39665.166    2777.1505   -42442.317     2250.384   0.99928016 
486000    227.95367    823.65544    124651.74   -39739.232    2836.1771   -42575.409     2257.418    1.0019394 
488000    230.62405    420.23931    124682.81   -39640.182    2869.4017   -42509.584    2262.9968    1.0016897 
490000     224.9998   -99.798767    125063.29   -39543.913    2799.4253   -42343.338    2281.6014   0.99864229 
492000    228.08632    155.55646    124707.63   -39615.198    2837.8274   -42453.025     2284.121    1.0014904 
494000    226.03472    345.19388    125332.57   -39678.637    2812.3016   -42490.939      2298.32   0.99649669 
496000      233.691    6.8806637    125415.86   -39617.137    2907.5603   -42524.697    2304.7902   0.99583487 
498000     229.4449    409.11879    124858.46    -39680.29    2854.7307    -42535.02    2305.9774    1.0002806 
500000    232.31756    238.92407    125149.47   -39659.806    2890.4721   -42550.278     2315.091   0.99795465 
502000    227.01093    705.52471     125177.4   -39623.838    2824.4475   -42448.285    2321.2539   0.99773197 
504000    234.35194    385.75457    125232.54   -39572.051    2915.7837   -42487.835    2330.8282   0.99729263 
506000      228.883    275.92161    125720.08   -39662.183    2847.7396   -42509.923    2344.6346   0.99342517 
508000    227.75902    250.95809    125087.93   -39627.799    2833.7552   -42461.555     2345.982   0.99844558 
510000    234.92267    612.16184    125076.42    -39573.88    2922.8846   -42496.765    2356.9345   0.99853748 
512000     230.5527    401.71187    125070.05   -39595.017    2868.5139   -42463.531    2368.2204   0.99858831 
514000    229.71676    638.86695    124292.54   -39634.704    2858.1133   -42492.818    2366.4169     1.004835 
516000    230.31331    630.14896    124351.54   -39627.356    2865.5354   -42492.891    2377.8665    1.0043582 
518000    231.26311    145.18623    125057.16   -39621.086    2877.3527   -42498.439    2397.4822   0.99869124 
520000    229.51075    587.19336    124489.09    -39631.17    2855.5501    -42486.72    2401.6517    1.0032485 
522000    226.67175    280.26401    125048.85   -39644.726    2820.2275   -42464.953     2417.062   0.99875758 
524000    227.13719    387.77204    125309.38   -39586.959    2826.0184   -42412.977    2427.8227   0.99668111 
526000    231.12245    205.05306    125384.94   -39578.979    2875.6027   -42454.582    2435.2807   0.99608051 
528000    230.82507    86.327898    124813.17   -39550.042    2871.9027   -42421.945    2437.7124    1.0006435 
530000    227.61834    112.37346    125240.24   -39691.687    2832.0049   -42523.692    2451.0686   0.99723132 
532000    231.92744      44.3201    125672.44   -39629.716    2885.6182   -42515.335     2469.061   0.99380172 
534000    230.65969    248.50658    124974.95   -39660.946     2869.845   -42530.791    2470.3345   0.99934818 
536000    226.52027    724.25391    124292.93   -39593.419    2818.3428   -42411.762    2469.1425    1.0048318 
538000    231.86771    17.797406    125113.26   -39692.665    2884.8751    -42577.54    2486.4543   0.99824345 
540000    232.68286    659.43483    124698.47   -39611.704    2895.0171   -42506.721    2489.9516    1.0015639 
542000    232.46391    722.32343    125403.79   -39630.355     2892.293   -42522.648     2503.843   0.99593079 
544000    226.28281    717.62998     124948.9   -39703.945    2815.3883   -42519.334      2506.83   0.99955655 
546000      232.544    917.93959    124499.65   -39635.828    2893.2895   -42529.117    2508.5625    1.0031634 
548000    228.23652    606.97909    124697.13   -39637.266    2839.6962   -42476.963    2520.1332    1.0015747 
550000    231.09221     643.4713    125478.37   -39648.859    2875.2265   -42524.086      2541.25   0.99533877 
552000    233.09973    676.46206    124969.27   -39637.136    2900.2038   -42537.339    2541.0676   0.99939364 
554000    234.61508    648.63281    125025.75   -39617.211    2919.0577   -42536.268    2551.3416   0.99894216 
556000    230.98507   -120.39538    125689.99    -39712.35    2873.8935   -42586.243    2569.9719     0.993663 
558000    232.16575   -34.091717    125926.38   -39717.482    2888.5833   -42606.066    2582.4393   0.99179769 
560000    232.36912    544.64501    125317.18   -39642.257    2891.1137    -42533.37    2580.8598   0.99661906 
562000    231.02097    28.066226    125942.64   -39687.413    2874.3401   -42561.753    2596.3607   0.99166964 
564000    233.01504    297.42961    125551.96    -39710.91    2899.1501    -42610.06    2597.7799   0.99475544 
566000    231.55036    126.46652    125359.08     -39641.4    2880.9267   -42522.326     2599.632   0.99628594 
568000    232.37285     595.8102    125300.97   -39594.022      2891.16   -42485.182    2611.2765   0.99674798 
570000    225.84225    93.478817    124926.29    -39629.84     2809.907   -42439.747    2616.2336   0.99973749 
572000      236.477    491.31946     125468.8   -39690.422    2942.2234   -42632.646    2629.6924   0.99541471 
574000     231.6737    366.84261    125440.81   -39600.771    2882.4613   -42483.233    2639.2455   0.99563686 
576000    234.55709     283.5712     125586.8   -39612.673    2918.3361   -42531.009    2649.0087   0.99447943 
578000    229.90724    375.99156    125519.65   -39701.105    2860.4832   -42561.589    2655.9737   0.99501144 
580000    227.05837    319.69872    125578.65   -39696.738    2825.0378   -42521.776    2661.4898   0.99454397 
582000    229.37603    725.47749    124744.44   -39645.915    2853.8739   -42499.789    2658.4974    1.0011948 
584000    229.64348    680.13287    124938.62   -39649.257    2857.2014   -42506.459    2666.9905   0.99963883 
586000    226.89594    495.36296     126006.1   -39671.608    2823.0169   -42494.625    2691.9755   0.99117016 
588000     226.6053    531.25912    124747.71   -39686.456    2819.4008   -42505.857    2681.9629    1.0011686 
590000    228.25288    79.123776    125684.29    -39659.42    2839.8998    -42499.32    2704.2637   0.99370807 
592000    230.52525     204.1778    125745.47   -39637.512    2868.1724   -42505.684    2713.6682   0.99322459 
594000    231.56206    556.39202    125838.75   -39596.838    2881.0723    -42477.91    2722.6028   0.99248832 
596000    233.55189    721.07378    125123.55   -39643.823    2905.8295   -42549.653    2723.1722   0.99816131 
598000    230.52698    233.09994    125781.65   -39644.302    2868.1939   -42512.496    2739.9159   0.99293887 
600000    226.12116     458.8237     125524.3   -39813.592    2813.3771   -42626.969    2745.8452   0.99497458 
602000    228.73842    459.96402    125109.92   -39811.886    2845.9409   -42657.827    2747.6871   0.99827008 
604000    233.00624    968.25279    124586.34   -39646.867    2899.0406   -42545.908    2750.8293    1.0024654 
606000     230.6186    570.53352    124825.05    -39701.39    2869.3338   -42570.724    2768.1928    1.0005483 
608000    231.19795    589.11067    124959.46   -39735.333     2876.542   -42611.875     2777.942    0.9994721 
610000    229.99355    585.03259    125600.05   -39716.369     2861.557   -42577.926    2797.3283   0.99437451 
612000     230.6787    186.03132    126001.94   -39717.348    2870.0816   -42587.429    2811.1917   0.99120294 
614000     225.8392    305.86366    125313.15   -39809.988     2809.869   -42619.857    2811.8839   0.99665114 
616000    235.22837    110.41854    125140.31   -39607.006    2926.6881   -42533.694    2811.2149   0.99802765 
618000    232.05041     761.8534    124639.05   -39693.813    2887.1483   -42580.961    2810.7691    1.0020414 
620000    234.20012    617.91442    125437.17    -39545.75    2913.8947   -42459.645    2831.7071   0.99566576 
622000    232.96973    732.54502    125278.44   -39568.055    2898.5863   -42466.642    2838.2438   0.99692729 
624000    227.37628    146.29369    124848.97   -39612.347    2828.9932    -42441.34    2840.6974    1.0003566 
626000    232.46636    293.87092    125146.63   -39618.323    2892.3234   -42510.646     2850.398   0.99797724 
628000    231.43377    859.24559    124357.15   -39615.169    2879.4761   -42494.645    2846.9322    1.0043129 
630000    228.08757    650.86803    125215.08   -39692.594     2837.843   -42530.437    2870.1874   0.99743174 
632000    229.20233     620.7703    124970.07   -39684.888    2851.7128   -42536.601    2871.0144   0.99938723 
634000    229.97115   -258.66392    125472.68   -39595.229    2861.2783   -42456.508    2889.1239   0.99538393 
636000    230.41346    688.25891     124832.6    -39657.79    2866.7815   -42524.571    2887.5166    1.0004878 
638000    229.80224    378.25804     125364.1    -39724.99    2859.1767   -42584.167    2906.9107   0.99624604 
640000    233.11293    750.80777     124866.3   -39653.467     2900.368   -42553.835    2905.7034    1.0002178 
642000    228.48855    93.453445    125923.29   -39678.799    2842.8319   -42521.631    2926.8452   0.99182198 
644000    235.02509    688.97356    125436.16   -39725.484    2924.1589   -42649.643    2931.3548   0.99567377 
646000    230.86999    414.54911    125686.48   -39735.126    2872.4616   -42607.588    2946.1515   0.99369072 
648000    227.86344    127.95264    125538.02   -39706.863    2835.0544   -42541.917    2947.5164   0.99486586 
650000    229.90431    1101.1005     124915.4   -39651.757    2860.4467   -42512.203    2943.3433    0.9998246 
652000    228.12774    398.36567    125103.15    -39616.22    2838.3428   -42454.563    2957.4184   0.99832411 
654000    228.80013    293.25481    125159.77    -39581.09    2846.7085   -42427.798    2964.9371   0.99787246 
656000     231.4129    966.20786    125204.44   -39692.925    2879.2164   -42572.142    2975.8656    0.9975165 
658000    226.74073    249.36197    125282.71   -39711.406    2821.0857   -42532.492    2985.9706   0.99689328 
660000    229.31303   -60.530422    126013.16   -39713.002    2853.0901   -42566.092    3001.8156   0.99111469 
662000    232.28965    316.88822    125230.32   -39710.697    2890.1249   -42600.822    2999.2817   0.99731032 
664000    224.42436    269.46284    125565.84   -39726.231    2792.2657   -42518.497    3011.5425   0.99464544 
666000    227.32406    194.00806    125201.07   -39695.877    2828.3435    -42524.22    3013.5675   0.99754332 
668000    233.42354    504.73645    125850.34   -39664.379    2904.2326   -42568.612    3032.2411    0.9923969 
670000     229.4005    213.19259    125455.38   -39688.439    2854.1783   -42542.618    3033.2218   0.99552122 
672000    230.01548    229.29531    125477.64   -39649.314    2861.8299   -42511.144    3035.2284   0.99534458 
674000    230.89473    366.73148    124974.24   -39581.804    2872.7694   -42454.574    3033.4831   0.99935386 
676000    233.52358    675.13826    124699.76   -39568.923    2905.4773     -42474.4    3035.1286    1.0015536 
678000     228.8639   -87.029055    125719.91   -39628.436     2847.502   -42475.938    3058.6005   0.99342652 
680000     230.6765    583.17556    125614.56   -39627.394    2870.0542   -42497.448    3064.2241   0.99425965 
682000    226.26391    201.95454    125589.31   -39645.156    2815.1531   -42460.309     3069.078   0.99445957 
684000    230.18254    885.61934    124524.18   -39546.441    2863.9084   -42410.349    3061.9573    1.0029658 
686000    233.67204    260.61554    125555.35   -39646.099    2907.3244   -42553.423    3086.3828   0.99472851 
688000    229.17234    261.61989    125855.23   -39691.037    2851.3395   -42542.377    3098.2419    0.9923584 
690000    228.43416    510.48432     124686.7   -39650.177    2842.1552   -42492.332     3085.209    1.0016585 
692000    234.30214    619.36159    124989.33   -39567.481    2915.1641   -42482.645     3100.734   0.99923325 
694000    232.79526    192.81491    125242.09   -39611.069    2896.4156   -42507.485    3113.9038   0.99721658 
696000    227.37929    183.79157     124822.3   -39697.484    2829.0307   -42526.515    3116.9047    1.0005703 
698000    226.00928    336.09205     125249.1    -39649.53    2811.9851   -42461.515    3126.0272   0.99716075 
700000    229.51119    49.134422    124988.35   -39637.268    2855.5556   -42492.823    3130.2625   0.99924102 
702000     231.4616    619.69167    124198.71   -39580.692    2879.8224   -42460.514    3123.4201    1.0055941 
704000     228.2846    529.47164    124723.34   -39535.308    2840.2944   -42375.602    3144.4291    1.0013642 
706000    235.34708    652.45273     125183.5   -39511.592    2928.1651   -42439.757    3158.5685    0.9976833 
708000    233.20579    588.71188    124800.82    -39610.44    2901.5234   -42511.963    3162.4516    1.0007426 
710000    230.19819    347.23491    125363.67   -39695.265    2864.1031   -42559.368    3175.5464   0.99624952 
712000    226.83177     90.92026     125345.1   -39681.549    2822.2185   -42503.768     3183.382   0.99639707 
714000    230.20497     739.5922    124555.32   -39628.695    2864.1875   -42492.883    3173.1925     1.002715 
716000    227.68155    452.93113    125031.95   -39655.697    2832.7914   -42488.488    3192.6356   0.99889262 
718000    229.37945    248.55425    124891.95   -39655.621    2853.9164   -42509.537    3201.3663    1.0000123 
720000    234.02819    431.82419    125305.98   -39573.932    2911.7557   -42485.687    3213.4164   0.99670815 
722000    231.36005    928.56313    124230.73   -39585.529    2878.5588   -42464.088     3207.406    1.0053349 
724000    232.91786    847.18401    124404.96   -39567.332     2897.941   -42465.273    3219.4531    1.0039269 
726000    229.92362    551.87145     124859.6   -39591.992     2860.687   -42452.679    3236.1171    1.0002714 
728000    232.98031    608.40531    124900.73   -39625.627     2898.718   -42524.345    3242.2479   0.99994204 
730000    228.40759    285.09208    125698.77   -39563.045    2841.8246   -42404.869    3263.1544   0.99359359 
732000    238.43736    505.83284    125787.59   -39591.987    2966.6141   -42558.601    3275.2723   0.99289197 
734000    231.48321    244.68763    125799.27   -39654.402    2880.0913   -42534.493    3282.9697   0.99279985 
736000     225.3461    137.99106    125020.31   -39682.736    2803.7338   -42486.469    3274.7449   0.99898561 
738000    231.89753    302.29151    125363.21   -39603.678    2885.2461   -42488.924    3295.6089   0.99625315 
740000    231.58395    136.93574    125211.08   -39626.767    2881.3447   -42508.111    3303.3698    0.9974636 
742000    230.85481    396.62605    125393.11   -39549.604    2872.2728   -42421.876     3312.132   0.99601557 
744000    232.07815    584.17735    125240.05   -39575.068    2887.4934   -42462.562    3317.2506   0.99723281 
746000    232.07862    577.66969    125111.58   -39643.576    2887.4993   -42531.076    3322.6832   0.99825686 
748000    230.26136    600.50964    125417.41   -39674.311    2864.8891     -42539.2    3334.4641   0.99582256 
750000    232.97945    318.97912    124770.42   -39659.502    2898.7073    -42558.21    3334.8704    1.0009864 
752000    229.75866    900.24959     124887.3   -39625.922    2858.6345   -42484.557    3348.3737    1.0000496 
754000    229.17393    688.23491    124985.69   -39606.249    2851.3594   -42457.608    3358.9671   0.99926234 
756000    228.85372    471.93068    124860.56   -39629.221    2847.3753   -42476.596    3365.5146    1.0002637 
758000    230.54454    462.44833    124945.84    -39597.35    2868.4123   -42465.762    3371.0529   0.99958106 
760000    233.12221     489.4633    124830.47   -39585.864    2900.4835   -42486.348    3370.9065    1.0005048 
762000    231.63852    162.99688    125034.42   -39619.855    2882.0235   -42501.878    3382.7926   0.99887286 
764000    230.43935    276.06455    125403.33   -39645.275    2867.1036   -42512.378    3398.5333    0.9959344 
766000    230.94386    456.80631    124673.97    -39652.47    2873.3807   -42525.851    3395.2635    1.0017608 
768000    226.98451     144.0791    125050.99   -39697.987    2824.1189   -42522.105    3410.8852   0.99874054 
770000    226.39657    547.64162    125378.08   -39710.876    2816.8038    -42527.68    3424.3452   0.99613498 
772000    228.61714    770.93465    125326.27   -39688.193    2844.4318   -42532.624    3433.2111   0.99654681 
774000    228.68029    742.87745    124320.62   -39632.794    2845.2176   -42478.011    3426.0132     1.004608 
776000     229.1349    746.14755    124548.18   -39613.315    2850.8738   -42464.189    3440.5365    1.0027725 
778000    225.99147    523.39945    124480.42   -39606.207    2811.7635   -42417.971    3444.3647    1.0033184 
780000     236.0107     288.9866    124855.14   -39628.406    2936.4218   -42564.828    3461.3603    1.0003072 
782000    229.63498    900.00895    124893.58   -39603.129    2857.0957   -42460.224    3468.3781   0.99999927 
784000    235.25927    361.49361    124786.54   -39500.933    2927.0726   -42428.006     3479.315    1.0008571 
786000      233.057    152.27335    124608.71   -39510.741    2899.6722   -42410.413    3481.2634    1.0022854 
788000    237.51537    365.24552    124867.67    -39515.35    2955.1427   -42470.493    3488.4501    1.0002068 
790000    232.29327    47.161026    125002.41   -39631.206    2890.1699   -42521.376    3499.6971   0.99912865 
792000    229.23492    522.10278    125799.32   -39717.803    2852.1182   -42569.921     3519.082   0.99279943 
794000      228.945    564.95019    125212.16   -39687.473     2848.511   -42535.984    3516.7504   0.99745496 
796000    231.24698      603.553    125320.53   -39676.768    2877.1521    -42553.92    3525.8869   0.99659245 
798000    230.50638    351.85402    124970.36   -39620.558    2867.9376   -42488.495    3532.4422   0.99938492 
