94000    220.94689   -922.36473    136544.26   -41423.901    2748.9994     -44172.9    66.099781   0.91467402 
96000    224.01985   -651.29668    136193.65   -41464.224    2787.2328   -44251.457    66.676776   0.91702872 
98000    221.56306   -802.29787    136370.41   -41496.235    2756.6657   -44252.901    66.899317   0.91584014 
100000    220.16132   -1078.1332    136610.03   -41556.165    2739.2254   -44295.391    67.098377   0.91423365 
102000    217.40682   -973.07619    136275.23   -41584.276    2704.9542    -44289.23    67.193995   0.91647979 
104000    220.13185   -1073.2658    136314.68   -41497.149    2738.8588   -44236.008     67.49005   0.91621454 
106000    219.47835   -864.29475    136421.43   -41572.927    2730.7279   -44303.655    68.092914   0.91549757 
108000    221.10602   -975.00499    136505.27   -41581.066    2750.9792   -44332.045    68.217776   0.91493533 
110000    218.21235    -1068.869    136704.33    -41570.25    2714.9765   -44285.227    68.209746   0.91360302 
112000    213.71893   -1129.8178     136674.7    -41660.02    2659.0698    -44319.09    68.661114   0.91380113 
114000    218.06862   -743.44292    136328.08   -41654.789    2713.1882   -44367.977    68.960425   0.91612447 
116000    220.58956   -668.83575    136191.04   -41551.661    2744.5535   -44296.214    68.717406   0.91704629 
118000    222.58804   -391.17875    136025.04   -41557.907    2769.4184   -44327.326    68.991432   0.91816543 
120000    218.15326   -395.49982    136038.61   -41664.986    2714.2413   -44379.227    69.285629   0.91807387 
122000    219.41816   -723.19384    136011.85   -41610.546     2729.979   -44340.525    69.329647   0.91825452 
124000    219.04806   -709.67663    136393.89    -41623.45    2725.3743   -44348.825    69.995468   0.91568247 
126000    220.16969   -661.07334    136220.35     -41635.1    2739.3296    -44374.43    70.163078   0.91684899 
128000    220.18884   -848.81336    136114.04   -41665.003    2739.5678    -44404.57    70.210528   0.91756509 
130000    219.37798   -1015.9558    136316.15   -41570.686    2729.4791   -44300.165    70.239872   0.91620466 
132000    221.89538   -1237.9941    136313.64   -41528.676    2760.8004   -44289.477    70.431696   0.91622155 
134000    220.25971   -919.71135    136233.74   -41508.957    2740.4495   -44249.407    70.410652   0.91675886 
136000    221.25226   -922.35014    136282.63   -41494.201    2752.7987   -44246.999    71.013081   0.91643004 
138000      224.291   -738.25239    136080.13   -41476.943    2790.6064   -44267.549      70.9608   0.91779371 
140000      225.635   -954.17348     136460.9   -41482.386    2807.3283   -44289.714    71.518539   0.91523281 
142000    219.62036   -937.46396    136906.85   -41622.448    2732.4948   -44354.942     72.32768   0.91225161 
144000     217.3569   -974.16377    136682.91    -41653.05     2704.333   -44357.383    72.161474   0.91374621 
146000    219.68136   -602.93841    136203.68   -41616.631    2733.2538   -44349.885    72.168296   0.91696121 
148000    219.18705   -558.70071    136067.63   -41645.807    2727.1036   -44372.911    72.374569   0.91787804 
150000    215.95378   -802.64457    136234.14   -41691.085    2686.8756   -44377.961    72.771105   0.91675617 
152000    219.60675   -963.42983    136070.91   -41604.668    2732.3255   -44336.994    73.044177   0.91785593 
154000     225.1261   -979.00798    136489.54   -41513.489    2800.9967   -44314.486    73.417651   0.91504073 
156000    220.93908   -785.63215    136307.21   -41531.968    2748.9022    -44280.87    73.902039   0.91626473 
158000    222.57633   -737.37638    136236.09   -41540.962    2769.2726   -44310.234    74.326659   0.91674304 
160000    219.52178   -1048.7835    136287.98   -41571.056    2731.2683   -44302.324    74.661616   0.91639405 
162000     217.2309   -951.73434    136449.81   -41627.099    2702.7654   -44329.865    75.138753   0.91530718 
164000    225.74258   -940.79995    136607.37   -41494.077    2808.6669   -44302.744    75.284012   0.91425149 
166000    226.21713   -1097.5506    136583.67   -41613.077    2814.5712   -44427.648     75.68003   0.91441011 
168000    221.36385   -728.19797    136480.95   -41600.543    2754.1871    -44354.73    75.971747   0.91509836 
170000    224.24837      -902.44    136611.45   -41504.934     2790.076    -44295.01     76.59489   0.91422416 
172000    224.76186   -1100.9274    136830.04   -41550.897    2796.4649   -44347.362    76.474845   0.91276369 
174000    221.68244   -954.90508    136528.07   -41543.082     2758.151   -44301.233    76.563448    0.9147825 
176000    222.12026    -543.5893    136505.78   -41628.411    2763.5983    -44392.01    76.744079   0.91493187 
178000    223.02691   -905.82604    136486.44   -41647.597    2774.8788   -44422.476    76.920721   0.91506153 
180000    220.55654   -1083.0542    136494.03   -41561.384    2744.1427   -44305.527    77.217359   0.91501068 
182000    219.03637    -1112.977    136811.48   -41661.263    2725.2288   -44386.492    77.715774   0.91288749 
184000    217.03336   -848.59587    136505.84   -41730.665    2700.3076   -44430.973    77.967009    0.9149315 
186000    217.70396   -867.42629    136347.43   -41677.575    2708.6511   -44386.226    78.405588   0.91599443 
188000    219.34063   -526.76549     135606.5   -41652.234    2729.0144   -44381.248    78.023686   0.92099929 
190000    215.30114   -980.93016    136466.98   -41617.148    2678.7555   -44295.903    78.980004   0.91519203 
192000    220.90692   -967.41709    136660.88   -41636.466     2748.502   -44384.968    79.194871   0.91389348 
194000    225.50252   -1035.6134    136780.79    -41553.76      2805.68    -44359.44    79.779633   0.91309233 
196000    220.27631   -713.40382    136158.11   -41608.037     2740.656   -44348.693    79.550594   0.91726813 
198000    221.89756   -752.66075     136466.8   -41533.885    2760.8275   -44294.712    79.895966   0.91519323 
200000    216.20879   -821.77481    136484.44   -41649.928    2690.0484   -44339.977    79.882159   0.91507497 
202000    221.68328   -976.90167    136341.39    -41622.17    2758.1615   -44380.331    80.468783   0.91603507 
204000    216.79652   -906.13287    136202.78   -41601.989    2697.3609    -44299.35    80.740944   0.91696729 
206000    217.39331   -959.85116    136456.99   -41588.472    2704.7861   -44293.258    80.912535   0.91525901 
208000    217.92903   -900.29708    136510.48   -41634.337    2711.4514   -44345.788    81.423488   0.91490039 
210000    222.15722   -535.99145    135843.01   -41650.493    2764.0582   -44414.552    81.634801   0.91939582 
212000    220.82811   -551.33546    136145.38   -41586.113    2747.5216   -44333.634    81.439606   0.91735384 
214000    218.94357   -659.68859    135832.31   -41550.954    2724.0742   -44275.028    81.772769   0.91946822 
216000     217.0953   -809.10791    136135.71   -41697.577    2701.0782   -44398.655    82.073118     0.917419 
218000    217.52851   -972.17988    136364.72   -41722.304    2706.4682   -44428.773    82.138749   0.91587835 
220000    219.82025   -574.20818    136044.25   -41728.951    2734.9819   -44463.933    82.750067    0.9180358 
222000    223.19642   -824.89491    136470.36   -41647.821    2776.9878   -44424.808     83.32978   0.91516935 
224000    218.28452    -766.2236     136470.7   -41656.092    2715.8745   -44371.967    83.457793   0.91516704 
226000    221.46262   -798.31211    136572.47   -41674.424    2755.4161    -44429.84    83.954318   0.91448514 
228000    216.91842   -727.85218    136514.66   -41779.515    2698.8775   -44478.393    83.957713    0.9148724 
230000    218.36445   -666.78044    136366.45   -41802.966    2716.8689   -44519.835    83.746124   0.91586672 
232000    221.10491   -749.21319     136507.3   -41783.261    2750.9654   -44534.226    84.026671   0.91492171 
234000    221.27555   -556.92172    136285.74   -41736.985    2753.0885   -44490.073    83.858863   0.91640906 
236000    218.18226   -431.96661    135901.67   -41788.068    2714.6021    -44502.67    84.233701   0.91899896 
238000    216.71414   -601.47711    135930.79   -41823.151    2696.3359   -44519.487    84.567858    0.9188021 
240000    216.39499   -1006.2511     136942.6   -41777.427    2692.3651   -44469.792    85.121397   0.91201342 
242000    218.09202   -975.13269     136883.5   -41799.815    2713.4793   -44513.294    85.420927   0.91240717 
244000    218.28813   -1029.7594    136718.17   -41791.402    2715.9193   -44507.321    85.492171   0.91351054 
246000    219.92944   -1047.6488    137007.28    -41775.37    2736.3403    -44511.71    85.521207   0.91158287 
248000     221.1577   -1080.2945     136964.6   -41725.807    2751.6223    -44477.43    85.786724   0.91186696 
250000    223.10168   -971.09838    137077.52   -41778.582    2775.8091   -44554.391    86.208409   0.91111575 
252000    219.33524   -1132.9105     136953.4   -41774.909    2728.9474   -44503.856    86.423568   0.91194151 
254000    221.31685   -993.91797    136897.86    -41770.25    2753.6024   -44523.853    86.828973   0.91231152 
256000    217.60361    -853.2032    136822.75   -41836.658    2707.4026    -44544.06     86.70664   0.91281231 
258000    217.71579   -1096.6974    136986.05   -41744.087    2708.7983   -44452.885    86.768504   0.91172414 
260000    219.97862   -989.00635    137052.84   -41745.044    2736.9523   -44481.996    87.117015   0.91127984 
262000    221.23301   -808.86787    136638.23   -41742.683    2752.5592   -44495.242    87.125414   0.91404502 
264000     223.3715   -917.78332    136878.75   -41776.401    2779.1661   -44555.567     87.70418   0.91243887 
266000    225.63371   -795.47464    136433.32   -41776.294    2807.3123   -44583.606    87.739341    0.9154178 
268000     220.6058   -874.24901    136546.04   -41742.822    2744.7556   -44487.578    87.756209    0.9146621 
270000    215.73696   -851.82047    136678.69   -41929.491     2684.178   -44613.669    87.736827   0.91377439 
272000    218.38416   -1079.0888    137031.77   -41920.781    2717.1141   -44637.895    88.010668   0.91141998 
274000     215.6096   -817.51559       136590   -41971.321    2682.5933   -44653.914    87.922979   0.91436777 
276000    220.54122   -829.00949    136922.46   -41757.891    2743.9521   -44501.843    88.418842   0.91214758 
278000    214.94813   -1345.7964    137238.89   -41788.753    2674.3634   -44463.116    88.845874   0.91004448 
280000    226.50263   -908.46446    137029.26   -41777.657    2818.1233   -44595.781    88.732899   0.91143666 
282000    222.55223   -781.62116     136867.3   -41739.767    2768.9728    -44508.74    89.069177   0.91251521 
284000    217.38695   -1121.7688    136860.52   -41798.498     2704.707   -44503.205    89.344692   0.91256037 
286000    218.94236   -1289.9443    137259.31   -41813.907    2724.0591   -44537.967    89.630305   0.90990909 
288000    218.32822   -933.80724     136668.1   -41826.511    2716.4182   -44542.929    89.488529   0.91384521 
290000    219.14198   -759.76603    136396.97   -41838.925    2726.5428   -44565.468    89.343706    0.9156618 
292000    220.25316   -1066.9106    137024.34   -41839.802     2740.368    -44580.17    90.219416   0.91146936 
294000    218.53271   -852.05793    136750.44   -41886.609    2718.9624   -44605.572    90.150079   0.91329497 
296000     217.5025   -1030.5968    136922.09   -41825.427    2706.1446   -44531.572    90.409785   0.91215004 
298000    220.42515   -1137.8689    136923.76   -41800.732    2742.5079    -44543.24    90.426626   0.91213893 
300000    217.50733   -1180.2608     137326.3   -41816.218    2706.2047   -44522.423    90.969198   0.90946522 
302000    221.11638   -1070.8519    136898.42   -41879.693    2751.1081   -44630.801    90.571006   0.91230779 
304000    219.82207   -727.98968    136620.09   -41826.518    2735.0045   -44561.522    90.636131   0.91416635 
306000     223.0009   -919.10146    136754.62   -41800.405    2774.5551    -44574.96    90.844788   0.91326709 
308000     215.2843   -794.15664    136469.71   -41923.434     2678.546    -44601.98    90.780514   0.91517373 
310000    219.13072   -564.19987    136179.52   -41917.597    2726.4028   -44643.999     90.81788   0.91712391 
312000    220.50574    -838.5365    136661.87   -41879.341    2743.5106   -44622.851    91.401872   0.91388688 
314000    220.38873    -865.9841    136851.28   -41872.902    2742.0548   -44614.957    91.514407   0.91262201 
316000    222.25738    -1051.607    136966.18   -41865.282    2765.3043   -44630.586    91.815632   0.91185644 
318000    214.51191   -831.41018    136848.57   -41906.074     2668.936    -44575.01    91.743336   0.91264007 
320000     219.8833   -1172.2157    137108.43   -41905.106    2735.7663   -44640.873    91.978369   0.91091035 
322000     217.6835   -1064.2233    136882.72   -41768.375    2708.3966   -44476.771    92.055765   0.91241243 
324000    220.97764   -990.91116    136376.08   -41749.105    2749.3819   -44498.487    91.881329   0.91580201 
326000    219.35023   -1071.3348    136444.81   -41787.314    2729.1339   -44516.448    92.152978    0.9153407 
328000    216.81105   -1175.7824    136774.04   -41924.378    2697.5417    -44621.92    92.431878   0.91313739 
330000    223.03609   -940.91535    136463.18   -41793.817    2774.9929    -44568.81    91.800615    0.9152175 
332000    224.57261   -714.72252    136640.18   -41771.363    2794.1102   -44565.473    92.306404   0.91403199 
334000    218.62288   -880.92238    136526.69   -41790.601    2720.0842   -44510.685    92.545849   0.91479178 
336000    216.87241   -1065.8159    136807.13   -41831.731    2698.3051   -44530.036    92.697441   0.91291655 
338000    220.32099   -791.26262    136812.88   -41834.599     2741.212   -44575.811    92.706854   0.91287816 
340000    215.28793   -692.42024     136284.2   -41880.133    2678.5912   -44558.724    93.067137   0.91641945 
342000    219.14021   -657.73917    136287.42   -41744.038    2726.5209   -44470.559    92.808366   0.91639782 
344000    225.75261   -1096.3652    137271.36   -41707.398    2808.7917    -44516.19    93.453908   0.90982918 
346000     217.4724   -615.13996    136440.29   -41744.783    2705.7701   -44450.553    92.982376   0.91537102 
348000    219.42306   -774.60732    136617.83   -41819.943      2730.04   -44549.983    93.161775   0.91418148 
350000    223.04064   -523.08433    136629.49   -41674.917    2775.0495   -44449.967    93.454443   0.91410344 
352000    225.06817   -754.83269    136555.76   -41635.843     2800.276   -44436.119    93.736213   0.91459704 
354000    226.77341   -716.00126    136576.67   -41611.966    2821.4924   -44433.458    93.992239   0.91445699 
356000    217.65411   -859.59307    136279.28   -41695.081    2708.0309   -44403.112     94.16547   0.91645256 
358000    222.63477   -606.55506    136340.19   -41683.161    2769.9997   -44453.161    94.493013   0.91604308 
360000    219.63179   -643.80442    136267.48   -41622.027    2732.6371   -44354.664    94.368399   0.91653187 
362000    220.73603    -989.2249    136854.54   -41662.968    2746.3759   -44409.344    94.964527    0.9126003 
364000    219.29667   -1263.8962    137053.49   -41637.748    2728.4674   -44366.216    95.529982   0.91127553 
366000    223.84498   -919.53662     136765.2   -41630.523    2785.0572    -44415.58    95.436541    0.9131964 
368000    216.18563    -988.4666    136366.18   -41684.942    2689.7602   -44374.702    95.455616   0.91586855 
370000    219.19603   -1091.0848    136596.19   -41666.819    2727.2153   -44394.034    96.051621   0.91432633 
372000    220.43114    -1013.316    136604.57   -41606.105    2742.5825   -44348.687    96.079553   0.91427024 
374000    219.70951   -777.53184    136373.81   -41668.918     2733.604   -44402.522     96.12916   0.91581728 
376000     218.0073   -455.33956     136124.9   -41700.564    2712.4252   -44412.989    96.000174   0.91749186 
378000    220.57346   -889.07281    136493.07   -41593.096    2744.3532   -44337.449    96.907819   0.91501706 
380000    221.37408   -794.71934     136356.4   -41612.886    2754.3144   -44367.201    96.840024   0.91593423 
382000    223.65022   -960.26325    136738.79   -41505.547    2782.6339   -44288.181    97.213311   0.91337282 
384000    225.62997   -815.37429    136725.98   -41606.947    2807.2657   -44414.213     97.41002   0.91345838 
386000    224.64998   -971.12584    136842.79   -41579.243    2795.0728   -44374.316    97.645513   0.91267861 
388000    221.19657    -531.4528    136631.95   -41693.333    2752.1059   -44445.439    97.831999   0.91408701 
390000    220.10247   -674.22818    136417.63   -41752.517    2738.4932    -44491.01    97.945038   0.91552312 
392000    215.61034   -779.96128    136493.03   -41770.178    2682.6025    -44452.78    98.107394   0.91501732 
394000    218.25651   -591.13189    136304.89    -41695.64    2715.5259   -44411.166    98.374434   0.91628035 
396000    223.33188   -528.58537    136148.43   -41689.561    2778.6731   -44468.234    98.333902   0.91733335 
398000    213.63224   -985.27574    136523.67   -41727.727    2657.9912   -44385.718    98.670834   0.91481198 
400000    219.94532   -809.62352    136801.57   -41688.889    2736.5379   -44425.427    99.296666   0.91295362 
402000    219.02316   -899.35972    136662.06    -41708.19    2725.0645   -44433.254    99.298399   0.91388561 
404000    218.20499   -871.32812    136699.55   -41691.687    2714.8849   -44406.571    99.743971   0.91363499 
406000    222.78219   -911.55112    136959.65   -41621.041     2771.834   -44392.875    99.618846   0.91189992 
408000    224.83657   -1266.1043    137166.72   -41560.674    2797.3944   -44358.068    100.07169   0.91052326 
410000    219.83744   -819.46913    136585.78   -41685.996    2735.1957   -44421.192    100.16773   0.91439603 
412000    219.56109   -938.47777    136707.64   -41661.664    2731.7574   -44393.421    100.31473   0.91358093 
414000    220.41653   -1078.7021    136739.17   -41682.392    2742.4007   -44424.793    100.54279   0.91337025 
416000    218.48602   -1037.6543     136838.7   -41730.147    2718.3814   -44448.528    100.55717   0.91270591 
418000    217.26246    -955.7322    136563.48   -41624.882    2703.1581   -44328.041    100.72748    0.9145453 
420000    220.59345   -938.56837    136571.57   -41580.746    2744.6019   -44325.348    100.85731   0.91449114 
422000    218.43358   -510.32387    136298.12    -41683.14     2717.729   -44400.869    101.21136   0.91632588 
424000    219.63366   -835.96098    136551.08   -41668.788    2732.6603   -44401.448    101.28002   0.91462835 
426000    219.56664   -816.73763    136311.71   -41717.861    2731.8264   -44449.687    101.27898   0.91623447 
428000    219.96823   -930.31068    136632.64   -41704.286    2736.8229   -44441.109    101.65267   0.91408237 
430000    221.32984   -803.81659    136338.17   -41709.224     2753.764   -44462.988    101.92161   0.91605668 
432000    225.42357    -780.2847    136421.97   -41586.453    2804.6978   -44391.151    102.41454   0.91549397 
434000    219.12526   -922.70272    136633.14   -41614.028    2726.3348   -44340.363    102.78747   0.91407904 
436000    217.31932   -750.23387    136430.49   -41699.838    2703.8654   -44403.704    102.94139    0.9154368 
438000    222.63551   -987.06553    136791.82   -41664.298    2770.0089   -44434.307    103.02048   0.91301871 
440000    218.79047   -897.46977    136761.22     -41660.9    2722.1694    -44383.07    103.13284   0.91322299 
442000    220.64345   -826.90658    136610.11   -41739.097     2745.224   -44484.321     103.2956   0.91423314 
444000    219.63964   -721.79645    136572.43   -41747.431    2732.7346   -44480.166     103.5486   0.91448538 
446000    222.67794   -780.78717    136788.17    -41720.42    2770.5369   -44490.957    103.84559   0.91304309 
448000    218.26452   -782.46399    136686.43    -41750.11    2715.6256   -44465.735    103.96527   0.91372265 
450000    217.28703   -967.78933    136703.95   -41669.804    2703.4637   -44373.268    103.91218   0.91360555 
452000     226.0157   -550.77614    136493.96   -41650.166     2812.065   -44462.231    104.22484   0.91501111 
454000    220.92132   -877.49661    136687.04   -41652.938    2748.6813   -44401.619    104.59278   0.91371862 
456000    217.41786   -769.09398    136496.04   -41647.407    2705.0915   -44352.498    104.59338   0.91499717 
458000    216.09538   -999.37199    136578.91   -41704.645    2688.6374   -44393.282    104.76216   0.91444197 
460000    222.83184   -735.04198    136593.72   -41676.158    2772.4517   -44448.609    105.15595   0.91434288 
462000    216.80801   -557.32557    136183.37   -41779.096    2697.5038     -44476.6     105.1473   0.91709793 
464000    224.49742   -790.04816    136608.03   -41716.537    2793.1747   -44509.712    105.19013   0.91424704 
466000    219.90154   -796.80256    136545.17   -41695.669    2735.9932   -44431.662    105.54161   0.91466797 
468000    220.68923   -951.05905    136831.81   -41704.392    2745.7936   -44450.186    105.83539   0.91275189 
470000     217.1769    -715.5895    136203.35   -41765.548    2702.0935   -44467.641    105.57086    0.9169634 
472000    221.14485   -727.99691    136430.19   -41742.613    2751.4624   -44494.075    106.05648   0.91543882 
474000    221.85545   -695.02779    136315.38   -41695.232    2760.3036   -44455.535    106.07047   0.91620983 
476000     223.3065   -1180.5747     136942.7   -41681.036    2778.3574   -44459.393    106.47886   0.91201279 
478000    217.18907    -916.0024    137153.37   -41764.885    2702.2449    -44467.13    106.65485   0.91061193 
480000    217.68194   -968.27672    137083.94   -41729.729    2708.3772   -44438.106    106.68478   0.91107312 
482000    222.61929   -1155.2693    137003.74   -41677.325    2769.8073   -44447.132    107.03339   0.91160641 
484000    219.84667   -912.80312    136844.66   -41747.149    2735.3105   -44482.459     106.7076   0.91266618 
486000    220.31388   -693.64424     136550.5   -41835.109    2741.1235   -44576.232    106.90413   0.91463223 
488000    216.35553   -686.01698    136368.97   -41730.208    2691.8742   -44422.083     106.7351   0.91584977 
490000     222.6411   -715.82791     136172.3   -41617.754    2770.0786   -44387.832    106.63382   0.91717251 
492000    216.45027   -624.31745     136115.8   -41681.533    2693.0529   -44374.586     106.9704    0.9175532 
494000    218.56719   -800.41503     136495.1   -41723.075    2719.3914   -44442.466    107.22289   0.91500345 
496000    217.54163   -1066.7443    136880.74   -41655.563    2706.6315   -44362.194     107.9604   0.91242558 
498000    219.89948   -839.33272     136548.7   -41736.588    2735.9676   -44472.556    107.83984   0.91464428 
500000    220.29793   -947.46566    136396.65   -41717.159     2740.925   -44458.084    108.09081    0.9156639 
502000    220.87239   -725.76015    136381.98   -41685.628    2748.0724     -44433.7    108.11046   0.91576241 
504000    220.54624   -939.97989    136714.04   -41616.777    2744.0145   -44360.792    108.66417   0.91353814 
506000    219.62202   -952.03229    136724.85   -41669.973    2732.5154   -44402.488    109.11974   0.91346591 
508000    223.26758    -598.7451     136046.1    -41645.21    2777.8731   -44423.083    108.84079   0.91802334 
510000    216.63673   -905.96975    136516.36   -41603.443    2695.3728   -44298.816    109.58797   0.91486096 
512000    221.97081   -924.58479    136361.69   -41636.089    2761.7389   -44397.828    108.87911   0.91589864 
514000    216.33973   -849.06395    136575.02   -41681.644    2691.6775   -44373.322    109.44709   0.91446804 
516000    223.40524   -806.12432    136365.99   -41689.221    2779.5859   -44468.807    109.45644    0.9158698 
518000    220.48664   -576.28504    136273.09   -41674.581     2743.273   -44417.855    109.88858   0.91649417 
520000    219.95063   -769.51537    136509.82   -41681.478     2736.604   -44418.082    110.12033    0.9149048 
522000    219.83554   -1236.2436    137159.64   -41678.782    2735.1721   -44413.954     110.8063   0.91057028 
524000    216.23723   -996.58616    136653.13   -41632.789    2690.4023   -44323.192     110.2821   0.91394532 
526000    220.61751   -672.15092    136327.85   -41625.693    2744.9012   -44370.595    110.45773     0.916126 
528000    225.10803   -583.41219    136042.19   -41604.095    2800.7718   -44404.866    110.23989   0.91804973 
530000    220.09473   -736.75089    136548.75   -41731.246    2738.3969   -44469.643    110.77513   0.91464395 
532000    220.68111   -981.96058    136614.43   -41646.431    2745.6925   -44392.123    111.23074   0.91420423 
534000    219.65205     -787.985    136470.25   -41686.858    2732.8891   -44419.747    111.20346   0.91517012 
536000    220.20145   -751.41099    136503.14   -41645.827    2739.7247   -44385.552    111.78299   0.91494959 
538000    215.74031   -823.83273    136608.76   -41706.132    2684.2196   -44390.351     112.1707   0.91424219 
540000      218.402   -1013.6976    136594.35   -41619.732    2717.3361   -44337.068    112.32592   0.91433861 
542000    217.20139   -960.48882    136921.12   -41608.486    2702.3982   -44310.884    112.63293   0.91215649 
544000    217.71606   -931.58682    136530.59    -41698.12    2708.8017   -44406.921    112.87953   0.91476561 
546000     221.6602   -1134.2648     136956.7    -41618.32    2757.8743   -44376.195    113.20217   0.91191953 
548000    215.96023   -900.37708    136854.64   -41607.116    2686.9559   -44294.072    113.32424    0.9125996 
550000    219.91757    -741.6246    136522.16   -41611.903    2736.1927   -44348.095     113.7247   0.91482214 
552000    222.17209   -1062.8352     136478.1   -41602.048    2764.2431   -44366.291     114.0509   0.91511747 
554000    220.68634   -1148.0843       136861   -41568.649    2745.7577   -44314.407    114.33484   0.91255723 
556000    217.39718   -834.16968    136172.21   -41645.841    2704.8343   -44350.675    114.31491   0.91717314 
558000     219.4617   -994.32889    136465.24   -41624.502    2730.5208   -44355.023    114.73275    0.9152037 
560000    219.71803    -959.5133    136522.02   -41553.432      2733.71   -44287.142    114.93887   0.91482302 
562000    219.83203   -1192.8992    136735.84   -41604.291    2735.1284   -44339.419    115.52194    0.9133925 
564000    219.75977    -738.8483    135907.24   -41622.589    2734.2294   -44356.818    115.41303   0.91896128 
566000    222.48529   -1085.8866    136408.48   -41572.358      2768.14   -44340.498    115.90328   0.91558454 
568000    224.17579   -917.37959    136032.96   -41544.585     2789.173   -44333.758    115.60249   0.91811202 
570000    218.31026   -1061.3086    136401.73   -41575.745    2716.1947   -44291.939     116.3454   0.91562982 
572000     217.1955   -848.69729    136120.93   -41605.938    2702.3249   -44308.263    116.66611   0.91751864 
574000    223.21874   -1102.3268    136837.86   -41509.179    2777.2655   -44286.444    117.57092   0.91271154 
576000    221.51879   -952.58488    136556.08   -41574.725    2756.1149    -44330.84    117.62646    0.9145949 
578000    219.92892   -845.31841    136488.44   -41644.556    2736.3339    -44380.89    117.60966   0.91504811 
580000    220.56996   -817.66224    136411.42   -41661.335    2744.3096   -44405.644    117.90872    0.9155648 
582000    222.79199   -902.97454    136391.89   -41658.285    2771.9559   -44430.241    118.33991   0.91569589 
584000    218.61151    -915.5494    136252.67   -41667.816    2719.9428   -44387.759    118.38509   0.91663153 
586000    222.44451   -838.16103    136547.24   -41696.951    2767.6326   -44464.584    118.64056   0.91465409 
588000    219.37852   -700.10416    136502.63   -41728.745    2729.4859   -44458.231     118.6072   0.91495301 
590000    220.25188   -692.94605    136251.26   -41712.745    2740.3521   -44453.097    118.70682   0.91664097 
592000    220.16999   -659.00892    136280.94   -41698.238    2739.3333   -44437.571    118.84602   0.91644139 
594000    224.13599   -736.28091    136564.42   -41665.438    2788.6778   -44454.116    119.35904     0.914539 
596000    217.88238   -913.51416    136549.62   -41697.927    2710.8711   -44408.798    119.30917   0.91463815 
598000    221.73999   -992.99182    137094.05   -41676.194     2758.867   -44435.061    119.96021   0.91100593 
600000    217.36927   -780.35418    136647.39   -41808.141     2704.487   -44512.628    120.09159   0.91398371 
602000    217.33137    -826.3837    136767.15   -41809.298    2704.0155   -44513.313    120.28978   0.91318342 
604000    221.13762   -886.00634    136748.54   -41672.997    2751.3724   -44424.369    120.51003   0.91330767 
606000    221.36125   -895.44605    136761.07   -41743.063    2754.1548   -44497.217    120.74007   0.91322399 
608000    219.19687   -892.54572    136488.48   -41776.182    2727.2258   -44503.408    120.56241   0.91504786 
610000    220.03834    -1038.257    136987.88   -41767.757    2737.6953   -44505.452    120.91473   0.91171199 
612000    218.52959   -983.19101    136829.59   -41736.832    2718.9236   -44455.756    121.19569   0.91276667 
614000    220.84459   -717.05585    136237.04    -41824.63    2747.7265   -44572.356    120.98675   0.91673665 
616000    218.71046   -988.47649    136599.29   -41612.801     2721.174   -44333.975    121.74431   0.91430554 
618000    218.59725    -1152.141    137041.45   -41690.459    2719.7654   -44410.224    122.68394   0.91135562 
620000    221.70915   -1045.1765    136820.31     -41564.9    2758.4833   -44323.384    122.57398   0.91282859 
622000    221.20306   -1022.1021    136703.96   -41585.632    2752.1866   -44337.819    122.40448   0.91360548 
624000    219.75256   -790.15343    136339.41   -41642.711    2734.1396    -44376.85    122.27695   0.91604833 
626000    218.98302   -879.46509    136432.54   -41636.268    2724.5651   -44360.833    122.68053   0.91542305 
628000    219.51669   -1058.1317    136497.54   -41640.426     2731.205   -44371.631    122.65646   0.91498711 
630000    219.18592   -819.10843    136665.39   -41712.646    2727.0896   -44439.735    122.89999   0.91386334 
632000    219.67834   -615.25023    136174.15   -41706.247    2733.2162   -44439.463    123.15005   0.91716006 
634000    223.73056   -1040.0464    136722.18   -41622.471    2783.6336   -44406.105    123.41422   0.91348377 
636000    219.03662   -622.57381    136148.31   -41689.335     2725.232   -44414.566     123.5178   0.91733411 
638000    216.57063   -836.88559    136466.05   -41710.225    2694.5504   -44404.776     123.6804   0.91519829 
640000    220.27793    -845.1626    136345.17   -41627.089    2740.6762   -44367.765    124.12699   0.91600965 
642000    215.69746   -772.45056    136328.79   -41668.656    2683.6865   -44352.342    124.35056   0.91611974 
644000    217.63931   -411.79995     135704.5   -41692.721    2707.8468   -44400.568    123.86292   0.92033417 
646000    222.41033   -629.99245    135741.82   -41672.389    2767.2073   -44439.596     124.3486   0.92008117 
648000    219.26401   -1123.3269    136631.78   -41654.783    2728.0612   -44382.844    124.60059   0.91408814 
650000    218.66011   -709.12312    136083.36    -41596.04    2720.5475   -44316.587    124.63803   0.91777196 
652000    221.10224   -721.61118    135784.67   -41575.229    2750.9322   -44326.162    124.92348   0.91979083 
654000    222.15237   -699.73932    136003.65   -41556.152    2763.9978    -44320.15    125.34709   0.91830983 
656000     217.3328    -622.9249    135641.49   -41680.487    2704.0332   -44384.521    125.12981   0.92076172 
658000    223.05427   -672.24459    136299.85   -41691.794    2775.2191   -44467.013    126.40836   0.91631421 
660000    222.52231   -880.47152    136551.21   -41648.297    2768.6006   -44416.898    126.60623   0.91462749 
662000    217.51223   -1080.0092     136513.9   -41622.462    2706.2657   -44328.728    127.17754   0.91487744 
664000    219.10244   -890.48796    136247.72   -41611.337    2726.0509   -44337.388    127.13754   0.91666479 
666000    218.06786   -824.13706    136378.66   -41645.919    2713.1788   -44359.098     127.8161   0.91578473 
668000    219.17785   -810.59079    136558.96   -41631.453    2726.9891   -44358.442    127.88898   0.91457558 
670000    221.50574   -939.66856    136330.34   -41659.375    2755.9526   -44415.327     128.1543   0.91610927 
672000    224.16079   -888.45926    136304.36   -41615.924    2788.9864   -44404.911     128.3877    0.9162839 
674000    225.07781   -910.22656    136167.56   -41588.053    2800.3959   -44388.449    128.54883   0.91720446 
676000    224.30806   -1177.2024     136307.5    -41591.02    2790.8187   -44381.838    128.58139   0.91626278 
678000    219.46025   -1030.3012       136509   -41628.156    2730.5027   -44358.659    129.12807   0.91491029 
680000    220.56174   -1103.5863    136944.53   -41642.725    2744.2074   -44386.932    129.81042   0.91200055 
682000    223.52543   -809.28435    136253.51   -41669.826    2781.0813   -44450.908     129.8226   0.91662585 
684000    224.29685   -883.21003    136727.41   -41585.758    2790.6792   -44376.437    130.34925   0.91344879 
686000    221.02283   -624.21602     136288.8   -41677.151    2749.9442   -44427.095     130.1197    0.9163885 
688000     222.2075   -830.39532    136491.11   -41694.571    2764.6837   -44459.254    130.37905    0.9150302 
690000    220.30363   -667.44708    136367.87   -41684.518     2740.996   -44425.514    130.18831   0.91585717 
692000    225.09332   -1066.3166    136819.47   -41591.624    2800.5889   -44392.213    131.06501   0.91283417 
694000     223.4749    -1115.833     136602.2   -41634.997    2780.4527    -44415.45    131.16099   0.91428609 
696000    216.69656   -936.36052    136811.48   -41729.555    2696.1171   -44425.673    131.39993   0.91288753 
698000    219.16282   -870.46695    136476.21   -41691.667    2726.8021    -44418.47     131.6008   0.91513012 
700000    215.23979   -616.80154    136097.82    -41683.48    2677.9922   -44361.472    131.73576   0.91767444 
702000    220.56667    -705.7626    136515.72   -41621.746    2744.2688   -44366.015    132.23434   0.91486528 
704000    218.34309   -910.74644    136173.63   -41556.306    2716.6031   -44272.909    132.46403   0.91716357 
706000    219.84537   -789.58051    136353.98   -41530.811    2735.2943   -44266.105     133.1496   0.91595048 
708000    219.29741   -1162.6331    136447.48   -41624.531    2728.4767   -44353.008    133.73798   0.91532284 
710000    216.57231   -953.17543    136408.14   -41698.866    2694.5712   -44393.437    133.72041   0.91558678 
712000    218.69463   -831.52238    136316.66    -41678.97     2720.977   -44399.947    133.81627    0.9162012 
714000     222.0522    -787.5569    136445.43   -41623.102    2762.7515   -44385.853    134.09003   0.91533656 
716000    217.92431   -945.63526    136989.32   -41646.873    2711.3927   -44358.266    135.10138   0.91170239 
718000    220.10149   -1207.3019    137241.59   -41661.098     2738.481   -44399.579    135.14364   0.91002653 
720000    220.46349   -878.84112    136637.55   -41594.169     2742.985   -44337.154     135.1051   0.91404957 
722000    225.34963   -863.75809    136536.38   -41649.897    2803.7779   -44453.675    134.97427   0.91472687 
724000    213.47169    -945.4217    136641.16   -41627.366    2655.9937    -44283.36    135.34535   0.91402537 
726000    223.15192   -609.30356    135986.14   -41645.758    2776.4342   -44422.192    135.12511   0.91842809 
728000    220.72466   -1112.5871    136779.97   -41640.296    2746.2344   -44386.531    135.94141   0.91309782 
730000    222.53329   -989.17083    136705.37   -41570.822    2768.7373   -44339.559    136.30782   0.91359609 
732000    219.19991   -955.50679    136410.66   -41582.637    2727.2637   -44309.901    136.23926   0.91556985 
734000    221.22932   -842.72583    136440.24    -41631.32    2752.5133   -44383.833    136.65582   0.91537141 
736000    218.72803   -1016.2315    136750.77   -41648.712    2721.3925   -44370.104    136.95699   0.91329281 
738000    222.50748   -959.71158     136799.6   -41584.023    2768.4161    -44352.44    137.69885   0.91296682 
740000    222.16218   -922.62125    136682.34   -41622.685    2764.1199   -44386.805    138.02254   0.91375003 
742000    226.71681   -718.99416     136920.4   -41567.632    2820.7882    -44388.42    138.45102    0.9121613 
744000    223.61774   -854.89656     136609.4   -41595.302    2782.2299   -44377.532    138.44522   0.91423793 
746000    219.80454   -906.46913    136833.53   -41642.414    2734.7864     -44377.2    139.12535    0.9127404 
748000    219.64313    -976.8099    136785.63   -41658.248    2732.7782   -44391.026     139.4196   0.91306003 
750000    219.94712   -1329.8162    137345.51   -41661.276    2736.5603   -44397.836    139.68926   0.90933803 
752000    220.77697     -803.517    136987.78   -41652.026    2746.8852   -44398.911    139.54971   0.91171266 
754000     222.4813   -752.58133    136694.31   -41654.001    2768.0903   -44422.091    139.20345   0.91367003 
756000    221.09565   -825.55789    136633.61   -41683.862    2750.8502   -44434.712    139.58611   0.91407591 
758000     221.3498   -470.69067    136308.42    -41677.31    2754.0124   -44431.322     139.5224   0.91625664 
760000    219.79958   -527.90112    136510.22   -41658.939    2734.7247   -44393.664    140.16376   0.91490215 
762000    220.47343   -794.57759    136526.22   -41725.903    2743.1086   -44469.012    140.06805   0.91479492 
764000    214.83287   -1091.4706     136859.9   -41718.767    2672.9293   -44391.696    140.43727   0.91256456 
766000    217.02842   -788.06603    136470.99   -41714.122    2700.2462   -44414.368    140.37805   0.91516512 
768000    215.81152   -882.30451     136665.5   -41751.876    2685.1055   -44436.981    140.76489    0.9138626 
770000    216.58556    -660.5426    136085.45   -41750.443    2694.7362   -44445.179    140.85981   0.91775783 
772000     218.7149   -549.21886     135940.2   -41728.172    2721.2291   -44449.402    140.63579   0.91873845 
774000    221.02333   -1069.6269    136644.42   -41676.145    2749.9504   -44426.095     141.6554   0.91400362 
776000    216.68069   -1044.0727    136440.19   -41659.691    2695.9198   -44355.611    142.01515   0.91537168 
778000     221.9416   -998.58632     136315.9    -41672.04    2761.3754   -44433.416    141.95603   0.91620633 
780000    218.55601   -702.18848    136044.59   -41698.569    2719.2523   -44417.821    142.00179   0.91803347 
782000    220.44599   -1013.6709    136079.58   -41681.635    2742.7672   -44424.402    142.18749   0.91779748 
784000    219.91845   -1155.3827    136686.67   -41603.029    2736.2036   -44339.232    143.25204   0.91372109 
786000    221.30075   -986.41233    136192.47   -41651.875     2753.402   -44405.277    143.06417   0.91703665 
788000    219.45823   -944.87835    136170.79   -41627.089    2730.4777   -44357.567    143.05273   0.91718272 
790000    217.64713   -830.48778    136197.16   -41730.237    2707.9441   -44438.181    143.84433   0.91700511 
792000    218.01824   -1014.7709    136102.66   -41746.315    2712.5614   -44458.876     143.7511   0.91764178 
794000    220.62594   -962.31836    136225.52   -41668.736    2745.0061   -44413.742    143.95717   0.91681422 
796000    222.09032   -1122.3929    136421.31   -41658.267    2763.2258   -44421.493    144.56875   0.91549837 
798000    221.25691   -830.30799    136034.87     -41625.4    2752.8566   -44378.256    144.18132   0.91809908 
