# Radial distribution function (200 data points):
# "Pair separation distance" g(r)
0.025 0.0 
0.075 0.0 
0.125 0.0 
0.175 0.0 
0.225 0.0 
0.275 0.0 
0.325 0.0 
0.375 0.0 
0.425 0.0 
0.475 0.0 
0.525 0.0 
0.575 0.0 
0.625 0.0 
0.675 0.0 
0.725 0.0 
0.775 0.0 
0.825 0.0 
0.875 0.0 
0.925 0.0 
0.975 0.0 
1.025 0.0 
1.075 0.0 
1.125 0.0 
1.175 0.0 
1.225 0.0 
1.275 0.0 
1.325 0.0 
1.375 0.0 
1.425 0.0 
1.475 0.0 
1.525 0.0 
1.575 0.0 
1.625 0.0 
1.675 0.0 
1.725 0.0 
1.775 0.0 
1.825 0.0 
1.875 0.0 
1.925 0.0 
1.975 0.0 
2.025 0.0 
2.075 0.0 
2.125 0.0 
2.175 0.0 
2.225 0.0 
2.275 0.0 
2.325 0.0 
2.375 0.0042968655 
2.425 0.0288505565 
2.475 0.0949600843 
2.525 0.2585038308 
2.575 0.676236554 
2.625 1.4913828244 
2.675 2.5573004866 
2.725 3.3521255207 
2.775 3.9154139395 
2.825 3.54723228 
2.875 3.0994409708 
2.925 2.2861580177 
2.975 1.5910616068 
3.025 1.1627836092 
3.075 0.8228113051 
3.125 0.5311283601 
3.175 0.4327839008 
3.225 0.3495571167 
3.275 0.3118480758 
3.325 0.3091168336 
3.375 0.2978979844 
3.425 0.2231464168 
3.475 0.2729711972 
3.525 0.2457763258 
3.575 0.3394602181 
3.625 0.2822042502 
3.675 0.3840496855 
3.725 0.3668218919 
3.775 0.4337055163 
3.825 0.5102425589 
3.875 0.5536556132 
3.925 0.6434771644 
3.975 0.8037968896 
4.025 0.8826930028 
4.075 0.9618775009 
4.125 1.0526554463 
4.175 1.2598100652 
4.225 1.3917473297 
4.275 1.4429348843 
4.325 1.6170838929 
4.375 1.6702403849 
4.425 1.7156436451 
4.475 1.7549810498 
4.525 1.6856345718 
4.575 1.6385698021 
4.625 1.648657019 
4.675 1.5237523521 
4.725 1.5416141664 
4.775 1.4170150271 
4.825 1.4127859017 
4.875 1.2217962769 
4.925 1.2031099363 
4.975 1.2084268338 
5.025 1.0712319216 
5.075 1.0238782459 
5.125 0.948630223 
5.175 0.9285778085 
5.225 0.9135545765 
5.275 0.9224499402 
5.325 0.8812746479 
5.375 0.8532099481 
5.425 0.8457907103 
5.475 0.8490104977 
5.525 0.7670163545 
5.575 0.7728158604 
5.625 0.8089301669 
5.675 0.8436573568 
5.725 0.8097582905 
5.775 0.7914367564 
5.825 0.8107675571 
5.875 0.7626170111 
5.925 0.83886489 
5.975 0.7950117876 
6.025 0.8506440323 
6.075 0.8373561129 
6.125 0.848291577 
6.175 0.8943609472 
6.225 0.8813024414 
6.275 0.8802404173 
6.325 0.9112122328 
6.375 0.9148666189 
6.425 0.9752505483 
6.475 0.9995587291 
6.525 0.9945457694 
6.575 1.0226481882 
6.625 1.0227327948 
6.675 1.0498995867 
6.725 1.0520315108 
6.775 1.068243697 
6.825 1.1270578934 
6.875 1.0825200291 
6.925 1.0765474777 
6.975 1.0796019347 
7.025 1.0574128062 
7.075 1.0430041334 
7.125 1.0074093148 
7.175 1.055094392 
7.225 0.992252296 
7.275 0.9846134898 
7.325 0.9798004491 
7.375 0.9340294978 
7.425 0.9966713847 
7.475 0.9573557419 
7.525 0.9836270071 
7.575 0.9406940398 
7.625 0.9275637968 
7.675 0.9525498601 
7.725 0.9991521822 
7.775 0.9763189074 
7.825 0.9975286943 
7.875 0.979039407 
7.925 0.9883360178 
7.975 0.9843660495 
8.025 1.0485391521 
8.075 1.0285318293 
8.125 1.0397769021 
8.175 1.0394278191 
8.225 1.0476090562 
8.275 1.0795867348 
8.325 1.0659582602 
8.375 1.0439382979 
8.425 1.0739265579 
8.475 1.0278843459 
8.525 1.1002397258 
8.575 1.0732723345 
8.625 1.0670552504 
8.675 1.0583331907 
8.725 1.0573818277 
8.775 1.0415889606 
8.825 1.0643648963 
8.875 1.0742540586 
8.925 1.0543399921 
8.975 1.0203584808 
9.025 1.0111669565 
9.075 1.0050585639 
9.125 1.0028071455 
9.175 0.9950743685 
9.225 0.9777661929 
9.275 0.9971183319 
9.325 1.0137703988 
9.375 0.9767872927 
9.425 0.9577196688 
9.475 0.9368392035 
9.525 0.9665684676 
9.575 0.963902571 
9.625 0.927489097 
9.675 0.970232472 
9.725 0.9664321793 
9.775 0.9573317075 
9.825 0.9669465979 
9.875 0.9459946363 
9.925 0.9298437345 
9.975 0.9529435054 
