# Radial distribution function (200 data points):
# "Pair separation distance" g(r)
0.025 0.0 
0.075 0.0 
0.125 0.0 
0.175 0.0 
0.225 0.0 
0.275 0.0 
0.325 0.0 
0.375 0.0 
0.425 0.0 
0.475 0.0 
0.525 0.0 
0.575 0.0 
0.625 0.0 
0.675 0.0 
0.725 0.0 
0.775 0.0 
0.825 0.0 
0.875 0.0 
0.925 0.0 
0.975 0.0 
1.025 0.0 
1.075 0.0 
1.125 0.0 
1.175 0.0 
1.225 0.0 
1.275 0.0 
1.325 0.0 
1.375 0.0 
1.425 0.0 
1.475 0.0 
1.525 0.0 
1.575 0.0 
1.625 0.0 
1.675 0.0 
1.725 0.0 
1.775 0.0 
1.825 0.0 
1.875 0.0 
1.925 0.0 
1.975 0.0 
2.025 0.0 
2.075 0.0 
2.125 0.0 
2.175 0.0 
2.225 0.0 
2.275 0.0 
2.325 0.0 
2.375 0.0085531022 
2.425 0.0123060682 
2.475 0.0905731754 
2.525 0.2383639251 
2.575 0.7057819586 
2.625 1.4738296342 
2.675 2.5586948423 
2.725 3.1478607616 
2.775 3.4896703325 
2.825 3.6181189749 
2.875 3.0235005076 
2.925 2.4219645521 
2.975 1.6244226321 
3.025 1.231099542 
3.075 0.8878025126 
3.125 0.622483963 
3.175 0.4857765408 
3.225 0.4406790439 
3.275 0.3643517879 
3.325 0.3578403415 
3.375 0.3303741323 
3.425 0.3269679575 
3.475 0.2876618813 
3.525 0.3203283338 
3.575 0.3057685246 
3.625 0.372657671 
3.675 0.3840201461 
3.725 0.3616106352 
3.775 0.4299623128 
3.825 0.4451758901 
3.875 0.543005459 
3.925 0.62007886 
3.975 0.7343481732 
4.025 0.8993661113 
4.075 0.977667828 
4.125 1.1426645482 
4.175 1.2234072486 
4.225 1.4378714728 
4.275 1.5060708063 
4.325 1.6017010858 
4.375 1.608150786 
4.425 1.6989086595 
4.475 1.759934696 
4.525 1.6764872268 
4.575 1.6573311807 
4.625 1.5619207846 
4.675 1.5320009358 
4.725 1.5191986892 
4.775 1.4272437974 
4.825 1.2786555635 
4.875 1.2637269258 
4.925 1.1735530923 
4.975 1.0886800938 
5.025 1.1196668777 
5.075 1.0227840976 
5.125 0.9423085057 
5.175 0.9097754675 
5.225 0.9516488657 
5.275 0.902483945 
5.325 0.8890185237 
5.375 0.8391564316 
5.425 0.8073662779 
5.475 0.8297061984 
5.525 0.8021128026 
5.575 0.8304778579 
5.625 0.8691482757 
5.675 0.7745026933 
5.725 0.8081380069 
5.775 0.8274776436 
5.825 0.7699647895 
5.875 0.8233108937 
5.925 0.7909207538 
5.975 0.8297685075 
6.025 0.8120664077 
6.075 0.8301291024 
6.125 0.8346358391 
6.175 0.9059488039 
6.225 0.8690430816 
6.275 0.8705651034 
6.325 0.9635857933 
6.375 0.9514979403 
6.425 0.9490181181 
6.475 1.0207252228 
6.525 0.9847444678 
6.575 1.0217194754 
6.625 1.0827528466 
6.675 1.0319419326 
6.725 1.114265789 
6.775 1.0731788427 
6.825 1.0834063109 
6.875 1.0478004118 
6.925 1.1122034427 
6.975 1.043755438 
7.025 1.0661004084 
7.075 1.0400008136 
7.125 1.0073984446 
7.175 1.0121505548 
7.225 1.0041977058 
7.275 1.025537978 
7.325 0.999895867 
7.375 0.9655386231 
7.425 0.981020281 
7.475 0.975711358 
7.525 0.9299852575 
7.575 0.9543242083 
7.625 0.9845854661 
7.675 0.9644274031 
7.725 0.9730037915 
7.775 0.9920550378 
7.825 0.99793431 
7.875 1.0576538591 
7.925 1.0001794616 
7.975 1.0020904929 
8.025 0.9975085205 
8.075 0.9966624047 
8.125 0.9994156722 
8.175 1.0117731635 
8.225 1.061911875 
8.275 1.0325603087 
8.325 1.0389902695 
8.375 1.0761469433 
8.425 1.0426803671 
8.475 1.0740752782 
8.525 1.0469082046 
8.575 1.0718069806 
8.625 1.0795215244 
8.675 1.0805764989 
8.725 1.0371722301 
8.775 1.0824044301 
8.825 1.0782274102 
8.875 1.0183350973 
8.925 1.0478411459 
8.975 1.0194277428 
9.025 1.0049055905 
9.075 0.9821461579 
9.125 1.0157387328 
9.175 0.984352062 
9.225 1.0088604801 
9.275 0.9823091369 
9.325 0.9945517209 
9.375 0.9669544037 
9.425 0.9844217698 
9.475 0.9635799946 
9.525 0.9649236187 
9.575 0.9740803824 
9.625 0.9647675643 
9.675 0.950955921 
9.725 0.9600776788 
9.775 0.9303362596 
9.825 0.959876118 
9.875 0.9405327244 
9.925 0.9697731847 
9.975 0.9792285561 
