# Radial distribution function (200 data points):
# "Pair separation distance" g(r)
0.025 0.0 
0.075 0.0 
0.125 0.0 
0.175 0.0 
0.225 0.0 
0.275 0.0 
0.325 0.0 
0.375 0.0 
0.425 0.0 
0.475 0.0 
0.525 0.0 
0.575 0.0 
0.625 0.0 
0.675 0.0 
0.725 0.0 
0.775 0.0 
0.825 0.0 
0.875 0.0 
0.925 0.0 
0.975 0.0 
1.025 0.0 
1.075 0.0 
1.125 0.0 
1.175 0.0 
1.225 0.0 
1.275 0.0 
1.325 0.0 
1.375 0.0 
1.425 0.0 
1.475 0.0 
1.525 0.0 
1.575 0.0 
1.625 0.0 
1.675 0.0 
1.725 0.0 
1.775 0.0 
1.825 0.0 
1.875 0.0 
1.925 0.0 
1.975 0.0 
2.025 0.0 
2.075 0.0 
2.125 0.0 
2.175 0.0 
2.225 0.0 
2.275 0.0 
2.325 0.0 
2.375 0.0 
2.425 0.0082447986 
2.475 0.0989381437 
2.525 0.2547573794 
2.575 0.7531613659 
2.625 1.3826419534 
2.675 2.5680171206 
2.725 3.3397915541 
2.775 3.887927514 
2.825 3.4963589148 
2.875 2.9739950189 
2.925 2.4198279055 
2.975 1.6544044967 
3.025 1.1895278693 
3.075 0.853755178 
3.125 0.5659974373 
3.175 0.4833798569 
3.225 0.3566253572 
3.275 0.3119155082 
3.325 0.2916413392 
3.375 0.2404982231 
3.425 0.2562605457 
3.475 0.2609847721 
3.525 0.2750948844 
3.575 0.2598665146 
3.625 0.293334499 
3.675 0.3392574115 
3.725 0.3826255493 
3.775 0.4099828665 
3.825 0.4821840628 
3.875 0.5828364291 
3.925 0.6231590646 
3.975 0.7441331848 
4.025 0.8424807117 
4.075 0.9985834246 
4.125 1.0642809895 
4.175 1.2447834656 
4.225 1.4110616165 
4.275 1.4432468973 
4.325 1.5668887642 
4.375 1.7427958544 
4.425 1.7420148489 
4.475 1.7735194402 
4.525 1.6682392433 
4.575 1.7686481474 
4.625 1.6195466081 
4.675 1.6216940692 
4.725 1.4757089268 
4.775 1.5502285467 
4.825 1.3214539284 
4.875 1.2618437428 
4.925 1.2143643358 
4.975 1.1048624146 
5.025 1.0493814251 
5.075 0.9873901901 
5.125 0.9848320219 
5.175 0.9486939301 
5.225 0.9102001185 
5.275 0.8686321605 
5.325 0.8840300946 
5.375 0.8223466599 
5.425 0.8624482561 
5.475 0.8556641336 
5.525 0.8370704448 
5.575 0.8229031621 
5.625 0.8228966499 
5.675 0.8001799211 
5.725 0.8128920494 
5.775 0.7705274255 
5.825 0.8009400539 
5.875 0.8147578472 
5.925 0.7375320405 
5.975 0.7890721229 
6.025 0.8140967794 
6.075 0.7987805562 
6.125 0.8620454378 
6.175 0.8634007056 
6.225 0.8696063049 
6.275 0.8927444729 
6.325 0.8962595137 
6.375 0.9263983593 
6.425 0.9660650542 
6.475 0.979536511 
6.525 0.9828031963 
6.575 1.0284771567 
6.625 1.0428385793 
6.675 1.0800524996 
6.725 1.0747729438 
6.775 1.1086151119 
6.825 1.1267811496 
6.875 1.085831571 
6.925 1.0843632246 
6.975 1.0962795761 
7.025 1.0502728438 
7.075 1.0800381422 
7.125 1.031982121 
7.175 1.0284803338 
7.225 0.9952533794 
7.275 0.979787751 
7.325 0.9578728033 
7.375 0.9952952612 
7.425 0.9625873066 
7.475 0.9354351161 
7.525 0.9354611611 
7.575 0.9582197658 
7.625 0.9490299788 
7.675 0.9651025626 
7.725 0.9384311464 
7.775 0.9596863827 
7.825 0.9846786945 
7.875 0.9944969353 
7.925 0.9985857685 
7.975 1.0154542006 
8.025 1.0427428197 
8.075 1.0700233773 
8.125 1.083335144 
8.175 1.0070047319 
8.225 1.0170168923 
8.275 1.0684909184 
8.325 1.0238630228 
8.375 1.0673215944 
8.425 1.0844051261 
8.475 1.059834129 
8.525 1.0387654923 
8.575 1.0715262113 
8.625 1.052295098 
8.675 1.0669377585 
8.725 1.0477381658 
8.775 1.0345728087 
8.825 1.0851398659 
8.875 1.0492477705 
8.925 1.0463505644 
8.975 1.0401419735 
9.025 1.0331134311 
9.075 1.0208775391 
9.125 1.0525200914 
9.175 0.9944255717 
9.225 0.9831053793 
9.275 1.0057883146 
9.325 0.9579511424 
9.375 0.9750676812 
9.425 0.9603829837 
9.475 0.9859191764 
9.525 0.9796037087 
9.575 0.937403592 
9.625 0.958569026 
9.675 0.9644854588 
9.725 0.9515173615 
9.775 0.9517031595 
9.825 0.942292426 
9.875 0.970562704 
9.925 0.9403813649 
9.975 0.9421854214 
