# Radial distribution function (200 data points):
# "Pair separation distance" g(r)
0.025 0.0 
0.075 0.0 
0.125 0.0 
0.175 0.0 
0.225 0.0 
0.275 0.0 
0.325 0.0 
0.375 0.0 
0.425 0.0 
0.475 0.0 
0.525 0.0 
0.575 0.0 
0.625 0.0 
0.675 0.0 
0.725 0.0 
0.775 0.0 
0.825 0.0 
0.875 0.0 
0.925 0.0 
0.975 0.0 
1.025 0.0 
1.075 0.0 
1.125 0.0 
1.175 0.0 
1.225 0.0 
1.275 0.0 
1.325 0.0 
1.375 0.0 
1.425 0.0 
1.475 0.0 
1.525 0.0 
1.575 0.0 
1.625 0.0 
1.675 0.0 
1.725 0.0 
1.775 0.0 
1.825 0.0 
1.875 0.0 
1.925 0.0 
1.975 0.0 
2.025 0.0 
2.075 0.0 
2.125 0.0 
2.175 0.0 
2.225 0.0 
2.275 0.0 
2.325 0.0 
2.375 0.0 
2.425 0.0123096178 
2.475 0.0669647002 
2.525 0.2422173243 
2.575 0.7751284471 
2.625 1.4917637087 
2.675 2.2862918137 
2.725 3.2430043257 
2.775 3.4624757315 
2.825 3.5738096688 
2.875 2.9689063117 
2.925 2.4283038017 
2.975 1.9329661853 
3.025 1.276282753 
3.075 0.8906104824 
3.125 0.6943192336 
3.175 0.4284683831 
3.225 0.4268859588 
3.275 0.3577076798 
3.325 0.2706402503 
3.375 0.3177590628 
3.425 0.3044353187 
3.475 0.3377005582 
3.525 0.3281885044 
3.575 0.3870409115 
3.625 0.343384655 
3.675 0.3626910478 
3.725 0.3686709945 
3.775 0.4300863309 
3.825 0.5327158806 
3.875 0.5592319674 
3.925 0.7220676937 
3.975 0.8384063068 
4.025 0.9368616799 
4.075 1.0433402304 
4.125 1.0564896187 
4.175 1.1836141505 
4.225 1.3206819821 
4.275 1.4774577891 
4.325 1.5092840606 
4.375 1.6098753101 
4.425 1.6008113857 
4.475 1.6182573923 
4.525 1.6687214627 
4.575 1.68201923 
4.625 1.5634993702 
4.675 1.5578363304 
4.725 1.4212820095 
4.775 1.3884981303 
4.825 1.3681622199 
4.875 1.302674145 
4.925 1.1858294719 
4.975 1.12214165 
5.025 1.1429247793 
5.075 0.9621815429 
5.125 0.9802467691 
5.175 0.9442769318 
5.225 0.8935882226 
5.275 0.8819317093 
5.325 0.8867220093 
5.375 0.8527620353 
5.425 0.7813624305 
5.475 0.7768161254 
5.525 0.8300112037 
5.575 0.8128608583 
5.625 0.8106764102 
5.675 0.7867141151 
5.725 0.8216230912 
5.775 0.8161398689 
5.825 0.7687645567 
5.875 0.8074689018 
5.925 0.8454501569 
5.975 0.8279801391 
6.025 0.8481960853 
6.075 0.8571757179 
6.125 0.9011264177 
6.175 0.8973505192 
6.225 0.948999765 
6.275 0.899005896 
6.325 0.9560225352 
6.375 0.9499911565 
6.425 0.977934279 
6.475 1.0544013421 
6.525 1.0127997365 
6.575 1.046015605 
6.625 1.0698704529 
6.675 1.0132845039 
6.725 1.054829521 
6.775 1.1160704465 
6.825 1.082682748 
6.875 1.0302343522 
6.925 1.081327275 
6.975 1.0911754377 
7.025 1.0727643114 
7.075 1.0161974362 
7.125 1.0295539685 
7.175 1.0363473913 
7.225 0.9638086229 
7.275 0.9861682108 
7.325 0.9691533794 
7.375 0.95960608 
7.425 0.9502271842 
7.475 0.9712423844 
7.525 0.9588045715 
7.575 0.933573053 
7.625 0.9836243653 
7.675 0.9692116378 
7.725 0.9987588605 
7.775 0.9675925318 
7.825 0.9946753714 
7.875 0.9945358664 
7.925 1.0027731786 
7.975 0.9951709014 
8.025 0.9891783993 
8.075 1.0243345479 
8.125 1.0139593193 
8.175 0.9997887913 
8.225 1.0411735545 
8.275 1.0300390116 
8.325 1.0274521469 
8.375 1.0809296846 
8.425 1.0718772695 
8.475 1.0394457317 
8.525 1.0561748777 
8.575 1.0498008896 
8.625 1.0924833916 
8.675 1.0222104768 
8.725 1.0564901155 
8.775 1.0726885826 
8.825 1.0407384462 
8.875 1.055697724 
8.925 1.0332997356 
8.975 1.0454844398 
9.025 1.0558551624 
9.075 1.0296024692 
9.125 1.0302318129 
9.175 0.9955286133 
9.225 0.9841991488 
9.275 0.972774964 
9.325 0.9881785816 
9.375 0.9710769864 
9.425 0.9893236462 
9.475 0.9453118619 
9.525 0.9745108601 
9.575 0.9775197293 
9.625 0.9434267308 
9.675 0.96875966 
9.725 0.9792351134 
9.775 0.9528279989 
9.825 0.9551534894 
9.875 0.9583729446 
9.925 0.9546202457 
9.975 0.9521070074 
