# Radial distribution function (200 data points):
# "Pair separation distance" g(r)
0.025 0.0 
0.075 0.0 
0.125 0.0 
0.175 0.0 
0.225 0.0 
0.275 0.0 
0.325 0.0 
0.375 0.0 
0.425 0.0 
0.475 0.0 
0.525 0.0 
0.575 0.0 
0.625 0.0 
0.675 0.0 
0.725 0.0 
0.775 0.0 
0.825 0.0 
0.875 0.0 
0.925 0.0 
0.975 0.0 
1.025 0.0 
1.075 0.0 
1.125 0.0 
1.175 0.0 
1.225 0.0 
1.275 0.0 
1.325 0.0 
1.375 0.0 
1.425 0.0 
1.475 0.0 
1.525 0.0 
1.575 0.0 
1.625 0.0 
1.675 0.0 
1.725 0.0 
1.775 0.0 
1.825 0.0 
1.875 0.0 
1.925 0.0 
1.975 0.0 
2.025 0.0 
2.075 0.0 
2.125 0.0 
2.175 0.0 
2.225 0.0 
2.275 0.0 
2.325 0.0 
2.375 0.0 
2.425 0.0041053559 
2.475 0.0827644448 
2.525 0.2764239013 
2.575 0.6699453835 
2.625 1.3699184012 
2.675 2.3077330652 
2.725 3.1731770738 
2.775 3.6429909441 
2.825 3.5847576215 
2.875 3.0113532846 
2.925 2.5283394524 
2.975 1.7075752768 
3.025 1.3455480723 
3.075 0.8604383917 
3.125 0.6798499554 
3.175 0.5077256615 
3.225 0.3922909193 
3.275 0.369149676 
3.325 0.3690497448 
3.375 0.320045067 
3.425 0.3478143755 
3.475 0.36186881 
3.525 0.3613908128 
3.575 0.321128934 
3.625 0.3398900953 
3.675 0.3718190498 
3.725 0.4454208869 
3.775 0.4438648131 
3.825 0.4735899977 
3.875 0.5820346219 
3.925 0.6566266658 
3.975 0.7807834439 
4.025 0.862841246 
4.075 1.0177170562 
4.125 1.0996086998 
4.175 1.2354819128 
4.225 1.2618648308 
4.275 1.3936860678 
4.325 1.5939679504 
4.375 1.5199030728 
4.425 1.6780953817 
4.475 1.6311612171 
4.525 1.615357562 
4.575 1.6529105767 
4.625 1.6015642993 
4.675 1.6293498235 
4.725 1.4479800774 
4.775 1.3384003505 
4.825 1.3253238697 
4.875 1.2627220645 
4.925 1.1635578999 
4.975 1.1198033184 
5.025 1.0593847888 
5.075 1.0311141978 
5.125 1.0009822661 
5.175 0.9213327242 
5.225 0.9294296012 
5.275 0.8659085932 
5.325 0.8659009691 
5.375 0.8348243483 
5.425 0.8408354121 
5.475 0.8311858088 
5.525 0.8130462925 
5.575 0.8513489161 
5.625 0.8332290694 
5.675 0.8418503619 
5.725 0.7992187857 
5.775 0.8476955295 
5.825 0.8203977661 
5.875 0.8407672611 
5.925 0.8039423598 
5.975 0.8473491638 
6.025 0.8759087561 
6.075 0.879212675 
6.125 0.9247660086 
6.175 0.8826248788 
6.225 0.9146073707 
6.275 0.9111266277 
6.325 0.9474712025 
6.375 0.9570235475 
6.425 0.9515438024 
6.475 0.9904588369 
6.525 1.0070928024 
6.575 1.0018864875 
6.625 1.0649303738 
6.675 1.0246525988 
6.725 1.0794045915 
6.775 1.0940381148 
6.825 1.0848049602 
6.875 1.0690834264 
6.925 1.0174534744 
6.975 1.0500623026 
7.025 1.0439738308 
7.075 1.0172122265 
7.125 0.9958521046 
7.175 0.987648677 
7.225 1.0003886854 
7.275 0.9789301411 
7.325 1.0065578208 
7.375 0.9463486684 
7.425 0.9713073441 
7.475 0.9911949669 
7.525 0.9929893028 
7.575 0.9365867223 
7.625 0.9496741138 
7.675 0.9688997765 
7.725 1.011823792 
7.775 0.9740902492 
7.825 0.985733523 
7.875 0.9705309342 
7.925 0.9717773559 
7.975 1.0006271621 
8.025 1.0099405087 
8.075 1.0363492482 
8.125 1.0111991912 
8.175 0.9804436873 
8.225 1.0688416378 
8.275 1.0252900996 
8.325 1.0569038366 
8.375 1.0663509983 
8.425 1.0605342652 
8.475 1.0699060738 
8.525 1.069684097 
8.575 1.0782596369 
8.625 1.0836441308 
8.675 1.0599601971 
8.725 1.0497493678 
8.775 1.0647850481 
8.825 1.0341538185 
8.875 1.0415381693 
8.925 1.0362658903 
8.975 1.0574217193 
9.025 1.0332883636 
9.075 1.020467893 
9.125 1.0081555507 
9.175 1.0121109547 
9.225 0.9810267823 
9.275 0.9968590514 
9.325 0.9542683029 
9.375 0.9836722652 
9.425 0.990385606 
9.475 0.9761956492 
9.525 0.9736909452 
9.575 0.9351080764 
9.625 0.9629454325 
9.675 0.9757153 
9.725 0.9894486938 
9.775 0.9583806828 
9.825 0.9661584144 
9.875 0.9474864626 
9.925 0.9409051606 
9.975 0.946782528 
