# Radial distribution function (200 data points):
# "Pair separation distance" g(r)
0.025 0.0 
0.075 0.0 
0.125 0.0 
0.175 0.0 
0.225 0.0 
0.275 0.0 
0.325 0.0 
0.375 0.0 
0.425 0.0 
0.475 0.0 
0.525 0.0 
0.575 0.0 
0.625 0.0 
0.675 0.0 
0.725 0.0 
0.775 0.0 
0.825 0.0 
0.875 0.0 
0.925 0.0 
0.975 0.0 
1.025 0.0 
1.075 0.0 
1.125 0.0 
1.175 0.0 
1.225 0.0 
1.275 0.0 
1.325 0.0 
1.375 0.0 
1.425 0.0 
1.475 0.0 
1.525 0.0 
1.575 0.0 
1.625 0.0 
1.675 0.0 
1.725 0.0 
1.775 0.0 
1.825 0.0 
1.875 0.0 
1.925 0.0 
1.975 0.0 
2.025 0.0 
2.075 0.0 
2.125 0.0 
2.175 0.0 
2.225 0.0 
2.275 0.0 
2.325 0.0 
2.375 0.0 
2.425 0.0165181647 
2.475 0.0792876397 
2.525 0.2894791623 
2.575 0.7105166979 
2.625 1.5964933982 
2.675 2.4604721893 
2.725 3.3717404687 
2.775 3.8252845599 
2.825 3.6028329989 
2.875 3.0261555746 
2.925 2.3360287858 
2.975 1.7423292732 
3.025 1.1544344608 
3.075 0.7550716986 
3.125 0.5744382395 
3.175 0.4312183835 
3.225 0.3572431948 
3.275 0.2581157335 
3.325 0.2635909127 
3.375 0.2984786069 
3.425 0.2318621341 
3.475 0.2332821717 
3.525 0.306841996 
3.575 0.3116200173 
3.625 0.3067791584 
3.675 0.3668169979 
3.725 0.332533342 
3.775 0.376610725 
3.825 0.3967066757 
3.875 0.5450309095 
3.925 0.6573422252 
3.975 0.814585262 
4.025 0.9578647137 
4.075 0.9710644953 
4.125 1.1703110352 
4.175 1.1995702098 
4.225 1.3944599358 
4.275 1.49092686 
4.325 1.6124461 
4.375 1.5719949101 
4.425 1.694182531 
4.475 1.6868528664 
4.525 1.7067105729 
4.575 1.7125391508 
4.625 1.7165828058 
4.675 1.6011693991 
4.725 1.4597736107 
4.775 1.4495996518 
4.825 1.3592100117 
4.875 1.2987727688 
4.925 1.2154669595 
4.975 1.1097200941 
5.025 1.0511994317 
5.075 1.0494463202 
5.125 1.0004070589 
5.175 0.9249468035 
5.225 0.9411317713 
5.275 0.8867193776 
5.325 0.8538732615 
5.375 0.8363800838 
5.425 0.8482643713 
5.475 0.8174488208 
5.525 0.8051070964 
5.575 0.779791609 
5.625 0.8166470276 
5.675 0.7812065665 
5.725 0.8802445989 
5.775 0.7944356622 
5.825 0.8488497673 
5.875 0.8154657846 
5.925 0.820438578 
5.975 0.8088056416 
6.025 0.8201901438 
6.075 0.8231954559 
6.125 0.8473556305 
6.175 0.8769974173 
6.225 0.8297506658 
6.275 0.8782555482 
6.325 0.9129882448 
6.375 0.8933450987 
6.425 0.8983203791 
6.475 0.9922390851 
6.525 1.0061809591 
6.575 1.0487968675 
6.625 1.0783970305 
6.675 1.052490959 
6.725 1.108853442 
6.775 1.0809073431 
6.825 1.0802472468 
6.875 1.0676745603 
6.925 1.0761137065 
6.975 1.0677293276 
7.025 1.0889992841 
7.075 1.0445518552 
7.125 1.0390321173 
7.175 0.9873345414 
7.225 1.0067473408 
7.275 0.9654253571 
7.325 0.9482170362 
7.375 0.9671045139 
7.425 0.9585284436 
7.475 0.9757375148 
7.525 0.9297910092 
7.575 0.9721534347 
7.625 0.9987090716 
7.675 0.984089925 
7.725 0.9941814269 
7.775 1.0067449166 
7.825 0.9772624328 
7.875 1.0103173077 
7.925 1.0397561329 
7.975 0.9939213805 
8.025 0.9992980909 
8.075 0.9899407407 
8.125 1.0579897074 
8.175 1.0280085857 
8.225 1.0704716234 
8.275 1.0660861981 
8.325 1.0512164194 
8.375 1.0688244475 
8.425 1.0274363088 
8.475 1.0501744519 
8.525 1.0362210653 
8.575 1.0667771515 
8.625 1.0701143708 
8.675 1.0368387676 
8.725 1.0648659575 
8.775 1.0615962046 
8.825 1.0658157639 
8.875 0.9909429931 
8.925 1.034443905 
8.975 1.0446573688 
9.025 1.0572650358 
9.075 1.0108509372 
9.125 1.0307192405 
9.175 1.0097072963 
9.225 1.0170552673 
9.275 0.9716786234 
9.325 0.9682684722 
9.375 0.9770332528 
9.425 0.9530250527 
9.475 0.9654455246 
9.525 0.9558715926 
9.575 0.9641919524 
9.625 0.9557732737 
9.675 0.9236081465 
9.725 0.9441785374 
9.775 0.9965590423 
9.825 0.9587680744 
9.875 0.9535663143 
9.925 0.971348208 
9.975 0.9792078291 
