# Radial distribution function (200 data points):
# "Pair separation distance" g(r)
0.025 0.0 
0.075 0.0 
0.125 0.0 
0.175 0.0 
0.225 0.0 
0.275 0.0 
0.325 0.0 
0.375 0.0 
0.425 0.0 
0.475 0.0 
0.525 0.0 
0.575 0.0 
0.625 0.0 
0.675 0.0 
0.725 0.0 
0.775 0.0 
0.825 0.0 
0.875 0.0 
0.925 0.0 
0.975 0.0 
1.025 0.0 
1.075 0.0 
1.125 0.0 
1.175 0.0 
1.225 0.0 
1.275 0.0 
1.325 0.0 
1.375 0.0 
1.425 0.0 
1.475 0.0 
1.525 0.0 
1.575 0.0 
1.625 0.0 
1.675 0.0 
1.725 0.0 
1.775 0.0 
1.825 0.0 
1.875 0.0 
1.925 0.0 
1.975 0.0 
2.025 0.0 
2.075 0.0 
2.125 0.0 
2.175 0.0 
2.225 0.0 
2.275 0.0 
2.325 0.0044759622 
2.375 0.0 
2.425 0.0082288698 
2.475 0.0908472371 
2.525 0.2542651924 
2.575 0.7772496875 
2.625 1.453709605 
2.675 2.5393863737 
2.725 3.1704193309 
2.775 3.7673027585 
2.825 3.5108266206 
2.875 3.0911945474 
2.925 2.3246553078 
2.975 1.7824300594 
3.025 1.0946839745 
3.075 0.846987985 
3.125 0.6218898633 
3.175 0.4776455176 
3.225 0.4420124768 
3.275 0.3090570021 
3.325 0.264815226 
3.375 0.2931383599 
3.425 0.2784543255 
3.475 0.2825212161 
3.525 0.317403086 
3.575 0.3350913055 
3.625 0.3277526108 
3.675 0.3475596959 
3.725 0.3801425499 
3.775 0.4465443022 
3.825 0.4465229299 
3.875 0.5800990126 
3.925 0.6879200698 
3.975 0.7549461797 
4.025 0.9035809894 
4.075 1.0709661123 
4.125 1.2030015991 
4.175 1.270141214 
4.225 1.4300230217 
4.275 1.4947405546 
4.325 1.5237625467 
4.375 1.6155450643 
4.425 1.6533850534 
4.475 1.6516840765 
4.525 1.6697430354 
4.575 1.6172615434 
4.625 1.5779584681 
4.675 1.5665279009 
4.725 1.4555173915 
4.775 1.4761329501 
4.825 1.3303334544 
4.875 1.2950398394 
4.925 1.2618954963 
4.975 1.1017502431 
5.025 1.0483122755 
5.075 1.0099082566 
5.125 0.9608203415 
5.175 0.9305981882 
5.225 0.8898296521 
5.275 0.8426062229 
5.325 0.8345368235 
5.375 0.8190828836 
5.425 0.8813355547 
5.475 0.8540110047 
5.525 0.8291120375 
5.575 0.772268076 
5.625 0.7830709414 
5.675 0.7956287789 
5.725 0.8187039171 
5.775 0.7886275028 
5.825 0.8200727463 
5.875 0.7984623186 
5.925 0.8450068863 
5.975 0.8099134596 
6.025 0.8331869954 
6.075 0.8352634478 
6.125 0.8423210302 
6.175 0.8649054303 
6.225 0.8535648705 
6.275 0.916828552 
6.325 0.9507761633 
6.375 0.9543770396 
6.425 0.9882303309 
6.475 0.9984204419 
6.525 0.9695382209 
6.575 1.0477587632 
6.625 1.0937470782 
6.675 1.0931714198 
6.725 1.1037271222 
6.775 1.1560247337 
6.825 1.0653871915 
6.875 1.0842456819 
6.925 1.106991397 
6.975 1.0116021173 
7.025 1.0428505249 
7.075 1.0300962792 
7.125 1.0180727037 
7.175 1.0034630278 
7.225 0.9771072487 
7.275 0.9966389442 
7.325 0.9817265796 
7.375 0.9809162873 
7.425 0.9497553836 
7.475 0.990788761 
7.525 0.9443364041 
7.575 0.9491999541 
7.625 0.9313821162 
7.675 0.9550227509 
7.725 1.0290635371 
7.775 0.9990594994 
7.825 0.9780343269 
7.875 1.003890321 
7.925 1.0201571155 
7.975 1.0279490827 
8.025 1.0125496949 
8.075 1.0263956219 
8.125 1.0244311298 
8.175 1.0220757079 
8.225 1.0315046024 
8.275 1.0374514684 
8.325 1.0456253449 
8.375 1.0197238407 
8.425 1.0611751994 
8.475 1.0537440506 
8.525 1.0677215404 
8.575 1.0585969483 
8.625 1.0694523763 
8.675 1.040119361 
8.725 1.078134264 
8.775 1.0661971052 
8.825 1.0734121988 
8.875 1.0263315231 
8.925 0.9932972473 
8.975 1.0459424605 
9.025 1.0091345595 
9.075 0.9830613807 
9.125 1.0127098037 
9.175 1.0111874693 
9.225 0.9800687354 
9.275 0.9751558221 
9.325 1.0003436921 
9.375 0.9869488435 
9.425 0.9558036763 
9.475 0.9576015207 
9.525 0.9766443426 
9.575 0.9617205161 
9.625 0.9525381421 
9.675 0.9672749346 
9.725 0.9514699275 
9.775 0.9769600592 
9.825 0.9404719326 
9.875 0.963725054 
9.925 0.9474073598 
9.975 0.9666282417 
