# Radial distribution function (200 data points):
# "Pair separation distance" g(r)
0.025 0.0 
0.075 0.0 
0.125 0.0 
0.175 0.0 
0.225 0.0 
0.275 0.0 
0.325 0.0 
0.375 0.0 
0.425 0.0 
0.475 0.0 
0.525 0.0 
0.575 0.0 
0.625 0.0 
0.675 0.0 
0.725 0.0 
0.775 0.0 
0.825 0.0 
0.875 0.0 
0.925 0.0 
0.975 0.0 
1.025 0.0 
1.075 0.0 
1.125 0.0 
1.175 0.0 
1.225 0.0 
1.275 0.0 
1.325 0.0 
1.375 0.0 
1.425 0.0 
1.475 0.0 
1.525 0.0 
1.575 0.0 
1.625 0.0 
1.675 0.0 
1.725 0.0 
1.775 0.0 
1.825 0.0 
1.875 0.0 
1.925 0.0 
1.975 0.0 
2.025 0.0 
2.075 0.0 
2.125 0.0 
2.175 0.0 
2.225 0.0 
2.275 0.0 
2.325 0.0 
2.375 0.0085904738 
2.425 0.0329595675 
2.475 0.0435068758 
2.525 0.2850064552 
2.575 0.7490591927 
2.625 1.557623065 
2.675 2.3396355931 
2.725 3.2888625506 
2.775 3.570989116 
2.825 3.6399995579 
2.875 3.1510276146 
2.925 2.4098922958 
2.975 1.6890067703 
3.025 1.2047061858 
3.075 0.8199371399 
3.125 0.6028751105 
3.175 0.4638646354 
3.225 0.3750491004 
3.275 0.3207655279 
3.325 0.3002337241 
3.375 0.2424821327 
3.425 0.309808111 
3.475 0.2748741162 
3.525 0.3119786308 
3.575 0.3090002438 
3.625 0.3152852056 
3.675 0.3175281766 
3.725 0.3649367504 
3.775 0.436941456 
3.825 0.4669930684 
3.875 0.6050791911 
3.925 0.6888415012 
3.975 0.7728245923 
4.025 0.8554390347 
4.075 0.9644310273 
4.125 1.1348422274 
4.175 1.1912229742 
4.225 1.3559303516 
4.275 1.4225021199 
4.325 1.5763182616 
4.375 1.6696073311 
4.425 1.6704480999 
4.475 1.7240690521 
4.525 1.7110279199 
4.575 1.6842511903 
4.625 1.6151847696 
4.675 1.6140775386 
4.725 1.5735868334 
4.775 1.4207284471 
4.825 1.3217082121 
4.875 1.2947355209 
4.925 1.2336192762 
4.975 1.1394454637 
5.025 1.0900163321 
5.075 0.9566999164 
5.125 0.9150627511 
5.175 0.9336540807 
5.225 0.9123208498 
5.275 0.8803053986 
5.325 0.8783772698 
5.375 0.8612728634 
5.425 0.817479891 
5.475 0.8260570072 
5.525 0.8326037233 
5.575 0.8286497415 
5.625 0.778759628 
5.675 0.8343098947 
5.725 0.8138867263 
5.775 0.8042134275 
5.825 0.8047477651 
5.875 0.7995318152 
5.925 0.8461387268 
5.975 0.8028543785 
6.025 0.8636704696 
6.075 0.8455732512 
6.125 0.8499075371 
6.175 0.8902095065 
6.225 0.9059781595 
6.275 0.8485254979 
6.325 0.9005711629 
6.375 0.9353857044 
6.425 0.9443608567 
6.475 0.9419683049 
6.525 0.9753894405 
6.575 0.9891940415 
6.625 1.0482902035 
6.675 1.114755643 
6.725 1.0789548647 
6.775 1.0741730014 
6.825 1.126110573 
6.875 1.0882609961 
6.925 1.06451916 
6.975 1.0976192011 
7.025 1.0800866035 
7.075 1.0358323411 
7.125 1.0270725839 
7.175 1.0062190187 
7.225 0.9932686457 
7.275 0.9947693843 
7.325 0.9740103907 
7.375 0.9501573492 
7.425 0.9466327623 
7.475 0.9543911829 
7.525 0.9400389305 
7.575 0.9475156472 
7.625 0.9709683148 
7.675 0.9846825257 
7.725 0.9874053305 
7.775 0.9991952839 
7.825 0.9959635273 
7.875 1.0021094896 
7.925 1.0280816797 
7.975 0.9851358045 
8.025 1.0218065157 
8.075 1.0162516653 
8.125 1.0239682307 
8.175 1.0288827921 
8.225 1.0253652301 
8.275 1.0494559391 
8.325 1.064155876 
8.375 1.075322142 
8.425 1.060207194 
8.475 1.0699978237 
8.525 1.0601504179 
8.575 1.0705590142 
8.625 1.0226820033 
8.675 1.0456979113 
8.725 1.0671657608 
8.775 1.065107976 
8.825 1.0577394841 
8.875 1.0510841711 
8.925 1.0055777445 
8.975 1.0380190186 
9.025 1.0146507404 
9.075 1.0326261994 
9.125 1.0300701885 
9.175 0.998438843 
9.225 0.9970403124 
9.275 0.9925157349 
9.325 0.9916528302 
9.375 0.9995732072 
9.425 0.9489013874 
9.475 0.9753468648 
9.525 0.9750149081 
9.575 0.9624801434 
9.625 0.9530294133 
9.675 0.9592523906 
9.725 0.9386543076 
9.775 0.9491082255 
9.825 0.9675840845 
9.875 0.9642705331 
9.925 0.9619583212 
9.975 0.9589133898 
