# Radial distribution function (200 data points):
# "Pair separation distance" g(r)
0.025 0.0 
0.075 0.0 
0.125 0.0 
0.175 0.0 
0.225 0.0 
0.275 0.0 
0.325 0.0 
0.375 0.0 
0.425 0.0 
0.475 0.0 
0.525 0.0 
0.575 0.0 
0.625 0.0 
0.675 0.0 
0.725 0.0 
0.775 0.0 
0.825 0.0 
0.875 0.0 
0.925 0.0 
0.975 0.0 
1.025 0.0 
1.075 0.0 
1.125 0.0 
1.175 0.0 
1.225 0.0 
1.275 0.0 
1.325 0.0 
1.375 0.0 
1.425 0.0 
1.475 0.0 
1.525 0.0 
1.575 0.0 
1.625 0.0 
1.675 0.0 
1.725 0.0 
1.775 0.0 
1.825 0.0 
1.875 0.0 
1.925 0.0 
1.975 0.0 
2.025 0.0 
2.075 0.0 
2.125 0.0 
2.175 0.0 
2.225 0.0 
2.275 0.0 
2.325 0.0 
2.375 0.0043068119 
2.425 0.0123931456 
2.475 0.1070773848 
2.525 0.2667228679 
2.575 0.7510777855 
2.625 1.6006017046 
2.675 2.4443953432 
2.725 3.1635918246 
2.775 3.6563257403 
2.825 3.8020109656 
2.875 3.0419556198 
2.925 2.5611993897 
2.975 1.600234245 
3.025 1.12299776 
3.075 0.7964546517 
3.125 0.5696726143 
3.175 0.4530650722 
3.225 0.3129938681 
3.275 0.2740649479 
3.325 0.2680819141 
3.375 0.2665960336 
3.425 0.2485143948 
3.475 0.2917091555 
3.525 0.3089091204 
3.575 0.2927256085 
3.625 0.3013449136 
3.675 0.3309753157 
3.725 0.4026872966 
3.775 0.4312999704 
3.825 0.464930606 
3.875 0.550083535 
3.925 0.6402358761 
3.975 0.7579945712 
4.025 0.8412492211 
4.075 0.9860487568 
4.125 1.1107735815 
4.175 1.2961759717 
4.225 1.3731938167 
4.275 1.4781781096 
4.325 1.657191824 
4.375 1.5865301853 
4.425 1.7245778249 
4.475 1.6911080017 
4.525 1.7263171123 
4.575 1.6690584069 
4.625 1.64225184 
4.675 1.5572915719 
4.725 1.5136261416 
4.775 1.4192296408 
4.825 1.3210959222 
4.875 1.3493358284 
4.925 1.2078980386 
4.975 1.1317191108 
5.025 1.0679389625 
5.075 1.0205888581 
5.125 0.9979974431 
5.175 0.9561272419 
5.225 0.959272568 
5.275 0.8512470194 
5.325 0.877317333 
5.375 0.9132063537 
5.425 0.8436212382 
5.475 0.7958649715 
5.525 0.8077885289 
5.575 0.8191582249 
5.625 0.7777870364 
5.675 0.7633876672 
5.725 0.7738306445 
5.775 0.8391603533 
5.825 0.796892623 
5.875 0.8270250638 
5.925 0.7999773954 
5.975 0.8301960165 
6.025 0.8559593054 
6.075 0.8142801568 
6.125 0.8567308674 
6.175 0.8626637238 
6.225 0.8501152584 
6.275 0.8921496366 
6.325 0.9114997188 
6.375 0.9229620826 
6.425 0.9833931124 
6.475 0.9949190802 
6.525 0.9608997893 
6.575 1.0643526249 
6.625 1.0572037835 
6.675 1.0735945879 
6.725 1.0609128022 
6.775 1.0585432168 
6.825 1.0905509166 
6.875 1.0654943496 
6.925 1.0749867357 
6.975 1.0426519956 
7.025 1.0096488105 
7.075 1.0682293709 
7.125 1.0126125646 
7.175 1.0155372705 
7.225 1.012699564 
7.275 0.9960730666 
7.325 0.9748240914 
7.375 0.9750506834 
7.425 0.9584376646 
7.475 0.9069627677 
7.525 1.0052101156 
7.575 0.9695446166 
7.625 0.9430820415 
7.675 0.9922851382 
7.725 1.0161206018 
7.775 0.9520547775 
7.825 1.0319754128 
7.875 1.029489556 
7.925 0.9859820786 
7.975 1.0183486855 
8.025 1.0049440924 
8.075 1.0346384126 
8.125 1.0344557164 
8.175 1.0163878356 
8.225 1.0302830754 
8.275 1.05512231 
8.325 1.0396819996 
8.375 1.0203777718 
8.425 1.086680325 
8.475 1.0823518729 
8.525 1.087075442 
8.575 1.0826949761 
8.625 1.0594015156 
8.675 1.0830575231 
8.725 1.0499364334 
8.775 1.0695557848 
8.825 1.019102138 
8.875 1.0440468057 
8.925 1.0604404207 
8.975 1.018799623 
9.025 1.0248417073 
9.075 1.0097449764 
9.125 1.0097966708 
9.175 0.9959347976 
9.225 1.0077204238 
9.275 0.9813526255 
9.325 0.9820323081 
9.375 0.9726908996 
9.425 0.9634919156 
9.475 0.964174287 
9.525 0.962379304 
9.575 0.9693136243 
9.625 0.9626781165 
9.675 0.9693639404 
9.725 0.9643024268 
9.775 0.9498861526 
9.825 0.9535812827 
9.875 0.9618865084 
9.925 0.9499997635 
9.975 0.9392790512 
