# Radial distribution function (200 data points):
# "Pair separation distance" g(r)
0.025 0.0 
0.075 0.0 
0.125 0.0 
0.175 0.0 
0.225 0.0 
0.275 0.0 
0.325 0.0 
0.375 0.0 
0.425 0.0 
0.475 0.0 
0.525 0.0 
0.575 0.0 
0.625 0.0 
0.675 0.0 
0.725 0.0 
0.775 0.0 
0.825 0.0 
0.875 0.0 
0.925 0.0 
0.975 0.0 
1.025 0.0 
1.075 0.0 
1.125 0.0 
1.175 0.0 
1.225 0.0 
1.275 0.0 
1.325 0.0 
1.375 0.0 
1.425 0.0 
1.475 0.0 
1.525 0.0 
1.575 0.0 
1.625 0.0 
1.675 0.0 
1.725 0.0 
1.775 0.0 
1.825 0.0 
1.875 0.0 
1.925 0.0 
1.975 0.0 
2.025 0.0 
2.075 0.0 
2.125 0.0 
2.175 0.0 
2.225 0.0 
2.275 0.0 
2.325 0.0 
2.375 0.0 
2.425 0.0124149892 
2.475 0.0913748383 
2.525 0.2786441094 
2.575 0.6936775741 
2.625 1.529255717 
2.675 2.5133222953 
2.725 3.2773193688 
2.775 3.7955021824 
2.825 3.7294275776 
2.875 3.0296516271 
2.925 2.224377018 
2.975 1.7487869957 
3.025 1.2100817564 
3.075 0.7927109731 
3.125 0.6354696807 
3.175 0.4755911383 
3.225 0.2901466164 
3.275 0.2836239695 
3.325 0.2509442971 
3.375 0.2563832868 
3.425 0.2842206739 
3.475 0.219671315 
3.525 0.2683236823 
3.575 0.2818165579 
3.625 0.2907640487 
3.675 0.3531820699 
3.725 0.4016431549 
3.775 0.4047361977 
3.825 0.4058679197 
3.875 0.5218796888 
3.925 0.6350454668 
3.975 0.7654914756 
4.025 0.8727758897 
4.075 0.9833900453 
4.125 1.1227431031 
4.175 1.2077079339 
4.225 1.3647073941 
4.275 1.5167377551 
4.325 1.6002653923 
4.375 1.6935863528 
4.425 1.6642300841 
4.475 1.6965192161 
4.525 1.6865715566 
4.575 1.7068819991 
4.625 1.7475414035 
4.675 1.5856472598 
4.725 1.5370054116 
4.775 1.4131921857 
4.825 1.3903273992 
4.875 1.295392686 
4.925 1.2140403821 
4.975 1.1199480054 
5.025 1.1054819726 
5.075 1.0412858113 
5.125 0.9941971185 
5.175 0.9787135 
5.225 0.8637972869 
5.275 0.8938541864 
5.325 0.8591235515 
5.375 0.8718549611 
5.425 0.8260890988 
5.475 0.8208122937 
5.525 0.7964562448 
5.575 0.800243589 
5.625 0.7799270878 
5.675 0.7866474708 
5.725 0.7907875577 
5.775 0.8245855419 
5.825 0.8090559124 
5.875 0.7875874228 
5.925 0.8249576173 
5.975 0.8255240913 
6.025 0.815901902 
6.075 0.8190125223 
6.125 0.8271029108 
6.175 0.842483874 
6.225 0.9175571669 
6.275 0.8875414488 
6.325 0.8942479963 
6.375 0.9263853351 
6.425 0.940321127 
6.475 0.9972531533 
6.525 1.0071791095 
6.575 1.0234443527 
6.625 1.0601761343 
6.675 1.0858648414 
6.725 1.0848455506 
6.775 1.0901004084 
6.825 1.1107593269 
6.875 1.0812744421 
6.925 1.0677467436 
6.975 1.0865094289 
7.025 1.0567971729 
7.075 1.0516368261 
7.125 1.0158355315 
7.175 1.0007814617 
7.225 1.0200790865 
7.275 0.9670201644 
7.325 1.0155495347 
7.375 0.9535021995 
7.425 0.9751358451 
7.475 0.9203212419 
7.525 0.9455228675 
7.575 0.9368991113 
7.625 0.9309310009 
7.675 0.938259115 
7.725 0.9754985883 
7.775 1.0117056113 
7.825 0.9705981334 
7.875 1.0148220592 
7.925 1.0210443334 
7.975 1.0476943456 
8.025 1.0131395964 
8.075 1.0181737091 
8.125 1.0049436351 
8.175 1.0447626397 
8.225 1.0392938406 
8.275 1.0424103122 
8.325 1.0524001841 
8.375 1.0506278569 
8.425 1.0848241464 
8.475 1.0432610125 
8.525 1.0752618751 
8.575 1.0634209206 
8.625 1.0648673994 
8.675 1.0684736878 
8.725 1.0693700697 
8.775 1.0410992456 
8.825 1.0487097955 
8.875 1.0875988848 
8.925 1.0458111697 
8.975 1.0583615699 
9.025 1.0436791703 
9.075 1.0035459851 
9.125 0.9727034293 
9.175 1.0245766517 
9.225 1.0077807284 
9.275 0.9785558914 
9.325 0.9893607088 
9.375 0.9960033929 
9.425 0.9920390112 
9.475 0.9653315285 
9.525 0.9670262548 
9.575 0.9537677366 
9.625 0.941782615 
9.675 0.9367534698 
9.725 0.94001213 
9.775 0.9597107895 
9.825 0.9355970876 
9.875 0.9488573769 
9.925 0.9452506367 
9.975 0.9531640414 
