# Radial distribution function (200 data points):
# "Pair separation distance" g(r)
0.025 0.0 
0.075 0.0 
0.125 0.0 
0.175 0.0 
0.225 0.0 
0.275 0.0 
0.325 0.0 
0.375 0.0 
0.425 0.0 
0.475 0.0 
0.525 0.0 
0.575 0.0 
0.625 0.0 
0.675 0.0 
0.725 0.0 
0.775 0.0 
0.825 0.0 
0.875 0.0 
0.925 0.0 
0.975 0.0 
1.025 0.0 
1.075 0.0 
1.125 0.0 
1.175 0.0 
1.225 0.0 
1.275 0.0 
1.325 0.0 
1.375 0.0 
1.425 0.0 
1.475 0.0 
1.525 0.0 
1.575 0.0 
1.625 0.0 
1.675 0.0 
1.725 0.0 
1.775 0.0 
1.825 0.0 
1.875 0.0 
1.925 0.0 
1.975 0.0 
2.025 0.0 
2.075 0.0 
2.125 0.0 
2.175 0.0 
2.225 0.0 
2.275 0.0 
2.325 0.0 
2.375 0.0086097855 
2.425 0.0082584155 
2.475 0.0951374854 
2.525 0.3084989331 
2.575 0.7434187825 
2.625 1.494168974 
2.675 2.6740628104 
2.725 3.2046933673 
2.775 3.7524493649 
2.825 3.5538590962 
2.875 3.0376623471 
2.925 2.3330019673 
2.975 1.7860862587 
3.025 1.1171900363 
3.075 0.8371887711 
3.125 0.574391858 
3.175 0.4311835659 
3.225 0.3175238667 
3.275 0.2988467178 
3.325 0.2745516976 
3.375 0.2387636056 
3.425 0.3084345406 
3.475 0.2714702617 
3.525 0.2325557279 
3.575 0.29259517 
3.625 0.2993627163 
3.675 0.3649894029 
3.725 0.3745073125 
3.775 0.4055480332 
3.825 0.4912790577 
3.875 0.5611586206 
3.925 0.6966949742 
3.975 0.7607304674 
4.025 0.8603598628 
4.075 0.9724484177 
4.125 1.0888722209 
4.175 1.2412668503 
4.225 1.3018443005 
4.275 1.4868203654 
4.325 1.6291919996 
4.375 1.7266443305 
4.425 1.7114078472 
4.475 1.7121811158 
4.525 1.7504526803 
4.575 1.6509122269 
4.625 1.6506017683 
4.675 1.6332609103 
4.725 1.5423188126 
4.775 1.4239222971 
4.825 1.3476266642 
4.875 1.1648162149 
4.925 1.2434003906 
4.975 1.15083693 
5.025 1.0847733014 
5.075 1.0088202124 
5.125 0.9624211287 
5.175 0.9620483534 
5.225 0.9143717807 
5.275 0.8412681708 
5.325 0.8520915708 
5.375 0.813618644 
5.425 0.8160172429 
5.475 0.7955103343 
5.525 0.8320889588 
5.575 0.8219183731 
5.625 0.8273255776 
5.675 0.8218594634 
5.725 0.8238661285 
5.775 0.8307771783 
5.825 0.823017212 
5.875 0.8118822545 
5.925 0.8196806202 
5.975 0.8366279345 
6.025 0.8408611476 
6.075 0.8093114761 
6.125 0.8220433617 
6.175 0.8801107989 
6.225 0.8522430444 
6.275 0.9084030677 
6.325 0.9208054114 
6.375 0.936293472 
6.425 1.0023669486 
6.475 0.9799958997 
6.525 1.0197881492 
6.575 1.0262437934 
6.625 1.0871621692 
6.675 1.0752962171 
6.725 1.0394997243 
6.775 1.1104460709 
6.825 1.0639993297 
6.875 1.0758084757 
6.925 1.0481767126 
6.975 1.0626517977 
7.025 1.0175637973 
7.075 1.0701789778 
7.125 1.061908405 
7.175 0.988198209 
7.225 0.9801503581 
7.275 0.9635121451 
7.325 0.9490456209 
7.375 0.9536327097 
7.425 0.914404586 
7.475 0.9839159768 
7.525 0.9558749172 
7.575 0.9263700675 
7.625 0.9518503554 
7.675 0.9625741269 
7.725 1.0034602728 
7.775 1.0247401912 
7.825 1.0085136799 
7.875 0.9840009283 
7.925 0.98747592 
7.975 1.0114042068 
8.025 1.0331530906 
8.075 1.0267292154 
8.125 1.029580698 
8.175 1.0479099957 
8.225 1.0326955715 
8.275 1.0748657229 
8.325 1.0591902168 
8.375 1.0825863909 
8.425 1.0807223563 
8.475 1.0372424571 
8.525 1.0481660814 
8.575 1.0647095479 
8.625 1.122582727 
8.675 1.0503074044 
8.725 1.0820052979 
8.775 1.0378582943 
8.825 1.0644825105 
8.875 1.0620793319 
8.925 1.0230808843 
8.975 1.0448744848 
9.025 0.9987455988 
9.075 1.0039876108 
9.125 1.0099299744 
9.175 0.9885678612 
9.225 0.9815902437 
9.275 0.9905127799 
9.325 1.0067280076 
9.375 0.9736389088 
9.425 0.9578686613 
9.475 0.9469744664 
9.525 0.9351850126 
9.575 0.970735764 
9.625 0.9491430571 
9.675 0.956479854 
9.725 0.9803053004 
9.775 0.9758933279 
9.825 0.9815825137 
9.875 0.9604618206 
9.925 0.9532741714 
9.975 0.9654619632 
