# Radial distribution function (200 data points):
# "Pair separation distance" g(r)
0.025 0.0 
0.075 0.0 
0.125 0.0 
0.175 0.0 
0.225 0.0 
0.275 0.0 
0.325 0.0 
0.375 0.0 
0.425 0.0 
0.475 0.0 
0.525 0.0 
0.575 0.0 
0.625 0.0 
0.675 0.0 
0.725 0.0 
0.775 0.0 
0.825 0.0 
0.875 0.0 
0.925 0.0 
0.975 0.0 
1.025 0.0 
1.075 0.0 
1.125 0.0 
1.175 0.0 
1.225 0.0 
1.275 0.0 
1.325 0.0 
1.375 0.0 
1.425 0.0 
1.475 0.0 
1.525 0.0 
1.575 0.0 
1.625 0.0 
1.675 0.0 
1.725 0.0 
1.775 0.0 
1.825 0.0 
1.875 0.0 
1.925 0.0 
1.975 0.0 
2.025 0.0 
2.075 0.0 
2.125 0.0 
2.175 0.0 
2.225 0.0 
2.275 0.0 
2.325 0.0 
2.375 0.0 
2.425 0.0082212845 
2.475 0.0631398231 
2.525 0.2691968339 
2.575 0.7072650097 
2.625 1.5435812182 
2.675 2.3579997828 
2.725 3.2163277809 
2.775 3.7198821497 
2.825 3.7499109822 
2.875 2.918720121 
2.925 2.3451160088 
2.975 1.7944433888 
3.025 1.175568446 
3.075 0.9024506281 
3.125 0.581710776 
3.175 0.4676131673 
3.225 0.3323658966 
3.275 0.4101936176 
3.325 0.3017422735 
3.375 0.2695235874 
3.425 0.3503229681 
3.475 0.272251545 
3.525 0.2918194871 
3.575 0.2931710494 
3.625 0.3807991702 
3.675 0.3042818796 
3.725 0.3763078095 
3.775 0.4037246355 
3.825 0.4576771822 
3.875 0.5682949818 
3.925 0.6370732844 
3.975 0.766489639 
4.025 0.9146852489 
4.075 1.0190275375 
4.125 1.1166520767 
4.175 1.2731309787 
4.225 1.3352634915 
4.275 1.4642626579 
4.325 1.4784189443 
4.375 1.6292113373 
4.425 1.6777870612 
4.475 1.7165543312 
4.525 1.7083446826 
4.575 1.6966170662 
4.625 1.5957158093 
4.675 1.5982658936 
4.725 1.5213081815 
4.775 1.4016167861 
4.825 1.3467593809 
4.875 1.3518250466 
4.925 1.2069144814 
4.975 1.0899910297 
5.025 1.043516541 
5.075 1.089695528 
5.125 0.9350849749 
5.175 0.9125898283 
5.225 0.9146879817 
5.275 0.8305356286 
5.325 0.8550806387 
5.375 0.8459401573 
5.425 0.839453978 
5.475 0.8346754489 
5.525 0.867151831 
5.575 0.819778476 
5.625 0.7968653636 
5.675 0.8151618366 
5.725 0.7818090217 
5.775 0.7857260412 
5.825 0.8036429306 
5.875 0.7809173271 
5.925 0.8483595951 
5.975 0.8017184973 
6.025 0.8697113484 
6.075 0.8331834796 
6.125 0.8267241296 
6.175 0.838115193 
6.225 0.8652547052 
6.275 0.8834451499 
6.325 0.9329804203 
6.375 0.9493335678 
6.425 0.9720938314 
6.475 1.0113382672 
6.525 0.9964660774 
6.575 1.068601144 
6.625 1.0530830346 
6.675 1.081312648 
6.725 1.07331126 
6.775 1.0959735294 
6.825 1.0633671985 
6.875 1.0653455734 
6.925 1.1155486802 
6.975 1.0812276975 
7.025 1.0634421944 
7.075 1.0706796595 
7.125 1.0133247704 
7.175 1.0034771988 
7.225 1.0266840426 
7.275 0.9874987163 
7.325 0.9763162593 
7.375 0.9831232453 
7.425 0.9396717464 
7.475 0.9608887313 
7.525 0.9537117151 
7.575 0.9719172682 
7.625 0.9180500779 
7.675 0.9414205285 
7.725 0.9628956935 
7.775 1.0293304145 
7.825 1.0099012855 
7.875 0.9643743849 
7.925 0.9999717231 
7.975 1.0049563524 
8.025 1.046150186 
8.075 1.0402788576 
8.125 1.0062761361 
8.175 1.0308999973 
8.225 1.0452045093 
8.275 1.0460269653 
8.325 1.0387318744 
8.375 1.0587632173 
8.425 1.0598564558 
8.475 1.0305594924 
8.525 1.0544301049 
8.575 1.0750454359 
8.625 1.0723660868 
8.675 1.0754589425 
8.725 1.0647558837 
8.775 1.0495170692 
8.825 1.0339334783 
8.875 1.0643630066 
8.925 1.0105904807 
8.975 1.0311733309 
9.025 1.0102819048 
9.075 1.0179660115 
9.125 1.020486001 
9.175 1.003076186 
9.225 0.978597199 
9.275 0.9762240009 
9.325 1.0069276798 
9.375 0.9830135877 
9.425 0.9796869419 
9.475 0.9720672506 
9.525 0.9664182988 
9.575 0.9650528291 
9.625 0.963141613 
9.675 0.9772299501 
9.725 0.9475256259 
9.775 0.9563258073 
9.825 0.9551315441 
9.875 0.9348242095 
9.925 0.9855537386 
9.975 0.9703533231 
