# Radial distribution function (200 data points):
# "Pair separation distance" g(r)
0.025 0.0 
0.075 0.0 
0.125 0.0 
0.175 0.0 
0.225 0.0 
0.275 0.0 
0.325 0.0 
0.375 0.0 
0.425 0.0 
0.475 0.0 
0.525 0.0 
0.575 0.0 
0.625 0.0 
0.675 0.0 
0.725 0.0 
0.775 0.0 
0.825 0.0 
0.875 0.0 
0.925 0.0 
0.975 0.0 
1.025 0.0 
1.075 0.0 
1.125 0.0 
1.175 0.0 
1.225 0.0 
1.275 0.0 
1.325 0.0 
1.375 0.0 
1.425 0.0 
1.475 0.0 
1.525 0.0 
1.575 0.0 
1.625 0.0 
1.675 0.0 
1.725 0.0 
1.775 0.0 
1.825 0.0 
1.875 0.0 
1.925 0.0 
1.975 0.0 
2.025 0.0 
2.075 0.0 
2.125 0.0 
2.175 0.0 
2.225 0.0 
2.275 0.0 
2.325 0.0 
2.375 0.0 
2.425 0.0124185972 
2.475 0.1072972876 
2.525 0.2596343279 
2.575 0.7452776232 
2.625 1.4237162965 
2.675 2.6365234693 
2.725 3.268436988 
2.775 3.7049303113 
2.825 3.5444433754 
2.875 3.1542272732 
2.925 2.4554926341 
2.975 1.7823007877 
3.025 1.0933805206 
3.075 0.7826434064 
3.125 0.6057412108 
3.175 0.4467509141 
3.225 0.3510858109 
3.275 0.2973243015 
3.325 0.2334019812 
3.375 0.2543206471 
3.425 0.2490247641 
3.475 0.2419102619 
3.525 0.2723199333 
3.575 0.314278686 
3.625 0.2945536259 
3.675 0.3154327764 
3.725 0.2982496911 
3.775 0.3980208438 
3.825 0.4542382896 
3.875 0.5350010774 
3.925 0.6921162902 
3.975 0.7256564685 
4.025 0.9060874474 
4.075 1.023257423 
4.125 1.210339748 
4.175 1.2108521105 
4.225 1.3555578152 
4.275 1.5211746207 
4.325 1.5864149761 
4.375 1.6330306575 
4.425 1.7107140373 
4.475 1.7687341125 
4.525 1.7274845996 
4.575 1.6852798255 
4.625 1.5875838036 
4.675 1.5047977555 
4.725 1.5265481712 
4.775 1.3858433059 
4.825 1.4074620515 
4.875 1.3254745248 
4.925 1.2495202752 
4.975 1.1851883589 
5.025 1.0720603348 
5.075 0.9584125784 
5.125 0.9917055631 
5.175 0.952636795 
5.225 0.9113079271 
5.275 0.9116112905 
5.325 0.8370518423 
5.375 0.8476724486 
5.425 0.7824898864 
5.475 0.7763843685 
5.525 0.8453343027 
5.575 0.7832447661 
5.625 0.8178534826 
5.675 0.8284497457 
5.725 0.8363244699 
5.775 0.8459932577 
5.825 0.8372718424 
5.875 0.8110910946 
5.925 0.8258908047 
5.975 0.8114443932 
6.025 0.8476579411 
6.075 0.8423373092 
6.125 0.8091741711 
6.175 0.8746502536 
6.225 0.8788744194 
6.275 0.856887146 
6.325 0.9005929648 
6.375 0.9482185918 
6.425 0.9223132524 
6.475 0.9760592146 
6.525 1.0040411452 
6.575 1.0642860087 
6.625 1.0920990905 
6.675 1.0889122509 
6.725 1.0846225476 
6.775 1.0580653343 
6.825 1.0405289364 
6.875 1.0980700267 
6.925 1.0797325742 
6.975 1.0888267033 
7.025 1.0265207809 
7.075 1.0485381019 
7.125 1.024282811 
7.175 0.9920877143 
7.225 0.9471584611 
7.275 0.9696010065 
7.325 0.9482426776 
7.375 0.9528841533 
7.425 0.9511331047 
7.475 0.9850691201 
7.525 0.9698724989 
7.575 0.9477776727 
7.625 0.9617670606 
7.675 0.9666340149 
7.725 0.9623202052 
7.775 1.0019319825 
7.825 0.9907589948 
7.875 0.9723297607 
7.925 1.0139765545 
7.975 1.0414918881 
8.025 1.0383824235 
8.075 1.0319098193 
8.125 1.0454303628 
8.175 1.0439734777 
8.225 1.0090089409 
8.275 1.0462683594 
8.325 1.0347921098 
8.375 1.0957054365 
8.425 1.0796519808 
8.475 1.0628831851 
8.525 1.040402979 
8.575 1.0786281443 
8.625 1.0520871336 
8.675 1.0904574885 
8.725 1.0776754686 
8.775 1.0666938935 
8.825 1.0458887768 
8.875 1.0502088128 
8.925 1.0176930391 
8.975 1.0305628841 
9.025 1.0212677146 
9.075 1.0041332237 
9.125 1.0030995628 
9.175 1.016777206 
9.225 1.0166553878 
9.275 0.9952533222 
9.325 0.9913279732 
9.375 0.9835518192 
9.425 0.9695813389 
9.475 0.9661543936 
9.525 0.9597942198 
9.575 0.9609486631 
9.625 0.9680712543 
9.675 0.9440475446 
9.725 0.9773510332 
9.775 0.9482700753 
9.825 0.9462086856 
9.875 0.9271647653 
9.925 0.9697442324 
9.975 0.9637167752 
