# Radial distribution function (200 data points):
# "Pair separation distance" g(r)
0.025 0.0 
0.075 0.0 
0.125 0.0 
0.175 0.0 
0.225 0.0 
0.275 0.0 
0.325 0.0 
0.375 0.0 
0.425 0.0 
0.475 0.0 
0.525 0.0 
0.575 0.0 
0.625 0.0 
0.675 0.0 
0.725 0.0 
0.775 0.0 
0.825 0.0 
0.875 0.0 
0.925 0.0 
0.975 0.0 
1.025 0.0 
1.075 0.0 
1.125 0.0 
1.175 0.0 
1.225 0.0 
1.275 0.0 
1.325 0.0 
1.375 0.0 
1.425 0.0 
1.475 0.0 
1.525 0.0 
1.575 0.0 
1.625 0.0 
1.675 0.0 
1.725 0.0 
1.775 0.0 
1.825 0.0 
1.875 0.0 
1.925 0.0 
1.975 0.0 
2.025 0.0 
2.075 0.0 
2.125 0.0 
2.175 0.0 
2.225 0.0 
2.275 0.0 
2.325 0.0 
2.375 0.0 
2.425 0.0164612171 
2.475 0.0790142899 
2.525 0.2770937479 
2.575 0.7409156165 
2.625 1.4469925425 
2.675 2.421551045 
2.725 3.2069391797 
2.775 3.6643896595 
2.825 3.6965474641 
2.875 3.0508573205 
2.925 2.3619189045 
2.975 1.6515571198 
3.025 1.2562433819 
3.075 0.8138945378 
3.125 0.6244994429 
3.175 0.5521692586 
3.225 0.3327428431 
3.275 0.3361987132 
3.325 0.2977064527 
3.375 0.3250698988 
3.425 0.2764501033 
3.475 0.2785726737 
3.525 0.3213654935 
3.575 0.2745678313 
3.625 0.3443971288 
3.675 0.2992512049 
3.725 0.3837111584 
3.775 0.4432421666 
3.825 0.5210534951 
3.875 0.5673277761 
3.925 0.6912072807 
3.975 0.7260042653 
4.025 0.8798705126 
4.075 1.0274702714 
4.125 1.082361302 
4.175 1.2898475597 
4.225 1.396431228 
4.275 1.4500325558 
4.325 1.543491371 
4.375 1.6209439813 
4.425 1.6772179417 
4.475 1.6882883803 
4.525 1.6712778074 
4.575 1.6707910887 
4.625 1.6393870655 
4.675 1.5347466101 
4.725 1.4482368791 
4.775 1.4127592455 
4.825 1.4023429988 
4.875 1.2902218441 
4.925 1.2412092493 
4.975 1.1978076589 
5.025 1.0360740619 
5.075 0.9659581949 
5.125 0.993272472 
5.175 0.972364304 
5.225 0.9112929987 
5.275 0.8775741244 
5.325 0.8441015529 
5.375 0.841035769 
5.425 0.7836662871 
5.475 0.8509620024 
5.525 0.8324585018 
5.575 0.7880044694 
5.625 0.8153613373 
5.675 0.8356243155 
5.725 0.7922947937 
5.775 0.817094944 
5.825 0.7938555056 
5.875 0.767078449 
5.925 0.8527686686 
5.975 0.7978824857 
6.025 0.8460301687 
6.075 0.8164228627 
6.125 0.9018481034 
6.175 0.8619147164 
6.225 0.8799758821 
6.275 0.8899787281 
6.325 0.9267791754 
6.375 0.9414778093 
6.425 0.9292266002 
6.475 1.0378839752 
6.525 0.9782695504 
6.575 1.0250276009 
6.625 1.0327727571 
6.675 1.0982909455 
6.725 1.0557992035 
6.775 1.0924712169 
6.825 1.0858750512 
6.875 1.1111002295 
6.925 1.084010921 
6.975 1.087428464 
7.025 1.0460132543 
7.075 1.0341818494 
7.125 1.0526121342 
7.175 1.0050853788 
7.225 0.9485691933 
7.275 0.9890759397 
7.325 0.997720742 
7.375 0.9508666862 
7.425 0.9859525567 
7.475 0.9832018038 
7.525 0.9505194308 
7.575 0.9494005229 
7.625 0.988189614 
7.675 0.9712476716 
7.725 0.9798041178 
7.775 0.9720468853 
7.825 0.9952366905 
7.875 0.9822486812 
7.925 0.980682955 
7.975 1.0262636891 
8.025 1.0221584887 
8.075 0.9868990035 
8.125 1.0389450034 
8.175 1.0556075927 
8.225 1.0188439174 
8.275 1.0585230591 
8.325 1.0318783917 
8.375 1.038571491 
8.425 1.0968589665 
8.475 1.0394780371 
8.525 1.0659491229 
8.575 1.0575041013 
8.625 1.0498333488 
8.675 1.0493436223 
8.725 1.0621484962 
8.775 1.0444213443 
8.825 1.0450500735 
8.875 1.0591177193 
8.925 1.0354349579 
8.975 1.0404549399 
9.025 1.0485688432 
9.075 1.0314628083 
9.125 1.0030416089 
9.175 0.9852392535 
9.225 0.9998984065 
9.275 0.9888655875 
9.325 0.9844125937 
9.375 0.9428247974 
9.425 0.9987793325 
9.475 0.9758654631 
9.525 0.9781844772 
9.575 0.9592839837 
9.625 0.9676300515 
9.675 0.9465370926 
9.725 0.9631862203 
9.775 0.9713409807 
9.825 0.9411720807 
9.875 0.9621914363 
9.925 0.9724217481 
9.975 0.960265329 
