# Radial distribution function (200 data points):
# "Pair separation distance" g(r)
0.025 0.0 
0.075 0.0 
0.125 0.0 
0.175 0.0 
0.225 0.0 
0.275 0.0 
0.325 0.0 
0.375 0.0 
0.425 0.0 
0.475 0.0 
0.525 0.0 
0.575 0.0 
0.625 0.0 
0.675 0.0 
0.725 0.0 
0.775 0.0 
0.825 0.0 
0.875 0.0 
0.925 0.0 
0.975 0.0 
1.025 0.0 
1.075 0.0 
1.125 0.0 
1.175 0.0 
1.225 0.0 
1.275 0.0 
1.325 0.0 
1.375 0.0 
1.425 0.0 
1.475 0.0 
1.525 0.0 
1.575 0.0 
1.625 0.0 
1.675 0.0 
1.725 0.0 
1.775 0.0 
1.825 0.0 
1.875 0.0 
1.925 0.0 
1.975 0.0 
2.025 0.0 
2.075 0.0 
2.125 0.0 
2.175 0.0 
2.225 0.0 
2.275 0.0 
2.325 0.0 
2.375 0.0 
2.425 0.0123346358 
2.475 0.0710479049 
2.525 0.3147640205 
2.575 0.6709554091 
2.625 1.5298846628 
2.675 2.3720336336 
2.725 3.1551682777 
2.775 3.6076654055 
2.825 3.6749929215 
2.875 2.9690898851 
2.925 2.4275869561 
2.975 1.8003013171 
3.025 1.2815189736 
3.075 0.8975347145 
3.125 0.6090735589 
3.175 0.4437304592 
3.225 0.3928823464 
3.275 0.3449088468 
3.325 0.3258657622 
3.375 0.3077913796 
3.425 0.3132987563 
3.475 0.2843250875 
3.525 0.3055048264 
3.575 0.2951272929 
3.625 0.3404025217 
3.675 0.3616378934 
3.725 0.3903308623 
3.775 0.4207802694 
3.825 0.482567129 
3.875 0.5990146556 
3.925 0.6183793438 
3.975 0.7207503507 
4.025 0.8611571392 
4.075 1.0381803451 
4.125 1.0898985838 
4.175 1.2678620213 
4.225 1.3694198156 
4.275 1.3402203374 
4.325 1.5433741206 
4.375 1.6750455822 
4.425 1.6398754023 
4.475 1.6722573884 
4.525 1.6780173211 
4.575 1.6912137644 
4.625 1.5757198907 
4.675 1.5665340193 
4.725 1.4544951645 
4.775 1.470854415 
4.825 1.3283605525 
4.875 1.3439828221 
4.925 1.1882395484 
4.975 1.1449373771 
5.025 1.082048371 
5.075 1.0054438272 
5.125 0.9767156514 
5.175 0.9570303837 
5.225 0.9343734797 
5.275 0.8845930968 
5.325 0.8731753944 
5.375 0.8804397024 
5.425 0.8527834072 
5.475 0.7977539691 
5.525 0.8443716113 
5.575 0.8028436749 
5.625 0.8138523879 
5.675 0.7995746453 
5.725 0.8277192619 
5.775 0.7742986643 
5.825 0.8351741296 
5.875 0.7915967959 
5.925 0.811353196 
5.975 0.8377902338 
6.025 0.807956824 
6.075 0.8399181313 
6.125 0.8320618151 
6.175 0.8617615392 
6.225 0.937201195 
6.275 0.9057455513 
6.325 0.9247238458 
6.375 0.949542111 
6.425 0.9477068265 
6.475 0.9936822252 
6.525 1.0296238511 
6.575 1.031921618 
6.625 1.0505598857 
6.675 1.0522457632 
6.725 1.0735470378 
6.775 1.0719827348 
6.825 1.0672343719 
6.875 1.0691605218 
6.925 1.0936089537 
6.975 1.0839501988 
7.025 1.0293794863 
7.075 1.0631861098 
7.125 1.0321227221 
7.175 1.0135608322 
7.225 0.9861481691 
7.275 0.9580202148 
7.325 1.0143842515 
7.375 0.9700027843 
7.425 0.9354923615 
7.475 0.9662926079 
7.525 0.9189071019 
7.575 0.9527471506 
7.625 0.966077361 
7.675 0.9855480505 
7.725 0.9614865055 
7.775 1.0223568349 
7.825 0.9773474419 
7.875 1.0269685269 
7.925 1.0032712714 
7.975 0.9823667413 
8.025 1.0452536464 
8.075 1.0108421652 
8.125 0.996974289 
8.175 1.0459602076 
8.225 1.0304227512 
8.275 1.0490816074 
8.325 1.0473331392 
8.375 1.051411845 
8.425 1.0301124604 
8.475 1.0425682125 
8.525 1.0310399738 
8.575 1.0660742905 
8.625 1.0755269343 
8.675 1.0862979225 
8.725 1.0767418317 
8.775 1.0553998657 
8.825 1.0447164331 
8.875 1.0544665722 
8.925 1.0408636623 
8.975 1.0359024709 
9.025 1.0752188299 
9.075 0.9888300689 
9.125 0.993994574 
9.175 1.0254132924 
9.225 0.9867676833 
9.275 1.00623191 
9.325 0.9857379243 
9.375 0.9873561225 
9.425 0.9744582522 
9.475 0.9620462532 
9.525 0.9373145308 
9.575 0.9723856315 
9.625 0.9500421593 
9.675 0.9818358896 
9.725 0.949012075 
9.775 0.9562828348 
9.825 0.9656111555 
9.875 0.9280868903 
9.925 0.9491965917 
9.975 0.9841748271 
