# Radial distribution function (200 data points):
# "Pair separation distance" g(r)
0.025 0.0 
0.075 0.0 
0.125 0.0 
0.175 0.0 
0.225 0.0 
0.275 0.0 
0.325 0.0 
0.375 0.0 
0.425 0.0 
0.475 0.0 
0.525 0.0 
0.575 0.0 
0.625 0.0 
0.675 0.0 
0.725 0.0 
0.775 0.0 
0.825 0.0 
0.875 0.0 
0.925 0.0 
0.975 0.0 
1.025 0.0 
1.075 0.0 
1.125 0.0 
1.175 0.0 
1.225 0.0 
1.275 0.0 
1.325 0.0 
1.375 0.0 
1.425 0.0 
1.475 0.0 
1.525 0.0 
1.575 0.0 
1.625 0.0 
1.675 0.0 
1.725 0.0 
1.775 0.0 
1.825 0.0 
1.875 0.0 
1.925 0.0 
1.975 0.0 
2.025 0.0 
2.075 0.0 
2.125 0.0 
2.175 0.0 
2.225 0.0 
2.275 0.0 
2.325 0.0 
2.375 0.0085533418 
2.425 0.0041021376 
2.475 0.0669472655 
2.525 0.2270196199 
2.575 0.7421832576 
2.625 1.379347124 
2.675 2.4374020844 
2.725 3.0472405472 
2.775 3.3018092846 
2.825 3.554742758 
2.875 3.2453925941 
2.925 2.5517337688 
2.975 1.730767216 
3.025 1.2680416793 
3.075 0.9388519391 
3.125 0.6620252951 
3.175 0.5168998597 
3.225 0.4035805324 
3.275 0.3643619922 
3.325 0.408036695 
3.375 0.3007335941 
3.425 0.2920172976 
3.475 0.3276240958 
3.525 0.3242201816 
3.575 0.4190278616 
3.625 0.3469668592 
3.675 0.3625966185 
3.725 0.4155161649 
3.775 0.4384384168 
3.825 0.5144398805 
3.875 0.6024637577 
3.925 0.6936935059 
3.975 0.8183402176 
4.025 0.9306615271 
4.075 0.9849589183 
4.125 1.1441142884 
4.175 1.2801848405 
4.225 1.339258024 
4.275 1.4348333186 
4.325 1.501153204 
4.375 1.49854611 
4.425 1.6114827867 
4.475 1.5359203166 
4.525 1.6235165847 
4.575 1.619343202 
4.625 1.5687311625 
4.675 1.561845848 
4.725 1.5278855687 
4.775 1.4452702964 
4.825 1.334647075 
4.875 1.3104555451 
4.925 1.1497164149 
4.975 1.1228241658 
5.025 1.1177874883 
5.075 1.0022066251 
5.125 0.9414164418 
5.175 0.935023152 
5.225 0.8880537567 
5.275 0.8843029829 
5.325 0.841400904 
5.375 0.8759201498 
5.425 0.8106676264 
5.475 0.8200720613 
5.525 0.8218922936 
5.575 0.8297249478 
5.625 0.8485869506 
5.675 0.810479095 
5.725 0.8052165215 
5.775 0.8050772826 
5.825 0.7913156157 
5.875 0.8547855887 
5.925 0.8122454508 
5.975 0.8372247347 
6.025 0.8273739715 
6.075 0.8674111581 
6.125 0.8758134441 
6.175 0.8737083366 
6.225 0.8622194684 
6.275 0.8993844928 
6.325 0.9322561692 
6.375 0.9449951001 
6.425 0.9502134714 
6.475 1.0230553971 
6.525 1.0040368631 
6.575 1.0479753764 
6.625 1.0937758937 
6.675 1.1039813908 
6.725 1.06148924 
6.775 1.1136775991 
6.825 1.0798113877 
6.875 1.0314972917 
6.925 1.0795366055 
6.975 1.0532060047 
7.025 1.0407112965 
7.075 1.0742477934 
7.125 1.0430667527 
7.175 1.0009324698 
7.225 0.9917481048 
7.275 0.9439771716 
7.325 0.9864356893 
7.375 0.9810892286 
7.425 0.9801726022 
7.475 0.9800561125 
7.525 0.9905067709 
7.575 0.9438404631 
7.625 0.9360670127 
7.675 0.9669116224 
7.725 1.0304346186 
7.775 0.9629508648 
7.825 1.0070238982 
7.875 0.9538212191 
7.925 1.0213332074 
7.975 0.9979462252 
8.025 0.9937905453 
8.075 1.023697888 
8.125 1.0400060929 
8.175 1.0424840287 
8.225 1.0341271612 
8.275 1.0727513469 
8.325 1.0317096845 
8.375 1.0517575965 
8.425 1.0277554556 
8.475 1.0217099764 
8.525 1.0452778272 
8.575 1.0718369986 
8.625 1.0772817488 
8.675 1.0626554191 
8.725 1.0112157893 
8.775 1.0407664899 
8.825 1.0528576874 
8.875 1.0382714779 
8.925 1.0139509854 
8.975 1.0077762716 
9.025 1.0262585886 
9.075 1.0023854104 
9.125 1.0076549497 
9.175 0.9964157135 
9.225 0.9949984435 
9.275 1.0075751007 
9.325 0.9857018775 
9.375 1.000467645 
9.425 0.9912386462 
9.475 1.0111692893 
9.525 0.9864885331 
9.575 0.9725288827 
9.625 0.9309421429 
9.675 0.9419623946 
9.725 0.9407188219 
9.775 0.9652035637 
9.825 0.954904808 
9.875 0.9267054867 
9.925 0.9563308958 
9.975 0.9778012806 
