# Radial distribution function (200 data points):
# "Pair separation distance" g(r)
0.025 0.0 
0.075 0.0 
0.125 0.0 
0.175 0.0 
0.225 0.0 
0.275 0.0 
0.325 0.0 
0.375 0.0 
0.425 0.0 
0.475 0.0 
0.525 0.0 
0.575 0.0 
0.625 0.0 
0.675 0.0 
0.725 0.0 
0.775 0.0 
0.825 0.0 
0.875 0.0 
0.925 0.0 
0.975 0.0 
1.025 0.0 
1.075 0.0 
1.125 0.0 
1.175 0.0 
1.225 0.0 
1.275 0.0 
1.325 0.0 
1.375 0.0 
1.425 0.0 
1.475 0.0 
1.525 0.0 
1.575 0.0 
1.625 0.0 
1.675 0.0 
1.725 0.0 
1.775 0.0 
1.825 0.0 
1.875 0.0 
1.925 0.0 
1.975 0.0 
2.025 0.0 
2.075 0.0 
2.125 0.0 
2.175 0.0 
2.225 0.0 
2.275 0.0 
2.325 0.0 
2.375 0.0 
2.425 0.0123879347 
2.475 0.0594624235 
2.525 0.2551845463 
2.575 0.6958281793 
2.625 1.5541157696 
2.675 2.4331868601 
2.725 3.3028792745 
2.775 3.6642485741 
2.825 3.5630767504 
2.875 3.0583036917 
2.925 2.2450741593 
2.975 1.7257703623 
3.025 1.199483596 
3.075 0.9193899276 
3.125 0.7086830987 
3.175 0.4793725542 
3.225 0.3829060555 
3.275 0.3079104212 
3.325 0.3558279472 
3.375 0.270747682 
3.425 0.2629004806 
3.475 0.2935974431 
3.525 0.3107335336 
3.575 0.2964025601 
3.625 0.2901304215 
3.675 0.3236440616 
3.725 0.3360150097 
3.775 0.3868139428 
3.825 0.4962707158 
3.875 0.5870481307 
3.925 0.6919836748 
3.975 0.725401635 
4.025 0.7989256754 
4.075 1.013419096 
4.125 1.0746283084 
4.175 1.3165282476 
4.225 1.3603730777 
4.275 1.4935014413 
4.325 1.5500431562 
4.375 1.650566318 
4.425 1.6754856086 
4.475 1.7607291026 
4.525 1.7659143494 
4.575 1.6057062368 
4.625 1.6619957024 
4.675 1.5566367838 
4.725 1.4977619233 
4.775 1.4069174662 
4.825 1.3038511516 
4.875 1.3589864216 
4.925 1.1783567303 
4.975 1.1332055221 
5.025 1.0655665252 
5.075 1.0126169646 
5.125 0.9735397994 
5.175 0.9276156576 
5.225 0.9046103928 
5.275 0.8884154901 
5.325 0.8349850973 
5.375 0.8598685969 
5.425 0.882871997 
5.475 0.8303651689 
5.525 0.8305188494 
5.575 0.8125633098 
5.625 0.8150666571 
5.675 0.757034541 
5.725 0.8053642088 
5.775 0.77910073 
5.825 0.823753592 
5.875 0.8119026693 
5.925 0.8515208569 
5.975 0.7992378386 
6.025 0.8636269195 
6.075 0.82380768 
6.125 0.8123546143 
6.175 0.9062439641 
6.225 0.8691844306 
6.275 0.8523045533 
6.325 0.8777311175 
6.375 0.9345244491 
6.425 1.0088629946 
6.475 0.9921839172 
6.525 1.0249470827 
6.575 1.0431213159 
6.625 1.0711444699 
6.675 1.0344468013 
6.725 1.0733534087 
6.775 1.1030673062 
6.825 1.1046895012 
6.875 1.0547709345 
6.925 1.10137279 
6.975 1.072661407 
7.025 1.053018028 
7.075 1.0837896431 
7.125 1.0332341579 
7.175 0.9778455359 
7.225 0.9885485921 
7.275 0.9846424075 
7.325 0.9644573543 
7.375 0.968390149 
7.425 0.9571537228 
7.475 0.9543877277 
7.525 0.9691931957 
7.575 0.9547480232 
7.625 0.9656574629 
7.675 0.9786759904 
7.725 0.9579095208 
7.775 0.9841930999 
7.825 0.994261648 
7.875 1.0196589127 
7.925 1.0052865898 
7.975 1.020593214 
8.025 0.9977342399 
8.075 1.0476104122 
8.125 1.0185711465 
8.175 1.0086932368 
8.225 1.0531821323 
8.275 1.0170875646 
8.325 1.0658741841 
8.375 1.0542240008 
8.425 1.0564591808 
8.475 1.053835083 
8.525 1.0465217452 
8.575 1.0670480925 
8.625 1.0367584737 
8.675 1.064209192 
8.725 1.0526849252 
8.775 1.05522977 
8.825 1.0570259077 
8.875 1.0291175485 
8.925 1.0718840404 
8.975 1.0174668375 
9.025 1.0291810444 
9.075 1.0208201198 
9.125 1.0047058177 
9.175 1.0030163067 
9.225 1.0264153745 
9.275 0.9803754303 
9.325 1.0103837776 
9.375 0.9639930679 
9.425 0.9469578983 
9.475 0.9683672766 
9.525 1.0037298166 
9.575 0.9683763146 
9.625 0.9895346964 
9.675 0.969215782 
9.725 0.9574778377 
9.775 0.9362712034 
9.825 0.9604757235 
9.875 0.9721901044 
9.925 0.9846063556 
9.975 0.9628016218 
