# Radial distribution function (200 data points):
# "Pair separation distance" g(r)
0.025 0.0 
0.075 0.0 
0.125 0.0 
0.175 0.0 
0.225 0.0 
0.275 0.0 
0.325 0.0 
0.375 0.0 
0.425 0.0 
0.475 0.0 
0.525 0.0 
0.575 0.0 
0.625 0.0 
0.675 0.0 
0.725 0.0 
0.775 0.0 
0.825 0.0 
0.875 0.0 
0.925 0.0 
0.975 0.0 
1.025 0.0 
1.075 0.0 
1.125 0.0 
1.175 0.0 
1.225 0.0 
1.275 0.0 
1.325 0.0 
1.375 0.0 
1.425 0.0 
1.475 0.0 
1.525 0.0 
1.575 0.0 
1.625 0.0 
1.675 0.0 
1.725 0.0 
1.775 0.0 
1.825 0.0 
1.875 0.0 
1.925 0.0 
1.975 0.0 
2.025 0.0 
2.075 0.0 
2.125 0.0 
2.175 0.0 
2.225 0.0 
2.275 0.0 
2.325 0.0 
2.375 0.0043003762 
2.425 0.008249751 
2.475 0.0673183499 
2.525 0.2358872412 
2.575 0.7426388134 
2.625 1.4433173374 
2.675 2.3898938836 
2.725 3.0347312303 
2.775 3.5973119247 
2.825 3.6929867903 
2.875 3.0990386428 
2.925 2.4212814363 
2.975 1.759545829 
3.025 1.3095317155 
3.075 0.8799217016 
3.125 0.6483073074 
3.175 0.5053270864 
3.225 0.3918238451 
3.275 0.3234109431 
3.325 0.315951722 
3.375 0.2960117977 
3.425 0.3163823765 
3.475 0.3435015631 
3.525 0.3143041168 
3.575 0.3055740161 
3.625 0.3285843031 
3.675 0.3628103777 
3.725 0.3688697982 
3.775 0.4323576755 
3.825 0.4824736988 
3.875 0.5314913201 
3.925 0.6644724412 
3.975 0.736904083 
4.025 0.9313281889 
4.075 1.0196343681 
4.125 1.1661375989 
4.175 1.2817142048 
4.225 1.3276566839 
4.275 1.4746419614 
4.325 1.591172337 
4.375 1.585426765 
4.425 1.5844884992 
4.475 1.6437621195 
4.525 1.5827582645 
4.575 1.702491663 
4.625 1.558148143 
4.675 1.5771624383 
4.725 1.4874606566 
4.775 1.4713675634 
4.825 1.3378770984 
4.875 1.2217738369 
4.925 1.1730905328 
4.975 1.1094463833 
5.025 1.0807531866 
5.075 0.996459792 
5.125 0.978958764 
5.175 0.948358001 
5.225 0.9631703306 
5.275 0.8987940803 
5.325 0.9016706088 
5.375 0.8152839236 
5.425 0.8201064717 
5.475 0.8213807009 
5.525 0.7994294989 
5.575 0.8093489722 
5.625 0.8187909941 
5.675 0.7825835668 
5.725 0.8651879981 
5.775 0.8415431447 
5.825 0.807140489 
5.875 0.825086443 
5.925 0.818129652 
5.975 0.8432243622 
6.025 0.8306235714 
6.075 0.8380402664 
6.125 0.8709690359 
6.175 0.8715533732 
6.225 0.9233379622 
6.275 0.8883522771 
6.325 0.912563084 
6.375 0.9448612274 
6.425 0.9519546868 
6.475 1.0090542006 
6.525 1.0130206938 
6.575 1.0268504556 
6.625 1.0644669302 
6.675 1.0692681489 
6.725 1.0727366916 
6.775 1.1457461992 
6.825 1.0717360374 
6.875 1.0618493097 
6.925 1.0546645167 
6.975 1.0774923635 
7.025 1.0253438508 
7.075 1.0792330555 
7.125 1.0369025245 
7.175 1.0163757497 
7.225 1.007468693 
7.275 0.9955013051 
7.325 0.9376516568 
7.375 0.9704717457 
7.425 0.9270853026 
7.475 0.9394700961 
7.525 0.9467327155 
7.575 0.9575270969 
7.625 0.9692095287 
7.675 0.9516809123 
7.725 0.9544415072 
7.775 1.0003908343 
7.825 1.0023053967 
7.875 0.9931385379 
7.925 0.9848949615 
7.975 1.0153013478 
8.025 1.0136124315 
8.075 1.0141194671 
8.125 1.0376868188 
8.175 1.0468105651 
8.225 1.0269506653 
8.275 1.0606306848 
8.325 1.0552788748 
8.375 1.0562040513 
8.425 1.0560077447 
8.475 1.0523652362 
8.525 1.0824470122 
8.575 1.0467676726 
8.625 1.0685792466 
8.675 1.0414693814 
8.725 1.0643001532 
8.775 1.0496857103 
8.825 1.042497063 
8.875 1.0440265514 
8.925 1.0302298523 
8.975 1.0458862734 
9.025 1.0242037496 
9.075 1.002934262 
9.125 1.0260587691 
9.175 0.99214128 
9.225 0.9822706732 
9.275 1.0125960628 
9.325 0.9716379536 
9.375 0.9886252922 
9.425 0.9798022123 
9.475 0.9643547423 
9.525 0.9203004146 
9.575 0.9739507198 
9.625 0.9470998621 
9.675 0.9673971277 
9.725 0.9633744511 
9.775 0.9702997541 
9.825 0.951402464 
9.875 0.9557227889 
9.925 0.9370061241 
9.975 0.9673745621 
