# Radial distribution function (200 data points):
# "Pair separation distance" g(r)
0.025 0.0 
0.075 0.0 
0.125 0.0 
0.175 0.0 
0.225 0.0 
0.275 0.0 
0.325 0.0 
0.375 0.0 
0.425 0.0 
0.475 0.0 
0.525 0.0 
0.575 0.0 
0.625 0.0 
0.675 0.0 
0.725 0.0 
0.775 0.0 
0.825 0.0 
0.875 0.0 
0.925 0.0 
0.975 0.0 
1.025 0.0 
1.075 0.0 
1.125 0.0 
1.175 0.0 
1.225 0.0 
1.275 0.0 
1.325 0.0 
1.375 0.0 
1.425 0.0 
1.475 0.0 
1.525 0.0 
1.575 0.0 
1.625 0.0 
1.675 0.0 
1.725 0.0 
1.775 0.0 
1.825 0.0 
1.875 0.0 
1.925 0.0 
1.975 0.0 
2.025 0.0 
2.075 0.0 
2.125 0.0 
2.175 0.0 
2.225 0.0 
2.275 0.0 
2.325 0.0 
2.375 0.0086158359 
2.425 0.0123963284 
2.475 0.0674364088 
2.525 0.2401122315 
2.575 0.7952474993 
2.625 1.4846395996 
2.675 2.4653983111 
2.725 3.180766272 
2.775 3.6698869052 
2.825 3.5228634345 
2.875 3.207368035 
2.925 2.3744041997 
2.975 1.6610469273 
3.025 1.2268515625 
3.075 0.8788949873 
3.125 0.6096315945 
3.175 0.4580025085 
3.225 0.3901746274 
3.275 0.3534306784 
3.325 0.2835364631 
3.375 0.2709311334 
3.425 0.290007922 
3.475 0.3058702005 
3.525 0.3285446865 
3.575 0.3080112174 
3.625 0.2977238725 
3.675 0.3400565218 
3.725 0.373019228 
3.775 0.4041278453 
3.825 0.4932851897 
3.875 0.514622027 
3.925 0.6167401932 
3.975 0.7843336977 
4.025 0.9479608776 
4.075 1.0082523373 
4.125 1.1210555264 
4.175 1.2463214189 
4.225 1.4198305077 
4.275 1.5809398843 
4.325 1.4341768341 
4.375 1.6275632453 
4.425 1.569892971 
4.475 1.7085305458 
4.525 1.6970910452 
4.575 1.7089603267 
4.625 1.5904170468 
4.675 1.6032770667 
4.725 1.5401373455 
4.775 1.367371824 
4.825 1.3777997441 
4.875 1.3026479824 
4.925 1.1901752948 
4.975 1.1693179756 
5.025 1.046079085 
5.075 1.0236814236 
5.125 0.9205398353 
5.175 0.9926677795 
5.225 0.9248053514 
5.275 0.8907640527 
5.325 0.811555554 
5.375 0.8511990571 
5.425 0.8033799175 
5.475 0.8430877211 
5.525 0.8167525938 
5.575 0.8084228393 
5.625 0.8002588693 
5.675 0.8103645431 
5.725 0.8051684945 
5.775 0.8299037449 
5.825 0.8465130173 
5.875 0.8124527927 
5.925 0.8167956402 
5.975 0.7671075422 
6.025 0.7999484489 
6.075 0.8665059784 
6.125 0.8388143681 
6.175 0.8775428536 
6.225 0.8421814213 
6.275 0.904721482 
6.325 0.8813629325 
6.375 0.9273846081 
6.425 0.9912982093 
6.475 1.0015502066 
6.525 1.0090897478 
6.575 1.0427038978 
6.625 1.055260689 
6.675 1.0885958053 
6.725 1.095035735 
6.775 1.0572268517 
6.825 1.1289135685 
6.875 1.1295187067 
6.925 1.0772897018 
6.975 1.0569052861 
7.025 1.0872145825 
7.075 1.0301521515 
7.125 0.9970764083 
7.175 0.9988051784 
7.225 1.0036493569 
7.275 0.9958697426 
7.325 0.9800562496 
7.375 0.9350917079 
7.425 0.9441382653 
7.475 0.9837376147 
7.525 0.9616962896 
7.575 0.9452311589 
7.625 0.9809401885 
7.675 0.9756263719 
7.725 1.0086446853 
7.775 0.989281783 
7.825 0.9893792521 
7.875 0.9819495446 
7.925 0.9695981419 
7.975 0.9987423539 
8.025 1.0089754659 
8.075 0.9942831189 
8.125 1.0402428465 
8.175 1.0370109327 
8.225 1.0560509462 
8.275 1.0160023491 
8.325 1.0627395343 
8.375 1.0729536816 
8.425 1.074977179 
8.475 1.0457527659 
8.525 1.0596023412 
8.575 1.027783382 
8.625 1.0678400053 
8.675 1.0368378114 
8.725 1.0632937551 
8.775 1.0420590602 
8.825 1.0449493688 
8.875 1.0548043665 
8.925 1.0466797522 
8.975 1.0332400419 
9.025 1.0564308744 
9.075 1.0097092374 
9.125 1.0156009568 
9.175 0.9970565776 
9.225 1.0119768802 
9.275 0.9765200878 
9.325 1.0021258248 
9.375 0.9757055299 
9.425 0.9902743372 
9.475 0.946286554 
9.525 0.9556625557 
9.575 0.940406775 
9.625 0.9650238018 
9.675 0.9716897095 
9.725 0.9524739347 
9.775 0.9534362318 
9.825 0.9560918041 
9.875 0.9544085644 
9.925 0.9606046577 
9.975 0.9707806367 
