# Radial distribution function (200 data points):
# "Pair separation distance" g(r)
0.025 0.0 
0.075 0.0 
0.125 0.0 
0.175 0.0 
0.225 0.0 
0.275 0.0 
0.325 0.0 
0.375 0.0 
0.425 0.0 
0.475 0.0 
0.525 0.0 
0.575 0.0 
0.625 0.0 
0.675 0.0 
0.725 0.0 
0.775 0.0 
0.825 0.0 
0.875 0.0 
0.925 0.0 
0.975 0.0 
1.025 0.0 
1.075 0.0 
1.125 0.0 
1.175 0.0 
1.225 0.0 
1.275 0.0 
1.325 0.0 
1.375 0.0 
1.425 0.0 
1.475 0.0 
1.525 0.0 
1.575 0.0 
1.625 0.0 
1.675 0.0 
1.725 0.0 
1.775 0.0 
1.825 0.0 
1.875 0.0 
1.925 0.0 
1.975 0.0 
2.025 0.0 
2.075 0.0 
2.125 0.0 
2.175 0.0 
2.225 0.0 
2.275 0.0 
2.325 0.0 
2.375 0.0042942108 
2.425 0.0123568851 
2.475 0.055359159 
2.525 0.3115326156 
2.575 0.6539003111 
2.625 1.455309017 
2.675 2.5117147351 
2.725 3.2228372301 
2.775 3.6424823848 
2.825 3.66644621 
2.875 2.9422101785 
2.925 2.3951607824 
2.975 1.7406023993 
3.025 1.2282420451 
3.075 0.9042770765 
3.125 0.6349759582 
3.175 0.4541423413 
3.225 0.3539990331 
3.275 0.3816649559 
3.325 0.3198806705 
3.375 0.3253588005 
3.425 0.3427724025 
3.475 0.2687907462 
3.525 0.3119040999 
3.575 0.3354599824 
3.625 0.2672832356 
3.675 0.3228328678 
3.725 0.4032547857 
3.775 0.414740255 
3.825 0.4801263704 
3.875 0.5936425261 
3.925 0.6792430081 
3.975 0.7695739349 
4.025 0.8761669898 
4.075 1.022548623 
4.125 1.1103707289 
4.175 1.1839900956 
4.225 1.3325380459 
4.275 1.4248131031 
4.325 1.5552226473 
4.375 1.6350396805 
4.425 1.7455105092 
4.475 1.6438246337 
4.525 1.6905081463 
4.575 1.6745905519 
4.625 1.6012101356 
4.675 1.5261358524 
4.725 1.5970803146 
4.775 1.4352622225 
4.825 1.326594792 
4.875 1.2200221857 
4.925 1.2303286377 
4.975 1.1440666091 
5.025 1.0638550409 
5.075 0.9893882736 
5.125 0.9858552329 
5.175 0.9424759076 
5.225 0.9147646776 
5.275 0.8705193828 
5.325 0.8593739614 
5.375 0.8459753764 
5.425 0.8222228728 
5.475 0.8347485649 
5.525 0.8371659498 
5.575 0.8066299074 
5.625 0.8214448929 
5.675 0.7483679237 
5.725 0.8329075494 
5.775 0.7851373339 
5.825 0.8088388609 
5.875 0.8330268135 
5.925 0.821786684 
5.975 0.8264099923 
6.025 0.8180889002 
6.075 0.874906732 
6.125 0.8723030203 
6.175 0.8404466926 
6.225 0.9188887053 
6.275 0.8735448572 
6.325 0.9391070513 
6.375 0.9446986333 
6.425 0.9441352514 
6.475 1.0064520113 
6.525 1.0007585457 
6.575 1.0214560532 
6.625 1.0513511119 
6.675 1.062298611 
6.725 1.1124398647 
6.775 1.0791936147 
6.825 1.0722795715 
6.875 1.1243872932 
6.925 1.1077042308 
6.975 1.028647698 
7.025 1.028782132 
7.075 1.0423597379 
7.125 1.0335073217 
7.175 1.0050375892 
7.225 0.986998923 
7.275 1.0027699193 
7.325 0.9968016535 
7.375 0.9606187457 
7.425 0.9617846233 
7.475 0.9966475029 
7.525 0.9740360913 
7.575 0.9295592748 
7.625 0.9524048511 
7.675 0.9749893564 
7.725 0.9534790375 
7.775 0.995750942 
7.825 0.9886047915 
7.875 1.0100725335 
7.925 0.9776977287 
7.975 1.0146074325 
8.025 0.9971141185 
8.075 1.0379264446 
8.125 0.9793255585 
8.175 1.036610925 
8.225 1.0304911442 
8.275 1.0424840875 
8.325 1.0523678956 
8.375 1.0512363066 
8.425 1.0667791156 
8.475 1.0532171827 
8.525 1.052231228 
8.575 1.0772211948 
8.625 1.061186122 
8.675 1.0303199994 
8.725 1.0831388082 
8.775 1.0327663578 
8.825 1.0571757675 
8.875 1.0360715869 
8.925 1.0196299718 
8.975 1.0519046923 
9.025 1.0084604782 
9.075 1.0264970034 
9.125 1.0350605012 
9.175 0.9941718365 
9.225 1.003633433 
9.275 0.9832681499 
9.325 0.9769305018 
9.375 1.0070512799 
9.425 1.0037572754 
9.475 0.9629721516 
9.525 0.9806557686 
9.575 0.9445481874 
9.625 0.9491411377 
9.675 0.9817955008 
9.725 0.9412474047 
9.775 0.9744858222 
9.825 0.9575664814 
9.875 0.9985677633 
9.925 0.960253091 
9.975 0.9762123095 
