# Radial distribution function (200 data points):
# "Pair separation distance" g(r)
0.025 0.0 
0.075 0.0 
0.125 0.0 
0.175 0.0 
0.225 0.0 
0.275 0.0 
0.325 0.0 
0.375 0.0 
0.425 0.0 
0.475 0.0 
0.525 0.0 
0.575 0.0 
0.625 0.0 
0.675 0.0 
0.725 0.0 
0.775 0.0 
0.825 0.0 
0.875 0.0 
0.925 0.0 
0.975 0.0 
1.025 0.0 
1.075 0.0 
1.125 0.0 
1.175 0.0 
1.225 0.0 
1.275 0.0 
1.325 0.0 
1.375 0.0 
1.425 0.0 
1.475 0.0 
1.525 0.0 
1.575 0.0 
1.625 0.0 
1.675 0.0 
1.725 0.0 
1.775 0.0 
1.825 0.0 
1.875 0.0 
1.925 0.0 
1.975 0.0 
2.025 0.0 
2.075 0.0 
2.125 0.0 
2.175 0.0 
2.225 0.0 
2.275 0.0 
2.325 0.0 
2.375 0.0086198389 
2.425 0.0248041757 
2.475 0.0634990497 
2.525 0.2745414735 
2.575 0.7882841015 
2.625 1.5170822581 
2.675 2.3612230138 
2.725 3.5096354445 
2.775 3.7442029796 
2.825 3.5519163456 
2.875 3.1294455781 
2.925 2.301627949 
2.975 1.7002739693 
3.025 1.1663161637 
3.075 0.7738897713 
3.125 0.5451891778 
3.175 0.4220404076 
3.225 0.3997057473 
3.275 0.2674627975 
3.325 0.2528825004 
3.375 0.2433110168 
3.425 0.298432452 
3.475 0.3039990711 
3.525 0.3071754817 
3.575 0.2967411986 
3.625 0.3163629547 
3.675 0.3726158968 
3.725 0.308365663 
3.775 0.3497244693 
3.825 0.4984993672 
3.875 0.4970514625 
3.925 0.6217609556 
3.975 0.7416166401 
4.025 0.8838740028 
4.075 0.9926163828 
4.125 1.1501515711 
4.175 1.2245845765 
4.225 1.3414983877 
4.275 1.5111708314 
4.325 1.5765079315 
4.375 1.6791250209 
4.425 1.7730029423 
4.475 1.7323905077 
4.525 1.6931302123 
4.575 1.7051082502 
4.625 1.6854887838 
4.675 1.5884489318 
4.725 1.5691653957 
4.775 1.3946635276 
4.825 1.3408460647 
4.875 1.2950695082 
4.925 1.2689073867 
4.975 1.1787015104 
5.025 1.1139611973 
5.075 1.0298205744 
5.125 1.0153782659 
5.175 0.9205052885 
5.225 0.9136584534 
5.275 0.8370082704 
5.325 0.8616602655 
5.375 0.8204591571 
5.425 0.8128397972 
5.475 0.8191482883 
5.525 0.8187249128 
5.575 0.8048874206 
5.625 0.7752748093 
5.675 0.759409209 
5.725 0.800350318 
5.775 0.7588509098 
5.825 0.7795550497 
5.875 0.8170564179 
5.925 0.788781756 
5.975 0.8151325138 
6.025 0.8277787922 
6.075 0.823431386 
6.125 0.8502206659 
6.175 0.8856015516 
6.225 0.8889988999 
6.275 0.8779752189 
6.325 0.887849418 
6.375 0.9631095544 
6.425 0.9316878739 
6.475 0.9591051464 
6.525 0.9850048343 
6.575 1.0038227474 
6.625 1.061843972 
6.675 1.077097449 
6.725 1.0735045923 
6.775 1.0540104722 
6.825 1.1007323887 
6.875 1.1233568412 
6.925 1.1294998148 
6.975 1.0698891995 
7.025 1.0625957494 
7.075 1.0656003317 
7.125 1.0147799008 
7.175 1.0200479856 
7.225 1.0143617377 
7.275 0.9926576223 
7.325 0.9397324579 
7.375 0.9913984801 
7.425 0.9772093612 
7.475 0.9476463231 
7.525 0.95484438 
7.575 0.9948180606 
7.625 0.9868318785 
7.675 0.9921756829 
7.725 0.9993358686 
7.775 0.988534899 
7.825 0.9894418774 
7.875 0.9871100228 
7.925 1.0025642204 
7.975 0.9946193542 
8.025 0.9943441048 
8.075 1.0036933014 
8.125 1.0068454692 
8.175 1.0309447447 
8.225 1.0493542372 
8.275 1.0047581301 
8.325 1.0393798219 
8.375 1.0692928595 
8.425 1.0456783834 
8.475 1.0631625807 
8.525 1.0540732756 
8.575 1.04280864 
8.625 1.0807548443 
8.675 1.0815776388 
8.725 1.0532488927 
8.775 1.0583297498 
8.825 1.0463713495 
8.875 1.0370837394 
8.925 1.029464027 
8.975 1.0533381381 
9.025 1.0276705484 
9.075 1.026414419 
9.125 1.022788236 
9.175 1.0183135133 
9.225 0.9975917339 
9.275 0.9933650152 
9.325 0.9950426275 
9.375 0.970903248 
9.425 0.9844397042 
9.475 0.9781393175 
9.525 0.933597328 
9.575 0.9851280512 
9.625 0.9654721586 
9.675 0.96227171 
9.725 0.95882881 
9.775 0.9594767891 
9.825 0.9713953119 
9.875 0.9428851759 
9.925 0.9534000678 
9.975 0.9355587566 
