# Radial distribution function (200 data points):
# "Pair separation distance" g(r)
0.025 0.0 
0.075 0.0 
0.125 0.0 
0.175 0.0 
0.225 0.0 
0.275 0.0 
0.325 0.0 
0.375 0.0 
0.425 0.0 
0.475 0.0 
0.525 0.0 
0.575 0.0 
0.625 0.0 
0.675 0.0 
0.725 0.0 
0.775 0.0 
0.825 0.0 
0.875 0.0 
0.925 0.0 
0.975 0.0 
1.025 0.0 
1.075 0.0 
1.125 0.0 
1.175 0.0 
1.225 0.0 
1.275 0.0 
1.325 0.0 
1.375 0.0 
1.425 0.0 
1.475 0.0 
1.525 0.0 
1.575 0.0 
1.625 0.0 
1.675 0.0 
1.725 0.0 
1.775 0.0 
1.825 0.0 
1.875 0.0 
1.925 0.0 
1.975 0.0 
2.025 0.0 
2.075 0.0 
2.125 0.0 
2.175 0.0 
2.225 0.0 
2.275 0.0 
2.325 0.0 
2.375 0.0129182101 
2.425 0.0123910109 
2.475 0.0793029195 
2.525 0.3123929708 
2.575 0.7143167864 
2.625 1.5298270665 
2.675 2.4609463532 
2.725 3.4345390473 
2.775 3.7156253999 
2.825 3.6887458613 
2.875 3.1090190296 
2.925 2.2371147347 
2.975 1.6328908661 
3.025 1.2422515988 
3.075 0.7500796783 
3.125 0.5049066451 
3.175 0.4409395067 
3.225 0.3222814478 
3.275 0.2943992266 
3.325 0.3273551232 
3.375 0.2665501138 
3.425 0.2443303964 
3.475 0.2755673841 
3.525 0.3010367755 
3.575 0.2261580999 
3.625 0.2828087749 
3.675 0.3776785025 
3.725 0.3255953743 
3.775 0.4227034346 
3.825 0.4167052913 
3.875 0.5677825409 
3.925 0.6196289665 
3.975 0.788609001 
4.025 0.9295627071 
4.075 0.9946552854 
4.125 1.1319945111 
4.175 1.2234908403 
4.225 1.3811215568 
4.275 1.5616547789 
4.325 1.5841894872 
4.375 1.6801633234 
4.425 1.6634967771 
4.475 1.6762616238 
4.525 1.7105982811 
4.575 1.6397589088 
4.625 1.6794412919 
4.675 1.6381530325 
4.725 1.5579721729 
4.775 1.4765116127 
4.825 1.3365184697 
4.875 1.2540529449 
4.925 1.2106941887 
4.975 1.1207290647 
5.025 1.1110423813 
5.075 1.0336161938 
5.125 1.0153961508 
5.175 0.9595904955 
5.225 0.8514524331 
5.275 0.8685588664 
5.325 0.8745963969 
5.375 0.8777377692 
5.425 0.8277948697 
5.475 0.8248991752 
5.525 0.7797994127 
5.575 0.7682193112 
5.625 0.8137337125 
5.675 0.7700440292 
5.725 0.815198364 
5.775 0.8244495657 
5.825 0.8160836598 
5.875 0.852216889 
5.925 0.7562497291 
5.975 0.8232493065 
6.025 0.8310542172 
6.075 0.8635016578 
6.125 0.8157936191 
6.175 0.8746183751 
6.225 0.9051290497 
6.275 0.8833597698 
6.325 0.8943423208 
6.375 0.9455145829 
6.425 0.961452766 
6.475 0.9536137053 
6.525 0.9795610201 
6.575 1.047875257 
6.625 1.097420944 
6.675 1.0935803921 
6.725 1.0693233219 
6.775 1.105457948 
6.825 1.0747194155 
6.875 1.1125894519 
6.925 1.0722690548 
6.975 1.0649394821 
7.025 1.0242405047 
7.075 1.042812135 
7.125 1.0114812117 
7.175 0.9964894436 
7.225 0.9766958879 
7.275 0.9458769531 
7.325 0.9787304543 
7.375 0.9780087917 
7.425 0.9366839093 
7.475 0.9467999339 
7.525 0.9179595064 
7.575 0.990119759 
7.625 0.9646439336 
7.675 0.9574768182 
7.725 1.0029206372 
7.775 0.9800175769 
7.825 1.0072027145 
7.875 1.0007202255 
7.925 0.9931603979 
7.975 0.9925852798 
8.025 0.9976048367 
8.075 1.015462193 
8.125 1.0368531125 
8.175 1.0362026475 
8.225 1.0315418024 
8.275 1.0698388574 
8.325 1.051769475 
8.375 1.0524079872 
8.425 1.0529572986 
8.475 1.0777691465 
8.525 1.0785326625 
8.575 1.0778837948 
8.625 1.0566069086 
8.675 1.0596320126 
8.725 1.0577324537 
8.775 1.0794659224 
8.825 1.0741301565 
8.875 1.0663787288 
8.925 1.0206162616 
8.975 1.0530004434 
9.025 1.0422598421 
9.075 1.0257926157 
9.125 1.0093310246 
9.175 1.0035539249 
9.225 1.0223888993 
9.275 0.9882424675 
9.325 0.9941539063 
9.375 0.9973960791 
9.425 0.967700985 
9.475 0.973477842 
9.525 0.982025393 
9.575 0.9349695413 
9.625 0.9659208158 
9.675 0.9258620613 
9.725 0.9502675611 
9.775 0.9441299553 
9.825 0.9649919038 
9.875 0.9612226568 
9.925 0.9439181491 
9.975 0.9513231047 
