# Radial distribution function (200 data points):
# "Pair separation distance" g(r)
0.025 0.0 
0.075 0.0 
0.125 0.0 
0.175 0.0 
0.225 0.0 
0.275 0.0 
0.325 0.0 
0.375 0.0 
0.425 0.0 
0.475 0.0 
0.525 0.0 
0.575 0.0 
0.625 0.0 
0.675 0.0 
0.725 0.0 
0.775 0.0 
0.825 0.0 
0.875 0.0 
0.925 0.0 
0.975 0.0 
1.025 0.0 
1.075 0.0 
1.125 0.0 
1.175 0.0 
1.225 0.0 
1.275 0.0 
1.325 0.0 
1.375 0.0 
1.425 0.0 
1.475 0.0 
1.525 0.0 
1.575 0.0 
1.625 0.0 
1.675 0.0 
1.725 0.0 
1.775 0.0 
1.825 0.0 
1.875 0.0 
1.925 0.0 
1.975 0.0 
2.025 0.0 
2.075 0.0 
2.125 0.0 
2.175 0.0 
2.225 0.0 
2.275 0.0 
2.325 0.0 
2.375 0.0043084441 
2.425 0.0123978425 
2.475 0.1071179666 
2.525 0.2668239545 
2.575 0.8429920061 
2.625 1.3578528744 
2.675 2.5641915644 
2.725 3.4167958693 
2.775 3.7555449944 
2.825 3.5263389192 
2.875 2.9725436707 
2.925 2.2951589996 
2.975 1.7408799659 
3.025 1.2482481894 
3.075 0.7941863217 
3.125 0.6047288634 
3.175 0.4122526045 
3.225 0.3575090385 
3.275 0.312688403 
3.325 0.2483994859 
3.375 0.3008342973 
3.425 0.2444651041 
3.475 0.3038950102 
3.525 0.2640413695 
3.575 0.3308672708 
3.625 0.3088568916 
3.675 0.3382985961 
3.725 0.3205204526 
3.775 0.404177206 
3.825 0.5082953021 
3.875 0.5276329309 
3.925 0.6325908557 
3.975 0.8044247589 
4.025 0.9090735089 
4.075 0.9820318599 
4.125 1.1611840316 
4.175 1.2757532285 
4.225 1.3328704172 
4.275 1.4428337139 
4.325 1.5889606012 
4.375 1.635380269 
4.425 1.6855138731 
4.475 1.6953897027 
4.525 1.7174760025 
4.575 1.6952356179 
4.625 1.6542357545 
4.675 1.5756734324 
4.725 1.5196426445 
4.775 1.3835272096 
4.825 1.3675288786 
4.875 1.288490528 
4.925 1.1833069904 
4.975 1.1900810132 
5.025 1.0365821363 
5.075 0.9851188401 
5.125 0.9724678765 
5.175 0.980991715 
5.225 0.9623067289 
5.275 0.9109611612 
5.325 0.885363551 
5.375 0.8765392793 
5.425 0.8100842349 
5.475 0.8302185323 
5.525 0.8009293052 
5.575 0.8484003051 
5.625 0.8026609036 
5.675 0.8006534422 
5.725 0.7845048945 
5.775 0.8008565552 
5.825 0.8108035345 
5.875 0.7717131901 
5.925 0.8196645416 
5.975 0.837318121 
6.025 0.7772833361 
6.075 0.835002873 
6.125 0.8518730663 
6.175 0.8451444809 
6.225 0.8767784307 
6.275 0.8739714134 
6.325 0.9452572209 
6.375 0.9454378778 
6.425 0.9372562388 
6.475 0.9767466581 
6.525 1.0166336832 
6.575 1.0186578081 
6.625 1.0863978782 
6.675 1.0281832301 
6.725 1.0398198978 
6.775 1.1087147861 
6.825 1.0956599152 
6.875 1.0849228806 
6.925 1.0759009335 
6.975 1.0805129297 
7.025 1.0577998932 
7.075 1.0191109665 
7.125 1.0402840482 
7.175 0.9861809386 
7.225 0.9879425163 
7.275 0.9794604022 
7.325 1.0028232736 
7.375 0.9414614793 
7.425 0.9658541557 
7.475 0.9573257962 
7.525 0.9656764583 
7.575 0.9766887474 
7.625 0.9747899123 
7.675 0.9641933691 
7.725 0.9916632192 
7.775 0.9890005823 
7.825 1.028000501 
7.875 1.0122448005 
7.925 1.0115080262 
7.975 1.0141491823 
8.025 1.016268814 
8.075 0.9821049553 
8.125 1.0440513253 
8.175 1.0196822634 
8.225 1.0364214655 
8.275 1.0338722788 
8.325 1.0519986856 
8.375 1.0470978575 
8.425 1.0679182622 
8.475 1.0526477585 
8.525 1.061403791 
8.575 1.0907072108 
8.625 1.0954129277 
8.675 1.0537573987 
8.725 1.0605503721 
8.775 1.066173668 
8.825 1.0622401041 
8.875 1.061104206 
8.925 1.0318575594 
8.975 1.0550895628 
9.025 0.9912149153 
9.075 1.0160296668 
9.125 1.0128062536 
9.175 1.0098812684 
9.225 0.9901107165 
9.275 0.965903956 
9.325 0.9910686582 
9.375 0.9614458757 
9.425 0.9551021987 
9.475 0.971848874 
9.525 0.9662264206 
9.575 0.9543060584 
9.625 0.9452039795 
9.675 0.9346807947 
9.725 0.974432778 
9.775 0.9583853081 
9.825 0.9562085824 
9.875 0.967235524 
9.925 0.942711534 
9.975 0.9630831651 
