# Radial distribution function (200 data points):
# "Pair separation distance" g(r)
0.025 0.0 
0.075 0.0 
0.125 0.0 
0.175 0.0 
0.225 0.0 
0.275 0.0 
0.325 0.0 
0.375 0.0 
0.425 0.0 
0.475 0.0 
0.525 0.0 
0.575 0.0 
0.625 0.0 
0.675 0.0 
0.725 0.0 
0.775 0.0 
0.825 0.0 
0.875 0.0 
0.925 0.0 
0.975 0.0 
1.025 0.0 
1.075 0.0 
1.125 0.0 
1.175 0.0 
1.225 0.0 
1.275 0.0 
1.325 0.0 
1.375 0.0 
1.425 0.0 
1.475 0.0 
1.525 0.0 
1.575 0.0 
1.625 0.0 
1.675 0.0 
1.725 0.0 
1.775 0.0 
1.825 0.0 
1.875 0.0 
1.925 0.0 
1.975 0.0 
2.025 0.0 
2.075 0.0 
2.125 0.0 
2.175 0.0 
2.225 0.0 
2.275 0.0 
2.325 0.0 
2.375 0.0 
2.425 0.0165207002 
2.475 0.0555098674 
2.525 0.3657140185 
2.575 0.7069627442 
2.625 1.5015686209 
2.675 2.4744269794 
2.725 3.5129050751 
2.775 3.7754068287 
2.825 3.5851256387 
2.875 2.9766661716 
2.925 2.2966432358 
2.975 1.6986887753 
3.025 1.14399455 
3.075 0.7295009504 
3.125 0.5770135442 
3.175 0.4505598647 
3.225 0.3969978137 
3.275 0.2989167266 
3.325 0.3009791524 
3.375 0.2537457604 
3.425 0.2588144257 
3.475 0.2272838953 
3.525 0.2990702663 
3.575 0.302165783 
3.625 0.2864943897 
3.675 0.3255101383 
3.725 0.3360852748 
3.775 0.4090518033 
3.825 0.443250801 
3.875 0.5823182381 
3.925 0.7047411954 
3.975 0.7532227324 
4.025 0.8935446036 
4.075 0.9375721222 
4.125 1.1148210016 
4.175 1.2429510765 
4.225 1.3565755768 
4.275 1.460588357 
4.325 1.5867243123 
4.375 1.673752677 
4.425 1.6708742099 
4.475 1.7465427709 
4.525 1.7591662968 
4.575 1.7069998541 
4.625 1.6952721778 
4.675 1.5891906384 
4.725 1.5318008539 
4.775 1.4732579417 
4.825 1.2926475144 
4.875 1.223343543 
4.925 1.2166548982 
4.975 1.1530691999 
5.025 1.0330846218 
5.075 1.0024552375 
5.125 1.0310767976 
5.175 0.9686223746 
5.225 0.9403865618 
5.275 0.8973301619 
5.325 0.9156776647 
5.375 0.8558448465 
5.425 0.8302382773 
5.475 0.7689573949 
5.525 0.8529716315 
5.575 0.8252368155 
5.625 0.7998842338 
5.675 0.827331228 
5.725 0.8010862587 
5.775 0.8222323935 
5.825 0.7852707706 
5.875 0.8022206166 
5.925 0.8129538848 
5.975 0.8218563433 
6.025 0.7875301668 
6.075 0.7996291038 
6.125 0.8312999545 
6.175 0.7981455656 
6.225 0.8825289064 
6.275 0.8833251395 
6.325 0.9355923201 
6.375 0.9520516326 
6.425 0.953766117 
6.475 1.0207785402 
6.525 1.0263023823 
6.575 0.9989539769 
6.625 1.091290601 
6.675 1.0226701836 
6.725 1.0424285283 
6.775 1.0990646943 
6.825 1.0897988947 
6.875 1.0863380579 
6.925 1.0737464712 
6.975 1.1008436483 
7.025 1.0783387649 
7.075 1.0015262297 
7.125 1.0200536437 
7.175 1.0195687819 
7.225 0.9864288274 
7.275 0.9687860114 
7.325 0.9922724563 
7.375 0.9516233017 
7.425 0.9538293335 
7.475 0.9528485279 
7.525 0.9260733079 
7.575 0.9414023163 
7.625 0.9445536725 
7.675 0.9735203037 
7.725 0.9996252115 
7.775 0.9687288841 
7.825 1.0075599062 
7.875 0.9756150124 
7.925 1.0314076876 
7.975 1.0097316643 
8.025 1.0537613017 
8.075 1.0437320321 
8.125 1.024303017 
8.175 1.0576048732 
8.225 1.0688407787 
8.275 1.0616386509 
8.325 1.0433172203 
8.375 1.047172422 
8.425 1.0648926398 
8.475 1.0499974924 
8.525 1.0484116283 
8.575 1.0451396346 
8.625 1.113377104 
8.675 1.033447667 
8.725 1.0627959816 
8.775 1.0841551512 
8.825 1.0397820993 
8.875 1.0567775122 
8.925 1.0669244995 
8.975 1.0550699055 
9.025 1.0258178253 
9.075 1.0012735489 
9.125 1.0157089159 
9.175 0.9847599972 
9.225 0.954420561 
9.275 1.0237790596 
9.325 0.9904837175 
9.375 0.9735906439 
9.425 0.9725847591 
9.475 0.9642409714 
9.525 0.9661915765 
9.575 0.9561271724 
9.625 0.962474567 
9.675 0.9421730245 
9.725 0.9494598507 
9.775 0.9557860701 
9.825 0.9563990697 
9.875 0.9596905169 
9.925 0.9379633945 
9.975 0.9617824201 
