# Radial distribution function (200 data points):
# "Pair separation distance" g(r)
0.025 0.0 
0.075 0.0 
0.125 0.0 
0.175 0.0 
0.225 0.0 
0.275 0.0 
0.325 0.0 
0.375 0.0 
0.425 0.0 
0.475 0.0 
0.525 0.0 
0.575 0.0 
0.625 0.0 
0.675 0.0 
0.725 0.0 
0.775 0.0 
0.825 0.0 
0.875 0.0 
0.925 0.0 
0.975 0.0 
1.025 0.0 
1.075 0.0 
1.125 0.0 
1.175 0.0 
1.225 0.0 
1.275 0.0 
1.325 0.0 
1.375 0.0 
1.425 0.0 
1.475 0.0 
1.525 0.0 
1.575 0.0 
1.625 0.0 
1.675 0.0 
1.725 0.0 
1.775 0.0 
1.825 0.0 
1.875 0.0 
1.925 0.0 
1.975 0.0 
2.025 0.0 
2.075 0.0 
2.125 0.0 
2.175 0.0 
2.225 0.0 
2.275 0.0 
2.325 0.0 
2.375 0.0 
2.425 0.0122844218 
2.475 0.0550345214 
2.525 0.2794905311 
2.575 0.7226987434 
2.625 1.502688784 
2.675 2.4061248594 
2.725 3.1779950268 
2.775 3.6586466932 
2.825 3.4367490231 
2.875 2.9890491183 
2.925 2.369856835 
2.975 1.6787009509 
3.025 1.2868281384 
3.075 0.8964275388 
3.125 0.690432233 
3.175 0.4920883925 
3.225 0.4630567227 
3.275 0.3390144722 
3.325 0.357210898 
3.375 0.3001961942 
3.425 0.346920669 
3.475 0.2712027776 
3.525 0.3042611227 
3.575 0.3504500351 
3.625 0.3463468421 
3.675 0.3690806651 
3.725 0.4026254705 
3.775 0.4883485662 
3.825 0.4970616018 
3.875 0.612613071 
3.925 0.7018325091 
3.975 0.8077337183 
4.025 0.8427874111 
4.075 1.0049510193 
4.125 1.134993777 
4.175 1.2088216729 
4.225 1.3921740597 
4.275 1.4586220255 
4.325 1.5023327361 
4.375 1.6694845963 
4.425 1.6307398663 
4.475 1.6846895155 
4.525 1.6476648792 
4.575 1.6037940185 
4.625 1.5839400084 
4.675 1.5171862749 
4.725 1.5273125142 
4.775 1.4321262484 
4.825 1.3653617894 
4.875 1.2230002847 
4.925 1.2102075025 
4.975 1.1120613317 
5.025 1.0023037053 
5.075 1.0022856545 
5.125 0.9516527447 
5.175 0.9171669999 
5.225 0.9120464773 
5.275 0.913877687 
5.325 0.8696207157 
5.375 0.8768554509 
5.425 0.8460388663 
5.475 0.8113765346 
5.525 0.7770358155 
5.575 0.793377057 
5.625 0.808256003 
5.675 0.804544491 
5.725 0.816267775 
5.775 0.7877535985 
5.825 0.8530653006 
5.875 0.8232580371 
5.925 0.8457774953 
5.975 0.8087478976 
6.025 0.8338559229 
6.075 0.8045265776 
6.125 0.8549918249 
6.175 0.8986714372 
6.225 0.8917501475 
6.275 0.895331066 
6.325 0.9432308797 
6.375 0.9587121867 
6.425 0.9496821604 
6.475 1.0269709198 
6.525 1.0011114866 
6.575 1.052787045 
6.625 1.0709725062 
6.675 1.0771472156 
6.725 1.0952671165 
6.775 1.130574119 
6.825 1.1109678645 
6.875 1.0734691095 
6.925 1.1027148643 
6.975 1.0364747556 
7.025 1.0647130837 
7.075 1.0809875987 
7.125 1.0288696764 
7.175 0.9837076291 
7.225 1.003815252 
7.275 0.9477502339 
7.325 0.9532567809 
7.375 0.9616265452 
7.425 0.9993872355 
7.475 0.9421032013 
7.525 0.9504630901 
7.575 0.9652355751 
7.625 0.9563459342 
7.675 0.9672278016 
7.725 0.9729063841 
7.775 0.9803511368 
7.825 0.9745485219 
7.875 0.9668722558 
7.925 1.0030211539 
7.975 0.9442912779 
8.025 1.0323982382 
8.075 1.0170676047 
8.125 1.0293930571 
8.175 1.0568358127 
8.225 1.0810455078 
8.275 1.0300406889 
8.325 1.0555779627 
8.375 1.0440416731 
8.425 1.0550951591 
8.475 1.0678274933 
8.525 1.0586518905 
8.575 1.0420847072 
8.625 1.0125574091 
8.675 1.0495569521 
8.725 1.0679298194 
8.775 1.0507906198 
8.825 1.0045960279 
8.875 1.0483394962 
8.925 1.0345101474 
8.975 1.0696523107 
9.025 1.0291550904 
9.075 1.0266178203 
9.125 1.0232065954 
9.175 1.002930933 
9.225 1.0158579201 
9.275 1.0183712769 
9.325 0.9695399847 
9.375 0.9731991256 
9.425 0.9740153834 
9.475 0.9468639795 
9.525 0.9852565637 
9.575 0.9629112121 
9.625 0.9323978402 
9.675 0.9855566058 
9.725 0.9807954376 
9.775 0.9513817409 
9.825 0.9669188975 
9.875 0.9418416405 
9.925 0.9465547396 
9.975 0.9559665864 
