# Radial distribution function (200 data points):
# "Pair separation distance" g(r)
0.025 0.0 
0.075 0.0 
0.125 0.0 
0.175 0.0 
0.225 0.0 
0.275 0.0 
0.325 0.0 
0.375 0.0 
0.425 0.0 
0.475 0.0 
0.525 0.0 
0.575 0.0 
0.625 0.0 
0.675 0.0 
0.725 0.0 
0.775 0.0 
0.825 0.0 
0.875 0.0 
0.925 0.0 
0.975 0.0 
1.025 0.0 
1.075 0.0 
1.125 0.0 
1.175 0.0 
1.225 0.0 
1.275 0.0 
1.325 0.0 
1.375 0.0 
1.425 0.0 
1.475 0.0 
1.525 0.0 
1.575 0.0 
1.625 0.0 
1.675 0.0 
1.725 0.0 
1.775 0.0 
1.825 0.0 
1.875 0.0 
1.925 0.0 
1.975 0.0 
2.025 0.0 
2.075 0.0 
2.125 0.0 
2.175 0.0 
2.225 0.0 
2.275 0.0 
2.325 0.0 
2.375 0.0 
2.425 0.0082594782 
2.475 0.0555040083 
2.525 0.262829206 
2.575 0.7215386548 
2.625 1.5437033721 
2.675 2.4334387924 
2.725 3.0317684191 
2.775 3.7245487378 
2.825 3.6030057004 
2.875 3.0263006332 
2.925 2.4752305534 
2.975 1.8274754633 
3.025 1.2208397869 
3.075 0.9400322748 
3.125 0.5371628027 
3.175 0.4601489346 
3.225 0.3806106668 
3.275 0.3102065839 
3.325 0.3185209537 
3.375 0.2707757153 
3.425 0.2877712637 
3.475 0.299661291 
3.525 0.3146747096 
3.575 0.2926328234 
3.625 0.3086420197 
3.675 0.3848166686 
3.725 0.3798062852 
3.775 0.4362758693 
3.825 0.4963220997 
3.875 0.4852139782 
3.925 0.6636794781 
3.975 0.7700505261 
4.025 0.9234318425 
4.075 0.9316230942 
4.125 1.1432488711 
4.175 1.192661232 
4.225 1.3224195408 
4.275 1.4684074438 
4.325 1.5021655113 
4.375 1.6672319018 
4.425 1.7004652926 
4.475 1.7427201751 
4.525 1.7032340954 
4.575 1.7207434287 
4.625 1.5713389449 
4.675 1.5756884401 
4.725 1.4348239109 
4.775 1.470972138 
4.825 1.3311090644 
4.875 1.2691999225 
4.925 1.2155252228 
4.975 1.1490225648 
5.025 1.0926073161 
5.075 1.0504395693 
5.125 0.9976811084 
5.175 0.8941581028 
5.225 0.8922499197 
5.275 0.9583312469 
5.325 0.9258588179 
5.375 0.8473482784 
5.425 0.8392278388 
5.475 0.8604284058 
5.525 0.8059412877 
5.575 0.8009265661 
5.625 0.7783080639 
5.675 0.7623916002 
5.725 0.7683984888 
5.775 0.8032122264 
5.825 0.7587047928 
5.875 0.8063577096 
5.925 0.8135598795 
5.975 0.8170076857 
6.025 0.8188914017 
6.075 0.8719314654 
6.125 0.8441594407 
6.175 0.8929624673 
6.225 0.8611269368 
6.275 0.9042024936 
6.325 0.9694894402 
6.375 0.9089251024 
6.425 0.9471939348 
6.475 0.9760671348 
6.525 1.0336095765 
6.575 1.0207580376 
6.625 1.0319686347 
6.675 1.104323613 
6.725 1.0680945361 
6.775 1.1000068948 
6.825 1.0662217727 
6.875 1.0713225054 
6.925 1.0412215699 
6.975 1.0812588045 
7.025 1.0797012917 
7.075 1.0402352664 
7.125 1.0252083616 
7.175 1.0071955522 
7.225 1.0193572818 
7.275 0.9856621062 
7.325 0.9921677211 
7.375 0.9912626666 
7.425 0.9030687043 
7.475 0.9644834442 
7.525 0.9804447107 
7.575 0.9785487507 
7.625 0.9477956953 
7.675 0.989496872 
7.725 0.9669620552 
7.775 0.96943014 
7.825 0.990001606 
7.875 0.9947011521 
7.925 1.0177647164 
7.975 1.0149710587 
8.025 1.032908933 
8.075 1.0257439747 
8.125 1.0679733467 
8.175 1.035325858 
8.225 1.0371364062 
8.275 1.0015874044 
8.325 1.0796510133 
8.375 1.0470618921 
8.425 1.0449353635 
8.475 1.0471816422 
8.525 1.0563211216 
8.575 1.0575802403 
8.625 1.0110747619 
8.675 1.060446781 
8.725 1.0540700341 
8.775 1.0755248319 
8.825 1.064307657 
8.875 1.042174197 
8.925 1.0558358265 
8.975 1.0305368095 
9.025 1.042705318 
9.075 1.0318369234 
9.125 1.0065598767 
9.175 1.018699247 
9.225 0.9925611057 
9.275 0.9776537973 
9.325 0.9677562966 
9.375 0.9842644992 
9.425 0.9511569392 
9.475 0.9433090271 
9.525 0.9751910201 
9.575 0.9584103577 
9.625 0.9395654453 
9.675 0.9913696335 
9.725 0.9557794318 
9.775 0.9584810735 
9.825 0.9535306179 
9.875 0.990222357 
9.925 0.9388505792 
9.975 0.9687592651 
