# Radial distribution function (200 data points):
# "Pair separation distance" g(r)
0.025 0.0 
0.075 0.0 
0.125 0.0 
0.175 0.0 
0.225 0.0 
0.275 0.0 
0.325 0.0 
0.375 0.0 
0.425 0.0 
0.475 0.0 
0.525 0.0 
0.575 0.0 
0.625 0.0 
0.675 0.0 
0.725 0.0 
0.775 0.0 
0.825 0.0 
0.875 0.0 
0.925 0.0 
0.975 0.0 
1.025 0.0 
1.075 0.0 
1.125 0.0 
1.175 0.0 
1.225 0.0 
1.275 0.0 
1.325 0.0 
1.375 0.0 
1.425 0.0 
1.475 0.0 
1.525 0.0 
1.575 0.0 
1.625 0.0 
1.675 0.0 
1.725 0.0 
1.775 0.0 
1.825 0.0 
1.875 0.0 
1.925 0.0 
1.975 0.0 
2.025 0.0 
2.075 0.0 
2.125 0.0 
2.175 0.0 
2.225 0.0 
2.275 0.0 
2.325 0.0 
2.375 0.0042921556 
2.425 0.0205849518 
2.475 0.079046663 
2.525 0.3075861559 
2.575 0.6353307239 
2.625 1.5108294134 
2.675 2.4293100617 
2.725 3.2180343578 
2.775 3.5998672348 
2.825 3.6525567061 
2.875 2.9847383198 
2.925 2.3770356306 
2.975 1.7124144817 
3.025 1.3043825955 
3.075 0.8270303265 
3.125 0.6594639354 
3.175 0.5139679762 
3.225 0.3701243935 
3.275 0.3701958325 
3.325 0.3306771499 
3.375 0.3018224697 
3.425 0.2910107081 
3.475 0.3107658651 
3.525 0.31370329 
3.575 0.3447711663 
3.625 0.364805187 
3.675 0.3603241683 
3.725 0.3856132254 
3.775 0.4179396433 
3.825 0.4980995554 
3.875 0.5208009942 
3.925 0.7134924456 
3.975 0.7293662815 
4.025 0.8622976062 
4.075 1.0176852251 
4.125 1.1112621755 
4.175 1.1778674584 
4.225 1.3766586522 
4.275 1.5486598669 
4.325 1.5674215165 
4.375 1.548243615 
4.425 1.5505475432 
4.475 1.6672179994 
4.525 1.7535505371 
4.575 1.6737890915 
4.625 1.6491135853 
4.675 1.5542075788 
4.725 1.4499146916 
4.775 1.4526269557 
4.825 1.3166001659 
4.875 1.2775067717 
4.925 1.183824192 
4.975 1.1347152329 
5.025 1.0326632207 
5.075 1.0500168987 
5.125 0.956808205 
5.175 0.8678923651 
5.225 0.9045716857 
5.275 0.9231790193 
5.325 0.873477938 
5.375 0.8338380966 
5.425 0.8662525647 
5.475 0.8173874562 
5.525 0.8653184097 
5.575 0.8039069149 
5.625 0.7804965365 
5.675 0.8359666801 
5.725 0.8265993616 
5.775 0.8058143745 
5.825 0.8362801862 
5.875 0.8438514202 
5.925 0.8262210451 
5.975 0.8144855342 
6.025 0.8116946899 
6.075 0.8101970602 
6.125 0.8654319045 
6.175 0.8762368456 
6.225 0.9122009725 
6.275 0.9585948217 
6.325 0.9120290097 
6.375 0.9394805868 
6.425 0.9378183572 
6.475 0.9753638776 
6.525 1.0082408747 
6.575 1.0332882356 
6.625 1.0348507743 
6.675 1.0623335872 
6.725 1.0455249158 
6.775 1.0818419346 
6.825 1.1112689211 
6.875 1.0920904332 
6.925 1.0703187667 
6.975 1.0739396534 
7.025 1.0685186492 
7.075 1.0476651025 
7.125 1.047797261 
7.175 1.0026753853 
7.225 1.0134275974 
7.275 1.0054921973 
7.325 0.9886536061 
7.375 0.9557076299 
7.425 0.9718641861 
7.475 0.941140644 
7.525 0.9808385548 
7.575 0.9278485636 
7.625 0.9565297115 
7.675 0.944518441 
7.725 0.9526169875 
7.775 0.9636338615 
7.825 0.9632207626 
7.875 0.9912400446 
7.925 1.0215617257 
7.975 1.0183092807 
8.025 1.0060355871 
8.075 1.0262905044 
8.125 1.0371701682 
8.175 1.0444471939 
8.225 1.0457449656 
8.275 1.0536531247 
8.325 1.0749207041 
8.375 1.0289867351 
8.425 1.0669507479 
8.475 1.0746235675 
8.525 1.0503950634 
8.575 1.0190837746 
8.625 1.0265048054 
8.675 1.0954578418 
8.725 1.0447732286 
8.775 1.032900934 
8.825 1.0467217489 
8.875 1.0377274082 
8.925 1.0407223758 
8.975 1.0360720721 
9.025 1.0365139154 
9.075 1.032473379 
9.125 1.0110126261 
9.175 0.987368583 
9.225 1.0082741244 
9.275 1.0050315223 
9.325 0.9781335374 
9.375 0.997478777 
9.425 0.9689348806 
9.475 0.9641293916 
9.525 0.9727142724 
9.575 0.9821240538 
9.625 0.9463347618 
9.675 0.9456316395 
9.725 0.9861087748 
9.775 0.9362647771 
9.825 0.9709029876 
9.875 0.9536475388 
9.925 0.9632345142 
9.975 0.9638220238 
