# Radial distribution function (200 data points):
# "Pair separation distance" g(r)
0.025 0.0 
0.075 0.0 
0.125 0.0 
0.175 0.0 
0.225 0.0 
0.275 0.0 
0.325 0.0 
0.375 0.0 
0.425 0.0 
0.475 0.0 
0.525 0.0 
0.575 0.0 
0.625 0.0 
0.675 0.0 
0.725 0.0 
0.775 0.0 
0.825 0.0 
0.875 0.0 
0.925 0.0 
0.975 0.0 
1.025 0.0 
1.075 0.0 
1.125 0.0 
1.175 0.0 
1.225 0.0 
1.275 0.0 
1.325 0.0 
1.375 0.0 
1.425 0.0 
1.475 0.0 
1.525 0.0 
1.575 0.0 
1.625 0.0 
1.675 0.0 
1.725 0.0 
1.775 0.0 
1.825 0.0 
1.875 0.0 
1.925 0.0 
1.975 0.0 
2.025 0.0 
2.075 0.0 
2.125 0.0 
2.175 0.0 
2.225 0.0 
2.275 0.0 
2.325 0.0 
2.375 0.0042784945 
2.425 0.0082077737 
2.475 0.0866745813 
2.525 0.268754436 
2.575 0.6369483034 
2.625 1.478001768 
2.675 2.5126402032 
2.725 3.172041558 
2.775 3.6072135022 
2.825 3.752820468 
2.875 2.9402013646 
2.925 2.2933084861 
2.975 1.8787513584 
3.025 1.1920982153 
3.075 0.8320550096 
3.125 0.6969057513 
3.175 0.4524802399 
3.225 0.4269567995 
3.275 0.2992642541 
3.325 0.2641363278 
3.375 0.273318143 
3.425 0.3518045842 
3.475 0.3057796427 
3.525 0.314647104 
3.575 0.3247906541 
3.625 0.3232391895 
3.675 0.3770468507 
3.725 0.3704714773 
3.775 0.4216900315 
3.825 0.5427015767 
3.875 0.5802190867 
3.925 0.6595248277 
3.975 0.8232713867 
4.025 0.9087129753 
4.075 0.9257911099 
4.125 1.1672956325 
4.175 1.2405780929 
4.225 1.3263091345 
4.275 1.4301629279 
4.325 1.5611425406 
4.375 1.622751255 
4.425 1.6602392366 
4.475 1.6848095769 
4.525 1.6112434956 
4.575 1.6419416454 
4.625 1.6134019667 
4.675 1.5790755742 
4.725 1.4204368658 
4.775 1.4501205116 
4.825 1.3424727999 
4.875 1.3688980143 
4.925 1.1054321914 
4.975 1.193509391 
5.025 1.078121316 
5.075 1.0663527774 
5.125 0.9546817309 
5.175 0.9264100897 
5.225 0.960921452 
5.275 0.8708027297 
5.325 0.8375040808 
5.375 0.8219951934 
5.425 0.8438146554 
5.475 0.8260576241 
5.525 0.8364738865 
5.575 0.8184312523 
5.625 0.8306426282 
5.675 0.8168197034 
5.725 0.7915693508 
5.775 0.7938422074 
5.825 0.817259074 
5.875 0.8131966857 
5.925 0.7740933781 
5.975 0.7943168245 
6.025 0.8463423191 
6.075 0.8710507463 
6.125 0.854957707 
6.175 0.8721821001 
6.225 0.903692368 
6.275 0.9187685555 
6.325 0.9103327496 
6.375 0.9839978565 
6.425 0.9500340215 
6.475 0.9987390344 
6.525 1.0101335391 
6.575 1.0389317399 
6.625 1.0040635353 
6.675 1.1044521463 
6.725 1.0624755154 
6.775 1.0684086164 
6.825 1.070945749 
6.875 1.0978054668 
6.925 1.0945914906 
6.975 1.0462140417 
7.025 1.045067351 
7.075 1.063616487 
7.125 1.03210184 
7.175 1.0360505696 
7.225 0.9893969921 
7.275 0.9042515416 
7.325 0.9769607704 
7.375 0.9659773977 
7.425 0.9368141992 
7.475 0.9636288759 
7.525 0.9986008485 
7.575 0.9993412946 
7.625 0.9871083975 
7.675 0.9538035185 
7.725 0.975872496 
7.775 0.9641599588 
7.825 1.0011468725 
7.875 0.9697944683 
7.925 1.0063979988 
7.975 1.0165860738 
8.025 0.9994608272 
8.075 1.0082190572 
8.125 0.9910958468 
8.175 1.0505121826 
8.225 1.0688159024 
8.275 1.0245707519 
8.325 1.0962236878 
8.375 1.0384427594 
8.425 1.0655949333 
8.475 1.0453304133 
8.525 1.0895582628 
8.575 1.0713093879 
8.625 1.0777411191 
8.675 1.0695224805 
8.725 1.0569824689 
8.775 1.0681651616 
8.825 1.0353331845 
8.875 1.0546472931 
8.925 1.0401368108 
8.975 1.0201906219 
9.025 1.0148440091 
9.075 1.028894183 
9.125 1.0179393965 
9.175 0.999994253 
9.225 0.9823773009 
9.275 0.9706920191 
9.325 0.9517064488 
9.375 0.9844186349 
9.425 0.9650358991 
9.475 0.9540712362 
9.525 0.961371915 
9.575 0.9676787386 
9.625 0.9896943456 
9.675 0.9449423501 
9.725 0.9727628216 
9.775 0.9491974115 
9.825 0.9295603237 
9.875 0.9575420211 
9.925 0.9537986487 
9.975 0.9692437517 
