# Radial distribution function (200 data points):
# "Pair separation distance" g(r)
0.025 0.0 
0.075 0.0 
0.125 0.0 
0.175 0.0 
0.225 0.0 
0.275 0.0 
0.325 0.0 
0.375 0.0 
0.425 0.0 
0.475 0.0 
0.525 0.0 
0.575 0.0 
0.625 0.0 
0.675 0.0 
0.725 0.0 
0.775 0.0 
0.825 0.0 
0.875 0.0 
0.925 0.0 
0.975 0.0 
1.025 0.0 
1.075 0.0 
1.125 0.0 
1.175 0.0 
1.225 0.0 
1.275 0.0 
1.325 0.0 
1.375 0.0 
1.425 0.0 
1.475 0.0 
1.525 0.0 
1.575 0.0 
1.625 0.0 
1.675 0.0 
1.725 0.0 
1.775 0.0 
1.825 0.0 
1.875 0.0 
1.925 0.0 
1.975 0.0 
2.025 0.0 
2.075 0.0 
2.125 0.0 
2.175 0.0 
2.225 0.0 
2.275 0.0 
2.325 0.0 
2.375 0.0043042013 
2.425 0.0123856336 
2.475 0.0475611026 
2.525 0.3046413676 
2.575 0.7286530878 
2.625 1.465741654 
2.675 2.6566686471 
2.725 3.3643875901 
2.775 3.751846679 
2.825 3.4103049581 
2.875 2.9931148732 
2.925 2.4574880873 
2.975 1.7336792878 
3.025 1.1939543262 
3.075 0.8473249141 
3.125 0.5320351311 
3.175 0.4335227728 
3.225 0.3431508214 
3.275 0.3055895996 
3.325 0.2547430542 
3.375 0.2685659147 
3.425 0.2400849684 
3.475 0.2834900676 
3.525 0.2696431596 
3.575 0.2906485124 
3.625 0.2956193929 
3.675 0.2966186154 
3.725 0.4024432119 
3.775 0.3969643493 
3.825 0.472946093 
3.875 0.5319640747 
3.925 0.6540316221 
3.975 0.774437527 
4.025 0.9111755766 
4.075 1.0307759747 
4.125 1.1386375804 
4.175 1.2285314535 
4.225 1.3519596638 
4.275 1.4666541984 
4.325 1.5783101871 
4.375 1.5804947073 
4.425 1.7074131214 
4.475 1.7252424992 
4.525 1.7466142786 
4.575 1.6947261923 
4.625 1.6719022727 
4.675 1.6418856572 
4.725 1.5105336785 
4.775 1.4396662273 
4.825 1.3703537377 
4.875 1.2484007014 
4.925 1.2231813516 
4.975 1.1084713253 
5.025 1.1567133746 
5.075 1.0011168148 
5.125 0.9826026376 
5.175 0.9437620027 
5.225 0.9168928938 
5.275 0.883887742 
5.325 0.8485297717 
5.375 0.8975259808 
5.425 0.8381601215 
5.475 0.8318308509 
5.525 0.8438858414 
5.575 0.7764787505 
5.625 0.8141479169 
5.675 0.7795102727 
5.725 0.7437308827 
5.775 0.8138998318 
5.825 0.8264627871 
5.875 0.7681395388 
5.925 0.798800895 
5.975 0.8147311284 
6.025 0.8012648073 
6.075 0.826944012 
6.125 0.8316189463 
6.175 0.8474958964 
6.225 0.8759150132 
6.275 0.8657115164 
6.325 0.9115541163 
6.375 0.9355456816 
6.425 1.0098518946 
6.475 0.9925787181 
6.525 1.0127812431 
6.575 1.0137233363 
6.625 1.0864343843 
6.675 1.05223695 
6.725 1.0683224225 
6.775 1.0716543125 
6.825 1.1076116774 
6.875 1.1249484996 
6.925 1.1072436189 
6.975 1.056492503 
7.025 1.0572501859 
7.075 1.0510903784 
7.125 0.9880857654 
7.175 0.9951137616 
7.225 1.0158066301 
7.275 0.9684035519 
7.325 0.955228198 
7.375 0.9713349677 
7.425 0.9662242016 
7.475 0.9655080221 
7.525 0.9561501597 
7.575 0.9494931735 
7.625 0.9825994578 
7.675 0.964068211 
7.725 0.9935346375 
7.775 0.9759775473 
7.825 1.0016108522 
7.875 1.0128139864 
7.925 0.9950488575 
7.975 1.0009346564 
8.025 1.0262011075 
8.075 1.0187449964 
8.125 1.0595732697 
8.175 1.035752967 
8.225 1.0271463423 
8.275 1.0268265195 
8.325 1.0159306274 
8.375 1.0612973367 
8.425 1.0641301851 
8.475 1.049921002 
8.525 1.0777305356 
8.575 1.067840462 
8.625 1.030038401 
8.675 1.0672377459 
8.725 1.0550408766 
8.775 1.0417906577 
8.825 1.086445731 
8.875 1.0579015471 
8.925 1.0427287163 
8.975 1.0281288049 
9.025 1.026009021 
9.075 1.0165031677 
9.125 0.9937304516 
9.175 1.0123477945 
9.225 0.9888503936 
9.275 1.0151901486 
9.325 0.9962353992 
9.375 1.0069080099 
9.425 0.9776672088 
9.475 0.976300703 
9.525 0.9781202733 
9.575 0.923176362 
9.625 0.9319554331 
9.675 0.9646263246 
9.725 0.9534492204 
9.775 0.9475317026 
9.825 0.9552669452 
9.875 0.9665320058 
9.925 0.9669236972 
9.975 0.9906840268 
