# Radial distribution function (200 data points):
# "Pair separation distance" g(r)
0.025 0.0 
0.075 0.0 
0.125 0.0 
0.175 0.0 
0.225 0.0 
0.275 0.0 
0.325 0.0 
0.375 0.0 
0.425 0.0 
0.475 0.0 
0.525 0.0 
0.575 0.0 
0.625 0.0 
0.675 0.0 
0.725 0.0 
0.775 0.0 
0.825 0.0 
0.875 0.0 
0.925 0.0 
0.975 0.0 
1.025 0.0 
1.075 0.0 
1.125 0.0 
1.175 0.0 
1.225 0.0 
1.275 0.0 
1.325 0.0 
1.375 0.0 
1.425 0.0 
1.475 0.0 
1.525 0.0 
1.575 0.0 
1.625 0.0 
1.675 0.0 
1.725 0.0 
1.775 0.0 
1.825 0.0 
1.875 0.0 
1.925 0.0 
1.975 0.0 
2.025 0.0 
2.075 0.0 
2.125 0.0 
2.175 0.0 
2.225 0.0 
2.275 0.0 
2.325 0.0 
2.375 0.0 
2.425 0.0329977429 
2.475 0.0435572675 
2.525 0.2549006634 
2.575 0.8011413018 
2.625 1.5066249047 
2.675 2.4813268967 
2.725 3.2828722517 
2.775 3.6853713601 
2.825 3.8113814338 
2.875 3.1693502049 
2.925 2.3361354229 
2.975 1.6991849222 
3.025 1.0603090416 
3.075 0.733667605 
3.125 0.5638319319 
3.175 0.430714721 
3.225 0.3614903265 
3.275 0.3120909399 
3.325 0.2545069375 
3.375 0.2683169858 
3.425 0.2315913195 
3.475 0.2832273058 
3.525 0.2967229805 
3.575 0.3112560455 
3.625 0.3138044755 
3.675 0.3178959531 
3.725 0.3216561558 
3.775 0.3948942799 
3.825 0.4990344776 
3.875 0.5201631132 
3.925 0.6754686791 
3.975 0.8028877202 
4.025 0.8369655309 
4.075 0.9772339852 
4.125 1.1233267821 
4.175 1.2510499801 
4.225 1.4050609458 
4.275 1.4374223284 
4.325 1.5898147744 
4.375 1.6499974062 
4.425 1.6228308079 
4.475 1.7975311391 
4.525 1.7639498382 
4.575 1.7290813344 
4.625 1.6499409762 
4.675 1.6059583577 
4.725 1.4558956184 
4.775 1.3989691957 
4.825 1.3680416614 
4.875 1.3166482981 
4.925 1.2180474514 
4.975 1.130964836 
5.025 1.1316254187 
5.075 0.9785275565 
5.125 1.0010856061 
5.175 0.9211492125 
5.225 0.8947190532 
5.275 0.9153227116 
5.325 0.8905153983 
5.375 0.8429596037 
5.425 0.8027670097 
5.475 0.8027374522 
5.525 0.8502553395 
5.575 0.8022940643 
5.625 0.82642599 
5.675 0.8156935618 
5.725 0.8214901401 
5.775 0.7767793677 
5.825 0.8171180863 
5.875 0.8433269938 
5.925 0.8277718444 
5.975 0.7806831289 
6.025 0.8646708145 
6.075 0.801201601 
6.125 0.8153303478 
6.175 0.8581609965 
6.225 0.8901263736 
6.275 0.8901664214 
6.325 0.917985186 
6.375 0.9340816842 
6.425 0.9489802845 
6.475 0.9679375906 
6.525 0.9901927312 
6.575 0.9858509817 
6.625 1.0622156008 
6.675 1.0730381739 
6.725 1.0700139533 
6.775 1.112409397 
6.825 1.1237696674 
6.875 1.0961930596 
6.925 1.0323683497 
6.975 1.0156261264 
7.025 1.0719987872 
7.075 1.1039061244 
7.125 1.018705849 
7.175 0.9649782016 
7.225 0.9990659157 
7.275 0.9569646789 
7.325 1.005880039 
7.375 0.9659749371 
7.425 0.9530090265 
7.475 0.9628766332 
7.525 0.9514085964 
7.575 0.9608723659 
7.625 0.9846091553 
7.675 0.9615274776 
7.725 0.9535920778 
7.775 0.9955374253 
7.825 0.9955324884 
7.875 0.9817575653 
7.925 1.0088028702 
7.975 1.0305181794 
8.025 1.0229900215 
8.075 1.0003165902 
8.125 1.0170705868 
8.175 1.0239042098 
8.225 1.0624087032 
8.275 1.0899919462 
8.325 1.0405387026 
8.375 1.0855592025 
8.425 1.0792055022 
8.475 1.0820440791 
8.525 1.0416860958 
8.575 1.0820254474 
8.625 1.0639733964 
8.675 1.0833317268 
8.725 1.0527884163 
8.775 1.0225538993 
8.825 1.0521124852 
8.875 1.0356717118 
8.925 1.0518113835 
8.975 1.0118179009 
9.025 1.0149325314 
9.075 1.062097717 
9.125 1.005044708 
9.175 1.0272577644 
9.225 0.9904991679 
9.275 0.9784388881 
9.325 0.9875012625 
9.375 0.962920663 
9.425 0.9256974787 
9.475 0.9624265363 
9.525 0.9552898628 
9.575 0.9612137278 
9.625 0.9795314266 
9.675 0.9528484566 
9.725 0.9528219654 
9.775 0.9486843532 
9.825 0.9584020904 
9.875 0.9472288615 
9.925 0.9763698526 
9.975 0.9690440826 
