# Radial distribution function (200 data points):
# "Pair separation distance" g(r)
0.025 0.0 
0.075 0.0 
0.125 0.0 
0.175 0.0 
0.225 0.0 
0.275 0.0 
0.325 0.0 
0.375 0.0 
0.425 0.0 
0.475 0.0 
0.525 0.0 
0.575 0.0 
0.625 0.0 
0.675 0.0 
0.725 0.0 
0.775 0.0 
0.825 0.0 
0.875 0.0 
0.925 0.0 
0.975 0.0 
1.025 0.0 
1.075 0.0 
1.125 0.0 
1.175 0.0 
1.225 0.0 
1.275 0.0 
1.325 0.0 
1.375 0.0 
1.425 0.0 
1.475 0.0 
1.525 0.0 
1.575 0.0 
1.625 0.0 
1.675 0.0 
1.725 0.0 
1.775 0.0 
1.825 0.0 
1.875 0.0 
1.925 0.0 
1.975 0.0 
2.025 0.0 
2.075 0.0 
2.125 0.0 
2.175 0.0 
2.225 0.0 
2.275 0.0 
2.325 0.0 
2.375 0.0 
2.425 0.0205869302 
2.475 0.051385269 
2.525 0.2886270931 
2.575 0.6098300462 
2.625 1.6023358733 
2.675 2.3314143438 
2.725 3.2998619684 
2.775 3.7511391823 
2.825 3.4860390393 
2.875 3.0143188513 
2.925 2.4621663733 
2.975 1.7454080513 
3.025 1.2701091681 
3.075 0.793820562 
3.125 0.6248153517 
3.175 0.5380368765 
3.225 0.3585197152 
3.275 0.3318537652 
3.325 0.2978570503 
3.375 0.2954743336 
3.425 0.2786540522 
3.475 0.2867341273 
3.525 0.30593882 
3.575 0.3125973066 
3.625 0.3906370331 
3.675 0.3065739033 
3.725 0.3472597599 
3.775 0.4417672799 
3.825 0.4799427038 
3.875 0.5531018866 
3.925 0.6601225281 
3.975 0.8060578485 
4.025 0.8847993839 
4.075 1.025073743 
4.125 1.1056769469 
4.175 1.2529935813 
4.225 1.3944247371 
4.275 1.3792214402 
4.325 1.5403888272 
4.375 1.5863432093 
4.425 1.7275303832 
4.475 1.6456140508 
4.525 1.6614803044 
4.575 1.6866752161 
4.625 1.5836181464 
4.675 1.532199333 
4.725 1.5400723548 
4.775 1.428341397 
4.825 1.3104862918 
4.875 1.3234775017 
4.925 1.2138858085 
4.975 1.1269979145 
5.025 1.050982048 
5.075 0.9683270806 
5.125 1.0029936194 
5.175 0.9647189106 
5.225 0.9365877508 
5.275 0.8797584261 
5.325 0.8727079652 
5.375 0.890071524 
5.425 0.8367175005 
5.475 0.7948483775 
5.525 0.8471575448 
5.575 0.833588246 
5.625 0.8188348603 
5.675 0.805221549 
5.725 0.7993444746 
5.775 0.8124260783 
5.825 0.8006796488 
5.875 0.8228868229 
5.925 0.8311285851 
5.975 0.8159202894 
6.025 0.8491262516 
6.075 0.8312699051 
6.125 0.8319529741 
6.175 0.8363150983 
6.225 0.8872944336 
6.275 0.8984231145 
6.325 0.9266427419 
6.375 0.9228885807 
6.425 0.9959778709 
6.475 0.9939387576 
6.525 0.9929823779 
6.575 1.0468299833 
6.625 1.0713610616 
6.675 1.0477626619 
6.725 1.060616445 
6.775 1.0856385572 
6.825 1.0770675864 
6.875 1.0799005102 
6.925 1.072946213 
6.975 1.0337289331 
7.025 1.0715652036 
7.075 1.0758223094 
7.125 1.0445591898 
7.175 1.0088862131 
7.225 0.9713141158 
7.275 0.9978113043 
7.325 0.9607694301 
7.375 0.9807295101 
7.425 0.949119003 
7.475 0.9485980059 
7.525 0.9852089023 
7.575 0.9819513944 
7.625 0.9462100006 
7.675 0.9906476128 
7.725 0.9608236066 
7.775 0.967331437 
7.825 0.9269320447 
7.875 0.9960206299 
7.925 1.0054675611 
7.975 1.0309706765 
8.025 1.0042523577 
8.075 1.0200763268 
8.125 1.0372698494 
8.175 1.0401998218 
8.225 1.056583104 
8.275 1.0367811649 
8.325 1.0505678285 
8.375 1.0529054581 
8.425 1.029187909 
8.475 1.038318285 
8.525 1.053494577 
8.575 1.0748333201 
8.625 1.0477604764 
8.675 1.070788276 
8.725 1.059186978 
8.775 1.0575280636 
8.825 1.0486877873 
8.875 1.0405938621 
8.925 1.0581491731 
8.975 1.0803599947 
9.025 1.0193713238 
9.075 0.9943509575 
9.125 1.0175073819 
9.175 1.0136385947 
9.225 1.0063793249 
9.275 0.9761367409 
9.325 1.0147057138 
9.375 0.9669944762 
9.425 0.9981942474 
9.475 0.9577489538 
9.525 0.9730746471 
9.575 0.9576563807 
9.625 0.9385845719 
9.675 0.9661579932 
9.725 0.9572728628 
9.775 0.9743664556 
9.825 0.9659795275 
9.875 0.9755900256 
9.925 0.9586567106 
9.975 0.9527204939 
