# Radial distribution function (200 data points):
# "Pair separation distance" g(r)
0.025 0.0 
0.075 0.0 
0.125 0.0 
0.175 0.0 
0.225 0.0 
0.275 0.0 
0.325 0.0 
0.375 0.0 
0.425 0.0 
0.475 0.0 
0.525 0.0 
0.575 0.0 
0.625 0.0 
0.675 0.0 
0.725 0.0 
0.775 0.0 
0.825 0.0 
0.875 0.0 
0.925 0.0 
0.975 0.0 
1.025 0.0 
1.075 0.0 
1.125 0.0 
1.175 0.0 
1.225 0.0 
1.275 0.0 
1.325 0.0 
1.375 0.0 
1.425 0.0 
1.475 0.0 
1.525 0.0 
1.575 0.0 
1.625 0.0 
1.675 0.0 
1.725 0.0 
1.775 0.0 
1.825 0.0 
1.875 0.0 
1.925 0.0 
1.975 0.0 
2.025 0.0 
2.075 0.0 
2.125 0.0 
2.175 0.0 
2.225 0.0 
2.275 0.0 
2.325 0.0 
2.375 0.0042983232 
2.425 0.0164916253 
2.475 0.0672862127 
2.525 0.30422533 
2.575 0.6947488374 
2.625 1.3546631694 
2.675 2.5310616566 
2.725 3.3499976539 
2.775 3.8159900652 
2.825 3.4907128687 
2.875 3.0916925994 
2.925 2.3804513485 
2.975 1.7203539965 
3.025 1.2903592976 
3.075 0.7718075569 
3.125 0.5958600562 
3.175 0.4353358972 
3.225 0.3566692211 
3.275 0.2983906611 
3.325 0.2061478028 
3.375 0.2703277086 
3.425 0.2810945229 
3.475 0.293142026 
3.525 0.2712261853 
3.575 0.2959427919 
3.625 0.3302725378 
3.675 0.3554562411 
3.725 0.3879147017 
3.775 0.4117346763 
3.825 0.4872149512 
3.875 0.5409258143 
3.925 0.6452692972 
3.975 0.7672419702 
4.025 0.8351013475 
4.075 1.0220677973 
4.125 1.1484819088 
4.175 1.263019448 
4.225 1.3881447035 
4.275 1.5508852375 
4.325 1.5865241855 
4.375 1.598603844 
4.425 1.6258328528 
4.475 1.737415307 
4.525 1.713441514 
4.575 1.6622935558 
4.625 1.6084109876 
4.675 1.5431285256 
4.725 1.5475672331 
4.775 1.3855941319 
4.825 1.3820213137 
4.875 1.3089285754 
4.925 1.231506895 
4.975 1.1177332192 
5.025 1.0351073329 
5.075 1.0515257367 
5.125 0.9904917841 
5.175 0.9569587996 
5.225 0.9653748495 
5.275 0.8687389999 
5.325 0.8559216312 
5.375 0.8979787272 
5.425 0.806533614 
5.475 0.7942963413 
5.525 0.831613427 
5.575 0.7964810131 
5.625 0.813802357 
5.675 0.778445724 
5.725 0.8174305699 
5.775 0.8360523848 
5.825 0.7803158925 
5.875 0.7965940002 
5.925 0.813595136 
5.975 0.7993563862 
6.025 0.8482609328 
6.075 0.838297166 
6.125 0.8414701724 
6.175 0.8647786348 
6.225 0.884729896 
6.275 0.8620661995 
6.325 0.8969758158 
6.375 0.9175633761 
6.425 0.957961036 
6.475 0.9877533301 
6.525 0.985771483 
6.575 1.025238541 
6.625 1.0567773176 
6.675 1.0910688226 
6.725 1.077049587 
6.775 1.0934328441 
6.825 1.0868399161 
6.875 1.1013543334 
6.925 1.0460715439 
6.975 1.0580399109 
7.025 1.0440151085 
7.075 1.0569206667 
7.125 1.0497805165 
7.175 1.0173034622 
7.225 1.0125614691 
7.275 1.0151831271 
7.325 0.9597981485 
7.375 0.9602013802 
7.425 0.9820565705 
7.475 0.936851958 
7.525 0.9467089349 
7.575 0.9650983834 
7.625 0.9449764664 
7.675 0.9746882565 
7.725 0.9694251593 
7.775 0.9934958428 
7.825 1.0259816247 
7.875 0.9785896214 
7.925 0.9948481024 
7.975 0.9938493656 
8.025 0.976232742 
8.075 1.0299962872 
8.125 1.0695118492 
8.175 1.0760603025 
8.225 1.0404380463 
8.275 1.0597702661 
8.325 1.0593230462 
8.375 1.0532800845 
8.425 1.0561867896 
8.475 1.0714418081 
8.525 1.0502363438 
8.575 1.0485761413 
8.625 1.0670913294 
8.675 1.0622362489 
8.725 1.0504150396 
8.775 1.016436941 
8.825 1.0781128972 
8.875 1.0543020317 
8.925 1.0729608496 
8.975 1.0441829603 
9.025 0.9921609307 
9.075 1.0151149664 
9.125 1.0118830376 
9.175 1.0115413166 
9.225 0.9946227204 
9.275 0.9641986645 
9.325 0.9904135546 
9.375 0.9669116208 
9.425 0.9738755198 
9.475 0.9925222195 
9.525 0.9620859547 
9.575 0.9687254427 
9.625 0.9751754003 
9.675 0.9545021654 
9.725 0.9413797145 
9.775 0.9477601994 
9.825 0.9715446168 
9.875 0.9425860059 
9.925 0.9439429748 
9.975 0.9812897248 
