# Radial distribution function (200 data points):
# "Pair separation distance" g(r)
0.025 0.0 
0.075 0.0 
0.125 0.0 
0.175 0.0 
0.225 0.0 
0.275 0.0 
0.325 0.0 
0.375 0.0 
0.425 0.0 
0.475 0.0 
0.525 0.0 
0.575 0.0 
0.625 0.0 
0.675 0.0 
0.725 0.0 
0.775 0.0 
0.825 0.0 
0.875 0.0 
0.925 0.0 
0.975 0.0 
1.025 0.0 
1.075 0.0 
1.125 0.0 
1.175 0.0 
1.225 0.0 
1.275 0.0 
1.325 0.0 
1.375 0.0 
1.425 0.0 
1.475 0.0 
1.525 0.0 
1.575 0.0 
1.625 0.0 
1.675 0.0 
1.725 0.0 
1.775 0.0 
1.825 0.0 
1.875 0.0 
1.925 0.0 
1.975 0.0 
2.025 0.0 
2.075 0.0 
2.125 0.0 
2.175 0.0 
2.225 0.0 
2.275 0.0 
2.325 0.0 
2.375 0.0043179238 
2.425 0.0082834139 
2.475 0.0874733466 
2.525 0.2444900876 
2.575 0.7713818584 
2.625 1.5305037166 
2.675 2.6345047255 
2.725 3.3652737757 
2.775 3.8776712264 
2.825 3.6561736532 
2.875 2.9348839436 
2.925 2.3172896772 
2.975 1.6594011526 
3.025 1.0966165821 
3.075 0.7856303791 
3.125 0.603565345 
3.175 0.4590662915 
3.225 0.3138014162 
3.275 0.2543344655 
3.325 0.2269154045 
3.375 0.245901162 
3.425 0.253308174 
3.475 0.2682580533 
3.525 0.2705028221 
3.575 0.3030094624 
3.625 0.2465170556 
3.675 0.3174018983 
3.725 0.3194703454 
3.775 0.3555013973 
3.825 0.4644654119 
3.875 0.5287938541 
3.925 0.6260776909 
3.975 0.7938628426 
4.025 0.8840121009 
4.075 1.0472630362 
4.125 1.1136394624 
4.175 1.2743682009 
4.225 1.4313150279 
4.275 1.4953191877 
4.325 1.5859462554 
4.375 1.6593384922 
4.425 1.6382223332 
4.475 1.7927722623 
4.525 1.7224444085 
4.575 1.695474531 
4.625 1.6555981814 
4.675 1.6404336823 
4.725 1.520804306 
4.775 1.4239595987 
4.825 1.3935544458 
4.875 1.3282205414 
4.925 1.2260768775 
4.975 1.0775626546 
5.025 1.1198883904 
5.075 1.066723178 
5.125 0.9616251436 
5.175 0.9595036054 
5.225 0.9492573365 
5.275 0.8779524428 
5.325 0.8692732904 
5.375 0.8194537256 
5.425 0.8267632561 
5.475 0.7735420393 
5.525 0.7971062192 
5.575 0.8118678412 
5.625 0.7667074149 
5.675 0.8379603266 
5.725 0.7936622945 
5.775 0.7741362659 
5.825 0.8283798398 
5.875 0.7839961568 
5.925 0.7937157091 
5.975 0.811188414 
6.025 0.7870451649 
6.075 0.8361801176 
6.125 0.8498519726 
6.175 0.8629731636 
6.225 0.908877777 
6.275 0.8765129364 
6.325 0.9497723346 
6.375 0.9361310775 
6.425 0.919847638 
6.475 0.9818004778 
6.525 0.9628069065 
6.575 1.0192088773 
6.625 1.0271901121 
6.675 1.0960441396 
6.725 1.0781910769 
6.775 1.1159299677 
6.825 1.1148031434 
6.875 1.0991621737 
6.925 1.0853787588 
6.975 1.0438401892 
7.025 1.0315019033 
7.075 1.0087019124 
7.125 1.0622441181 
7.175 1.0105874906 
7.225 1.0073802782 
7.275 0.9756328037 
7.325 0.9768852691 
7.375 0.9426373103 
7.425 0.9507491546 
7.475 0.9415599474 
7.525 0.9708121227 
7.575 0.9312965844 
7.625 0.9672994008 
7.675 0.9758249921 
7.725 0.9934369739 
7.775 0.9674045062 
7.825 1.0155443231 
7.875 0.9979765102 
7.925 1.0381655823 
7.975 1.0159975999 
8.025 1.0608637668 
8.075 0.9809040106 
8.125 1.0046568959 
8.175 1.034681667 
8.225 1.0574236852 
8.275 1.0617572797 
8.325 1.0704794812 
8.375 1.06294464 
8.425 1.0606598986 
8.475 1.0420777542 
8.525 1.0513389065 
8.575 1.07952601 
8.625 1.0686831562 
8.675 1.0615780071 
8.725 1.0616040336 
8.775 1.0783253475 
8.825 1.0630135803 
8.875 1.0402467151 
8.925 1.0484992829 
8.975 1.0326161387 
9.025 1.0128331392 
9.075 1.0363058971 
9.125 1.0097693687 
9.175 1.0016871003 
9.225 0.961664762 
9.275 1.0198423869 
9.325 0.9742021737 
9.375 0.9699351543 
9.425 0.9796873898 
9.475 0.9653054023 
9.525 0.9530498672 
9.575 0.9813785853 
9.625 0.9367670522 
9.675 0.9419414202 
9.725 0.9433546186 
9.775 0.9439249619 
9.825 0.9406500575 
9.875 0.9786052319 
9.925 0.9764351894 
9.975 0.939499364 
