0.0035 174.73991 4.7779194 125681.71 -170028 9096.42 -179125 0.30908496 0.99372843
0.004 220.48564 -106.07042 125929.78 -165398 11477.8 -176875 0.85474005 0.99177091
0.0045 243.73395 -178.48519 126039.16 -162505 12688 -175193 1.515531 0.99091025
0.005 263.32174 -121.83603 126002.81 -160427 13707.7 -174135 2.2419886 0.9911961
0.0055 269.89315 -132.58867 125736.1 -159158 14049.8 -173208 3.1567285 0.9932986
0.006 271.27244 176.99742 125712.33 -158952 14121.6 -173073 4.019176 0.99348641
0.0065 271.77745 -87.888188 125744.22 -158484 14147.9 -172632 5.0874376 0.99323446
0.007 273.28347 -61.355087 125418.58 -158075 14226.3 -172301 6.061529 0.99581328
0.0075 283.06167 -144.63238 125568.04 -157527 14735.3 -172263 7.0869239 0.99462803
0.008 285.83078 110.03162 125611.24 -156808 14879.5 -171687 8.1342911 0.99428592
0.0085 285.54129 76.296662 125768.22 -156660 14864.4 -171524 9.2146394 0.99304495
0.009 283.84569 -64.219681 125357.49 -157029 14776.1 -171805 10.292116 0.99629863
0.0095 275.70684 156.11286 125370.48 -156921 14352.4 -171273 11.481158 0.99619536
0.01 286.0327 -227.88727 125483.04 -156521 14890 -171411 12.541693 0.99530175
0.0105 286.44406 96.198292 125694.49 -155927 14911.4 -170839 13.799997 0.99362739
0.011 288.1163 -29.700477 125656.75 -156089 14998.4 -171088 15.039215 0.9939258
0.0115 287.95498 15.245699 125488.19 -155884 14990 -170874 16.064076 0.9952609
0.012 292.32758 157.36233 125251.02 -155829 15217.7 -171047 17.269509 0.99714548
0.0125 289.53803 -339.68417 125324.12 -155599 15072.5 -170672 18.515291 0.99656384
0.013 292.35554 -43.02057 125106.16 -155392 15219.1 -170611 19.881849 0.99830008
0.0135 294.21068 200.43734 125141.48 -155406 15315.7 -170722 21.311596 0.99801834
0.014 292.72798 54.826075 125124.84 -155364 15238.5 -170603 22.943723 0.99815107
0.0145 285.89379 346.4869 125306.21 -155544 14882.7 -170427 24.516817 0.99670635
0.015 287.69347 -318.05691 125062.35 -155682 14976.4 -170658 25.929752 0.99864984
0.0155 294.65742 325.12232 124777.13 -155401 15339 -170740 27.069116 1.0009326
0.016 291.85022 214.37329 124805.47 -155831 15192.8 -171024 28.094845 1.0007053
0.0165 288.59987 41.160134 124773.95 -155796 15023.6 -170820 29.153557 1.0009581
0.017 285.27269 42.874677 124744.99 -155962 14850.4 -170813 30.003933 1.0011905
0.0175 289.7995 136.57659 124579.95 -156057 15086.1 -171143 30.997153 1.0025168
0.018 285.03415 89.721953 124949.96 -156316 14838 -171154 32.172614 0.99954808
0.0185 284.09342 -32.851408 125062.67 -156494 14789 -171283 33.255807 0.99864728
0.019 286.52617 -205.27626 125057.79 -156328 14915.7 -171244 34.357401 0.99868625
0.0195 285.91462 -214.12066 124666.73 -156363 14883.8 -171247 35.240582 1.0018189
0.02 286.0304 13.630791 124669.2 -156349 14889.9 -171239 36.389363 1.0017991
0.0205 288.03361 173.94444 124601.49 -156291 14994.1 -171285 37.386005 1.0023434
0.021 285.86321 240.90612 125317.67 -156261 14881.2 -171142 38.764324 0.99661516
0.0215 287.76462 -69.972829 125457.64 -156241 14980.1 -171221 40.180103 0.99550331
0.022 288.41308 -270.86918 125078.18 -156335 15013.9 -171349 41.257519 0.9985234
0.0225 283.78535 -38.166184 124998.89 -156206 14773 -170979 42.378487 0.99915684
0.023 281.72474 -253.11154 124977.55 -156442 14665.7 -171108 43.360378 0.99932739
0.0235 284.16026 -212.77975 124826.11 -156002 14792.5 -170795 44.325345 1.0005398
0.024 281.23127 103.75763 124640.66 -156013 14640 -170653 45.596014 1.0020285
0.0245 294.612 -6.3202469 124618.86 -155334 15336.6 -170670 46.455258 1.0022038
0.025 297.48957 -181.37011 125024.8 -155139 15486.4 -170626 47.657445 0.9989497
0.0255 289.86576 -61.441874 125096.03 -155519 15089.5 -170609 48.99105 0.99838092
0.026 284.26102 -236.07253 124770.48 -155945 14797.8 -170743 50.226129 1.0009859
0.0265 288.86264 -116.59066 124734.65 -155603 15037.3 -170641 51.289471 1.0012735
0.027 293.95201 242.54006 124798.78 -155779 15302.2 -171081 52.594512 1.0007589
0.0275 284.89365 -7.8872896 124958.25 -155878 14830.7 -170709 53.739129 0.99948177
0.028 289.5052 -99.394401 124885.49 -156054 15070.7 -171125 54.745084 1.0000641
0.0285 288.78388 183.49808 124871.45 -155969 15033.2 -171002 56.21221 1.0001765
0.029 286.865 197.76379 125005.4 -156094 14933.3 -171028 57.830591 0.99910477
0.0295 288.01472 -285.19447 124950.93 -156311 14993.2 -171304 59.373105 0.99954031
0.03 286.00847 205.19962 124988.94 -156273 14888.7 -171162 60.263805 0.99923637
0.0305 286.18764 -29.690521 125100.36 -156041 14898 -170939 61.804276 0.99834634
0.031 284.64696 57.196451 125086.42 -156301 14817.8 -171119 62.780553 0.99845761
0.0315 290.46844 -113.82766 125273.4 -156185 15120.9 -171305 64.155956 0.99696735
0.032 289.35758 69.793812 125358.38 -156060 15063.1 -171123 65.388937 0.99629152
0.0325 292.60796 -327.80082 125301.49 -155676 15232.3 -170908 66.325754 0.99674385
0.033 287.2481 -210.87262 125276.93 -155989 14953.2 -170942 67.320305 0.99693926
0.0335 289.21336 -143.66664 124841.18 -156331 15055.6 -171386 67.854798 1.000419
0.034 291.93387 -40.130223 124877.65 -155995 15197.2 -171192 69.030537 1.0001268
0.0345 295.09229 -39.403368 125218.43 -155816 15361.6 -171177 70.137448 0.99740501
0.035 292.38824 109.89028 125058.18 -155812 15220.8 -171033 71.356667 0.99868307
0.0355 292.1419 -161.79996 125152.04 -156137 15208 -171345 72.854172 0.99793408
0.036 294.67222 85.815762 125319.31 -156117 15339.7 -171456 74.828016 0.99660214
0.0365 286.31706 25.580864 125337.4 -156642 14904.8 -171547 76.028356 0.99645831
0.037 287.62924 -2.5851385 125599.6 -156769 14973.1 -171742 77.470836 0.99437812
0.0375 285.44941 210.11936 125743.54 -156552 14859.6 -171412 78.730449 0.99323983
0.038 284.1828 -123.64688 125653.79 -156861 14793.7 -171655 79.804952 0.99394924
0.0385 286.03068 -50.381738 125618.24 -156569 14889.9 -171459 80.532536 0.99423052
0.039 285.99946 -139.80714 125339.06 -156522 14888.2 -171411 81.481385 0.99644509
0.0395 287.4283 -82.101062 124975.73 -156557 14962.6 -171519 82.645842 0.99934195
0.04 287.21027 231.41879 125322.03 -156508 14951.3 -171459 84.249601 0.99658053
0.0405 286.5223 305.82093 125427.54 -156855 14915.5 -171770 85.537425 0.99574217
0.041 284.72356 -90.125561 125641.16 -156976 14821.8 -171798 86.670717 0.99404921
0.0415 284.38859 -187.34398 125654.22 -156899 14804.4 -171704 87.545821 0.99394587
0.042 292.74854 17.836483 125308.38 -156590 15239.6 -171829 88.857327 0.99668902
0.0425 290.64267 -198.94158 125323.11 -156217 15130 -171347 90.079616 0.99657192
0.043 288.27569 -60.011566 125477.28 -156198 15006.7 -171205 91.516745 0.99534742
0.0435 287.79933 35.953478 125157.67 -156145 14981.9 -171127 92.478346 0.99788927
0.044 285.95775 -108.80117 125435.18 -156286 14886.1 -171172 93.457916 0.99568149
0.0445 278.67227 38.714516 125712.77 -156658 14506.8 -171165 94.393434 0.99348297
0.045 284.32971 110.48543 125269.74 -156531 14801.3 -171332 95.331522 0.99699651
0.0455 283.9017 102.29578 125117.02 -156821 14779 -171600 96.303912 0.99821348
0.046 284.65264 91.109712 125326.06 -156133 14818.1 -170951 97.83883 0.99654848
0.0465 283.87593 199.28876 125564.97 -156334 14777.7 -171111 98.496795 0.99465237
0.047 286.11975 176.94294 125483.58 -156202 14894.5 -171097 99.852242 0.99529749
0.0475 284.23585 139.90875 125557.36 -156195 14796.4 -170991 100.9976 0.99471261
0.048 284.32176 123.28487 125665.32 -156061 14800.9 -170862 102.089 0.99385808
0.0485 291.31115 63.152189 125629.26 -155710 15164.8 -170875 103.48153 0.99414331
0.049 293.63253 26.10004 125559.47 -155956 15285.6 -171242 104.70718 0.9946959
0.0495 286.93789 -389.8166 125476.96 -156421 14937.1 -171359 105.89461 0.99535003
0.05 280.43546 -59.265566 125100.52 -156652 14598.6 -171251 107.10526 0.99834509
0.0505 284.93886 183.72747 125082.91 -156616 14833 -171449 108.6175 0.99848569
0.051 280.9856 -87.911252 125134.47 -156758 14627.2 -171385 109.83799 0.99807422
0.0515 286.84178 5.3143646 124933.63 -156763 14932.1 -171695 110.76931 0.99967869
0.052 283.50327 -168.17349 124967.96 -156424 14758.3 -171183 111.63569 0.99940411
0.0525 281.9241 -79.49097 125078.47 -156077 14676.1 -170753 113.23182 0.99852113
0.053 287.40267 4.0335426 124938.65 -155787 14961.3 -170748 114.37823 0.99963859
0.0535 291.95936 -238.67042 124770.1 -155648 15198.5 -170847 116.35766 1.0009889
0.054 289.40274 51.849041 124560.72 -155720 15065.4 -170785 118.3108 1.0026716
0.0545 289.13331 -52.747843 124482.2 -155598 15051.4 -170650 119.94633 1.003304
0.055 296.71919 82.162652 124399.78 -155561 15446.3 -171007 121.43804 1.0039688
0.0555 288.91826 233.47779 124578.92 -155762 15040.2 -170803 123.19134 1.002525
0.056 291.6733 307.57447 124815.64 -155875 15183.6 -171058 124.72059 1.0006237
0.0565 283.92536 344.84829 124962.17 -155989 14780.3 -170770 126.48411 0.99945039
0.057 288.54484 -91.853486 125162.78 -156104 15020.8 -171125 128.19272 0.99784847
0.0575 290.58052 -145.23275 125335.36 -156094 15126.7 -171220 129.14352 0.9964745
0.058 286.60914 120.52841 125198.7 -156058 14920 -170978 130.51674 0.99756221
0.0585 291.48557 149.14421 125187.95 -155815 15173.8 -170989 131.28709 0.99764786
0.059 290.56188 -36.687565 125137.09 -155857 15125.8 -170982 132.80409 0.99805333
0.0595 288.17912 -79.932078 125140.77 -156138 15001.7 -171139 134.16799 0.99802403
0.06 289.28569 143.52553 124821.62 -156196 15059.3 -171255 135.14764 1.0005758
0.0605 291.421 106.36311 124916.16 -155987 15170.5 -171158 136.29805 0.99981853
0.061 286.95242 227.76146 125107.99 -155908 14937.9 -170846 137.98507 0.99828552
0.0615 289.77911 102.32706 125002.66 -156016 15085 -171101 139.32985 0.99912667
0.062 286.67588 151.68151 125235.39 -156177 14923.5 -171101 140.76588 0.99726997
0.0625 290.30751 -7.8527749 125157.25 -156521 15112.5 -171633 141.95363 0.99789255
0.063 289.64149 -22.277991 125259.99 -156226 15077.8 -171304 143.30235 0.99707409
0.0635 293.01236 83.901815 125448.86 -156110 15253.3 -171363 144.99202 0.99557296
0.064 294.91611 -258.78722 125332.98 -155755 15352.4 -171107 145.52478 0.99649346
0.0645 289.73592 -40.443515 124974.76 -156245 15082.8 -171328 145.87755 0.99934968
0.065 290.63002 330.34389 125123.06 -155928 15129.3 -171057 146.51416 0.99816527
0.0655 286.47169 98.644971 125293.26 -155821 14912.8 -170733 147.98764 0.99680934
0.066 299.21978 201.38121 125005.24 -155559 15576.5 -171136 148.7277 0.99910602
0.0665 293.37239 -51.791122 125153.27 -155726 15272.1 -170998 150.26869 0.99792433
0.067 291.14942 -181.2788 125139.52 -156174 15156.3 -171331 151.70261 0.99803392
0.0675 286.20021 13.926352 125122.52 -156366 14898.7 -171265 152.80572 0.99816956
0.068 285.94735 56.157831 125159.93 -156578 14885.5 -171463 154.57633 0.99787118
0.0685 287.70945 124.75811 125215.42 -156323 14977.3 -171301 156.16207 0.99742897
0.069 289.53091 -39.312148 125323.27 -156040 15072.1 -171113 157.75466 0.99657065
0.0695 291.82501 116.29448 125789.39 -156154 15191.5 -171345 159.58863 0.99287781
0.07 287.31208 129.32057 125722.94 -155924 14956.6 -170881 160.73954 0.99340255
0.0705 288.83212 -159.23099 125609.25 -155715 15035.7 -170751 161.86877 0.99430169
0.071 286.55693 177.74291 125348.01 -156087 14917.3 -171005 162.68847 0.99637392
0.0715 280.10538 -33.55686 125510.45 -156596 14581.4 -171177 163.59644 0.99508437
0.072 292.10836 -178.63611 125347.39 -156113 15206.3 -171319 164.71766 0.9963789
0.0725 285.42526 -157.88339 125567.77 -155995 14858.4 -170853 166.00674 0.99463013
0.073 291.95869 -62.031014 125388.73 -156011 15198.5 -171209 167.35665 0.99605037
0.0735 284.22568 -21.181885 125394.61 -156276 14795.9 -171072 168.74374 0.99600363
0.074 288.8579 -112.23228 125386.43 -156650 15037.1 -171687 170.03992 0.99606861
0.0745 284.30877 -105.49524 125520.25 -156879 14800.2 -171679 171.72582 0.99500673
0.075 285.36092 11.884351 125535.58 -156875 14855 -171730 172.74802 0.99488518
0.0755 285.06502 37.241368 125674.02 -156930 14839.6 -171770 173.50765 0.99378929
0.076 284.62254 104.27616 125646.96 -156680 14816.6 -171497 174.67494 0.99400331
0.0765 280.18136 7.4563303 125528.86 -156776 14585.4 -171362 175.56079 0.99493849
0.077 284.5611 -222.53204 125596.25 -156617 14813.4 -171430 176.54557 0.99440466
0.0775 288.08268 86.382917 125650.94 -156428 14996.7 -171425 177.67412 0.9939718
0.078 290.18416 38.573975 125725.18 -156151 15106.1 -171257 178.61725 0.99338489
0.0785 295.32561 126.17222 125529.52 -156474 15373.7 -171848 180.08243 0.99493321
0.079 287.90165 -47.429905 125820.81 -156554 14987.3 -171542 181.21915 0.99262986
0.0795 288.48784 -143.34003 125311.22 -157024 15017.8 -172042 181.87105 0.99666647
0.08 284.59893 134.21726 125202.97 -156810 14815.3 -171625 182.70474 0.99752817
0.0805 290.97379 98.815871 125262.18 -156487 15147.2 -171634 184.24139 0.99705664
0.081 283.30829 -216.26525 125182.26 -156584 14748.2 -171332 185.71018 0.99769323
0.0815 285.99351 -84.116424 124960.17 -156675 14887.9 -171563 186.47468 0.9994664
0.082 290.3175 272.59453 125088.14 -156376 15113 -171489 188.25431 0.99844393
0.0825 288.60214 -7.2295629 125134.54 -156237 15023.7 -171260 189.02921 0.99807372
0.083 286.76027 61.506053 125405.17 -156120 14927.9 -171048 190.12414 0.99591981
0.0835 288.57359 -129.96078 125279.12 -156142 15022.3 -171165 190.88142 0.99692181
0.084 285.60083 97.385672 125630.34 -156109 14867.5 -170976 193.06312 0.99413482
0.0845 297.07057 -341.58172 125501.39 -155740 15464.6 -171205 194.32354 0.99515623
0.085 287.02525 -89.957919 125410.39 -156007 14941.6 -170949 195.33103 0.99587837
0.0855 289.16724 -96.595508 125618.12 -155510 15053.2 -170563 196.98903 0.99423153
0.086 300.4342 36.675351 125585.34 -155593 15639.7 -171233 198.28167 0.99449104
0.0865 288.53999 45.917134 125261.99 -156205 15020.5 -171226 199.22117 0.99705814
0.087 288.03276 -27.305284 125399.55 -156022 14994.1 -171016 200.62291 0.9959644
0.0875 295.26304 -202.42078 125151.48 -156085 15370.5 -171455 201.86355 0.99793858
0.088 293.05431 174.66408 125219.78 -156034 15255.5 -171289 203.61183 0.99739431
0.0885 288.60815 105.78219 125544.3 -156133 15024 -171157 205.18469 0.99481609
0.089 291.35302 120.23282 125529.52 -156058 15166.9 -171225 206.06094 0.99493326
0.0895 289.13881 -81.410232 125248.88 -156025 15051.7 -171077 207.31081 0.99716252
0.09 290.31787 10.34349 125150.37 -155636 15113.1 -170749 208.3298 0.99794746
0.0905 285.47945 -54.156331 125142.34 -156112 14861.2 -170973 210.28998 0.99801144
0.091 289.72958 228.86383 125543 -156147 15082.4 -171229 212.32521 0.99482644
0.0915 291.69514 240.78617 125551.72 -155906 15184.7 -171091 213.42384 0.99475728
0.092 289.50526 64.72929 125777.14 -155914 15070.8 -170985 215.11528 0.99297451
0.0925 295.65794 -115.53276 125634.96 -155879 15391 -171270 216.30022 0.99409824
0.093 293.66668 -224.922 125381.79 -156086 15287.4 -171373 216.93421 0.9961055
0.0935 292.43695 -130.8615 125431.64 -155958 15223.4 -171181 218.84048 0.99570962
0.094 295.3453 135.84041 125339.97 -155935 15374.8 -171310 219.28086 0.99643788
0.0945 293.63662 119.0578 125246.77 -155914 15285.8 -171200 220.16405 0.99717936
0.095 286.77951 327.42198 125030.59 -155968 14928.9 -170897 221.38546 0.99890346
0.0955 291.99059 189.28707 125095.87 -156127 15200.1 -171327 222.90856 0.99838224
0.096 290.95932 147.97914 125439.68 -156037 15146.4 -171184 224.98675 0.99564584
0.0965 295.6462 -2.1486906 125520.71 -155729 15390.4 -171120 226.4124 0.99500304
0.097 293.8544 224.99251 125444.79 -155671 15297.2 -170969 227.6779 0.99560528
0.0975 286.67976 63.097356 125463.9 -155523 14923.7 -170447 229.59102 0.9954536
0.098 296.81004 -187.23333 125085.15 -155737 15451 -171188 230.22424 0.99846781
0.0985 291.81881 -137.02035 125095.23 -155850 15191.2 -171041 231.55319 0.99838732
0.099 290.28498 62.328706 125204.18 -155786 15111.3 -170897 233.09005 0.99751853
0.0995 289.67439 29.265583 125205.85 -155853 15079.6 -170933 235.01803 0.99750521
0.1 288.74926 -141.50421 124925.93 -156078 15031.4 -171109 236.49809 0.99974031
0.1005 289.68501 263.97147 125048.33 -155928 15080.1 -171008 237.84063 0.99876175
0.101 285.61772 -321.04777 125005.41 -156357 14868.4 -171225 239.39777 0.99910471
0.1015 289.61423 -26.086807 124819.99 -156514 15076.4 -171590 240.23306 1.0005888
0.102 291.21209 -283.07298 124764.79 -156358 15159.6 -171517 241.52977 1.0010315
0.1025 294.5089 57.32164 125217.44 -156387 15331.2 -171718 242.9891 0.99741292
0.103 285.32075 -6.4649095 125251.25 -156501 14852.9 -171354 243.923 0.99714371
0.1035 287.41961 -26.630435 125246.81 -156160 14962.2 -171122 244.88063 0.99717901
0.104 289.73801 57.300485 125665.58 -156073 15082.9 -171156 246.71259 0.99385597
0.1045 286.42693 -74.964786 125614.96 -156430 14910.5 -171341 247.72305 0.99425652
0.105 281.35304 147.09312 125365.26 -156766 14646.4 -171413 248.08752 0.99623687
0.1055 283.15407 -177.42216 125192.15 -156800 14740.1 -171540 248.85581 0.99761438
0.106 285.54915 47.636199 124867.49 -156760 14864.8 -171625 249.8304 1.0002082
0.1065 283.00378 40.897959 125068.47 -156759 14732.3 -171491 251.52607 0.99860095
0.107 293.18723 -196.80863 125081.25 -156453 15262.4 -171715 253.14084 0.99849894
0.1075 290.71518 -204.57558 124939.03 -156668 15133.7 -171802 253.77492 0.99963553
0.108 291.53236 97.531799 125044.3 -156417 15176.3 -171593 254.96934 0.99879396
0.1085 286.73056 194.19486 125078.79 -156168 14926.3 -171095 256.3219 0.99851856
0.109 288.14078 13.865018 125268.24 -156152 14999.7 -171151 258.00457 0.99700842
0.1095 289.74298 162.99477 125403.54 -156184 15083.1 -171267 259.39615 0.99593273
0.11 288.14621 127.11748 125538.89 -156265 15000 -171265 260.79724 0.99485895
0.1105 291.42848 187.38073 125442.29 -156039 15170.9 -171210 262.57098 0.99562512
0.111 286.32124 -231.09058 125256.19 -156315 14905 -171220 263.71733 0.99710435
0.1115 281.70871 204.2668 125286.25 -156138 14664.9 -170803 264.844 0.99686511
0.112 292.31601 81.440271 125273.29 -155896 15217.1 -171113 266.22686 0.99696821
0.1125 289.52443 20.125089 125420.2 -156074 15071.7 -171146 268.09333 0.99580045
0.113 290.36765 183.89332 125326.36 -155663 15115.6 -170778 269.47103 0.99654607
0.1135 290.48305 -42.702429 125244.43 -155682 15121.7 -170804 270.68918 0.99719798
0.114 297.55112 4.428484 125422.39 -155718 15489.6 -171208 271.72804 0.99578304
0.1145 288.88472 -297.14561 125371.22 -155823 15038.4 -170861 272.76436 0.99618945
0.115 293.48528 -69.004807 125368.92 -155695 15277.9 -170973 274.56693 0.99620777
0.1155 284.36317 115.20606 125343.81 -156335 14803.1 -171138 275.68319 0.99640736
0.116 287.40529 61.335389 125351.58 -156130 14961.4 -171091 276.45122 0.99634553
0.1165 285.11006 -125.36914 125226.74 -156420 14841.9 -171262 277.7679 0.99733887
0.117 289.08831 197.80292 125272.86 -156010 15049 -171059 279.6092 0.99697169
0.1175 287.7732 141.78176 125511.74 -155923 14980.6 -170903 281.56804 0.9950742
0.118 294.3927 25.592107 125581.55 -155987 15325.2 -171312 282.99307 0.99452102
0.1185 290.28432 -174.99292 125452.34 -156255 15111.3 -171367 283.74559 0.9955453
0.119 286.84969 -32.209261 125234.97 -156652 14932.5 -171584 285.20725 0.99727329
0.1195 283.9327 -18.782082 125327.89 -156496 14780.7 -171276 287.06311 0.99653388
0.12 288.51408 34.922636 125079.1 -156299 15019.2 -171319 287.83107 0.99851606
0.1205 292.21431 203.65538 125348.83 -156287 15211.8 -171498 289.28485 0.99636741
0.121 284.09196 -95.251553 125284.81 -156514 14789 -171303 289.93761 0.99687655
0.1215 289.28237 -83.259068 125042.34 -156442 15059.1 -171501 291.44556 0.99880958
0.122 284.2093 4.5614886 125125.63 -156418 14795.1 -171213 292.3413 0.99814473
0.1225 287.22397 15.35191 125051.8 -156531 14952 -171483 294.23572 0.99873407
0.123 289.67492 146.97128 125289.73 -156351 15079.6 -171431 295.52395 0.99683741
0.1235 287.73911 -130.2866 124898.91 -156201 14978.8 -171180 296.12049 0.9999566
0.124 291.34021 -79.438814 124566.48 -156216 15166.3 -171383 296.14128 1.0026252
0.1245 291.76247 -137.21179 124500.84 -156092 15188.3 -171280 297.14924 1.0031538
0.125 285.26545 307.19436 124777.36 -156038 14850 -170888 298.81488 1.0009307
0.1255 287.32868 185.90322 124980.69 -155887 14957.4 -170845 300.90342 0.99930234
0.126 290.05651 93.140162 125013.35 -155936 15099.4 -171036 301.68685 0.99904122
0.1265 289.98199 182.93913 124917.12 -155996 15095.6 -171091 302.67201 0.99981085
0.127 285.02027 -254.80549 124864.06 -156005 14837.3 -170842 304.81771 1.0002357
0.1275 290.15701 106.23434 125101.08 -155794 15104.7 -170899 307.20941 0.99834065
0.128 290.17798 32.039619 125325.23 -156105 15105.8 -171210 309.30241 0.99655507
0.1285 287.71819 -11.876934 125355.81 -156259 14977.7 -171236 311.08911 0.99631191
0.129 294.41771 -71.472448 125169.28 -156187 15326.5 -171513 311.88349 0.99779667
0.1295 286.06253 70.324003 125526.07 -155937 14891.5 -170829 314.04238 0.99496057
0.13 292.14617 9.4309414 125057.83 -155574 15208.2 -170783 314.33451 0.99868591
0.1305 287.15564 -420.4918 124689.07 -155914 14948.4 -170862 314.62164 1.0016395
0.131 284.16738 -156.49209 124910.99 -155890 14792.9 -170683 315.82662 0.99985994
0.1315 291.00704 -219.57758 124617.26 -155723 15148.9 -170872 316.63709 1.0022166
0.132 293.52648 65.104608 124710.32 -155656 15280.1 -170936 318.35723 1.0014688
0.1325 289.53889 230.90827 124803.83 -156275 15072.5 -171348 320.35308 1.0007184
0.133 287.08088 -14.552222 124914.92 -156561 14944.5 -171506 321.77585 0.99982845
0.1335 278.21118 185.7628 125028.25 -156641 14482.8 -171124 323.49798 0.99892214
0.134 293.6831 -100.90887 124928.78 -156029 15288.2 -171317 324.38648 0.99971753
0.1345 284.50397 -75.17732 125102.38 -156032 14810.4 -170843 325.80745 0.99833026
0.135 288.00111 189.1278 125270.38 -156207 14992.4 -171199 326.87487 0.99699142
0.1355 285.97929 67.895426 125342.07 -156269 14887.2 -171156 328.30132 0.99642114
0.136 285.80728 -5.8976606 125021.76 -156321 14878.2 -171199 328.93273 0.99897399
0.1365 288.26781 -68.227213 124933.35 -156428 15006.3 -171434 329.90283 0.99968096
0.137 286.38973 92.977471 125301.73 -156350 14908.6 -171258 331.7222 0.99674196
0.1375 283.05607 123.0512 125216.09 -155867 14735 -170602 332.32516 0.99742363
0.138 289.56252 -96.76292 125347.96 -156064 15073.7 -171137 333.09286 0.99637432
0.1385 287.43321 27.073986 125323.37 -156109 14962.9 -171072 334.04778 0.99656982
0.139 292.19755 -301.87221 124867.33 -155694 15210.9 -170905 334.94843 1.0002095
0.1395 294.3187 -81.988554 125082.22 -155858 15321.3 -171179 336.81619 0.9984912
0.14 287.56599 67.606746 125029.94 -156223 14969.8 -171193 337.33771 0.99890864
0.1405 286.0117 42.492928 125409.72 -155674 14888.9 -170563 338.85614 0.99588366
0.141 282.88499 230.83929 125345.23 -155898 14726.1 -170624 338.72733 0.99639603
0.1415 289.90606 51.222423 125214.97 -155908 15091.6 -171000 339.35062 0.99743256
0.142 286.20601 52.333122 125227.4 -156041 14899 -170940 339.88563 0.99733355
0.1425 282.87275 46.60329 125218.35 -156296 14725.5 -171021 340.4575 0.99740563
0.143 292.99511 73.203141 125200.77 -156176 15252.4 -171428 340.50692 0.99754571
0.1435 291.49952 -7.4347052 125629.56 -156072 15174.6 -171246 342.46946 0.99414093
0.144 293.83338 25.464109 125634.85 -156050 15296.1 -171346 342.53722 0.99409909
0.1445 292.3696 -379.32284 125423.23 -155946 15219.9 -171166 342.54314 0.99577636
0.145 284.90056 -56.387433 125197.07 -156312 14831 -171143 343.63872 0.99757518
0.1455 286.73239 -21.908852 125079.21 -156064 14926.4 -170991 343.95228 0.99851515
0.146 289.07481 -46.346679 125188.73 -155806 15048.3 -170854 345.18598 0.99764168
0.1465 290.12041 21.168707 125451.72 -156109 15102.8 -171211 347.22133 0.99555026
0.147 287.12358 184.34796 125281.71 -156390 14946.8 -171337 349.29953 0.99690124
0.1475 280.26367 -207.29337 125175.08 -156607 14589.7 -171196 350.57152 0.99775041
0.148 289.02457 133.72228 125440 -156031 15045.7 -171077 352.40469 0.99564324
0.1485 286.51381 180.79368 125626.24 -156214 14915 -171129 354.38075 0.99416721
0.149 287.53977 97.774502 125655.13 -156124 14968.4 -171092 355.74777 0.99393864
0.1495 289.50458 345.15842 125652.84 -156286 15070.7 -171357 356.40738 0.99395675
0.15 283.22285 -53.286821 125581.77 -156281 14743.7 -171024 357.49106 0.99451928
0.1505 285.68371 111.81847 125822.83 -156130 14871.8 -171002 359.3179 0.99261392
0.151 291.43077 -126.41166 125664.31 -156123 15171 -171294 360.25248 0.99386602
0.1515 293.43915 124.09968 125584.65 -156026 15275.5 -171301 361.09482 0.99449646
0.152 291.28092 -14.659842 125330.04 -155865 15163.2 -171029 361.87897 0.9965168
0.1525 293.06076 168.19744 125118.22 -155901 15255.8 -171157 362.66338 0.9982039
0.153 288.99075 169.72465 125586.12 -155940 15044 -170984 364.68107 0.99448484
0.1535 290.4489 31.321459 125387.62 -156054 15119.9 -171174 365.54329 0.99605916
0.154 286.84756 -9.4991926 125119.04 -155793 14932.4 -170725 364.87651 0.99819731
0.1545 285.26644 80.995543 124784 -156206 14850.1 -171056 364.58095 1.0008774
0.155 285.34856 132.26123 124491.09 -156439 14854.4 -171293 365.25853 1.0032324
0.1555 283.14668 -26.676842 124714.25 -156619 14739.7 -171358 366.77047 1.0014372
0.156 286.29269 -35.038994 124689.83 -156660 14903.5 -171564 368.4035 1.0016334
0.1565 289.42972 -216.97404 124757.68 -156468 15066.8 -171535 368.89144 1.0010886
0.157 289.15396 119.02528 124810.63 -156103 15052.5 -171155 369.58997 1.0006639
0.1575 285.16785 -183.62039 124940.04 -156480 14845 -171325 371.53843 0.99962743
0.158 289.00678 134.38039 125161.93 -156061 15044.8 -171106 373.16113 0.99785527
0.1585 288.91332 48.266454 125129.93 -156219 15039.9 -171259 374.43046 0.99811042
0.159 287.08856 149.20792 124955.65 -156021 14944.9 -170966 375.28585 0.99950255
0.1595 293.5197 -0.67058666 125252.35 -155704 15279.7 -170984 377.27513 0.99713493
0.16 296.81951 -143.97688 125100.93 -155724 15451.5 -171175 378.2147 0.9983418
0.1605 289.50105 -225.80884 124865.49 -155930 15070.5 -171001 379.13751 1.0002243
0.161 295.11033 73.526023 125046.85 -155894 15362.5 -171257 381.74075 0.99877355
0.1615 290.13073 176.62652 125090.77 -155654 15103.3 -170758 383.05949 0.99842295
0.162 291.13294 59.523295 125061.62 -155986 15155.5 -171142 383.56275 0.9986556
0.1625 292.53132 338.99955 124906.59 -156052 15228.3 -171280 384.21644 0.99989512
0.163 292.02898 45.356593 124877.55 -155614 15202.1 -170816 385.05271 1.0001277
0.1635 285.46123 73.207883 124861.48 -155871 14860.2 -170731 386.06526 1.0002564
0.164 288.64728 -28.731371 125030.59 -156104 15026.1 -171130 386.89586 0.99890346
0.1645 283.88641 -269.52862 124720.89 -156345 14778.3 -171123 386.67442 1.0013839
0.165 286.03697 131.39404 124978.12 -156650 14890.2 -171540 388.46096 0.99932283
0.1655 287.85335 168.13953 125116.19 -156171 14984.8 -171156 389.30018 0.99822006
0.166 288.05954 108.46265 125154.87 -156380 14995.5 -171375 390.91615 0.99791152
0.1665 288.11165 31.481503 125609.52 -156236 14998.2 -171234 393.00724 0.99429957
0.167 285.55602 141.19743 125700.88 -156570 14865.2 -171435 393.93004 0.99357691
0.1675 287.70999 234.76397 125539.37 -156386 14977.3 -171363 394.65277 0.99485519
0.168 288.45423 15.153953 125574.21 -156074 15016 -171090 396.28195 0.99457919
0.1685 290.32889 -115.90553 125738.02 -155969 15113.6 -171083 398.89156 0.99328341
0.169 290.96961 50.277669 125667.07 -156136 15147 -171283 399.89229 0.99384423
0.1695 287.51984 -60.473304 125794.35 -156195 14967.4 -171162 401.1813 0.99283865
0.17 288.15418 -42.591383 125422.73 -156174 15000.4 -171174 401.767 0.99578039
0.1705 286.64681 -164.1383 125474.08 -156246 14921.9 -171168 403.4801 0.99537284
0.171 292.66885 -453.18655 125158.73 -156074 15235.4 -171310 403.77225 0.99788079
0.1715 286.1805 -32.228194 124534.69 -156405 14897.7 -171303 403.07034 1.0028811
0.172 298.25249 122.10188 124972 -155956 15526.1 -171482 404.90708 0.99937178
0.1725 288.40965 -147.34455 125137.86 -156157 15013.7 -171170 406.27845 0.99804723
0.173 285.48253 -31.383715 125236.44 -156191 14861.3 -171052 407.46005 0.9972616
0.1735 285.16363 22.909088 125194.05 -156525 14844.7 -171370 408.15638 0.99759927
0.174 287.13418 184.64565 125203.89 -156655 14947.3 -171602 409.23549 0.99752081
0.1745 282.91855 210.09071 125249.75 -156649 14727.9 -171376 410.65201 0.9971556
0.175 279.81258 140.69923 125274.52 -157064 14566.2 -171630 411.81842 0.99695846
0.1755 286.31766 129.71912 125190.72 -156726 14904.8 -171631 411.98791 0.99762583
0.176 289.73711 -150.91517 125245.35 -156662 15082.8 -171745 412.95296 0.99719064
0.1765 289.42878 -12.495216 125176.85 -156552 15066.8 -171619 413.80826 0.9977363
0.177 281.30034 -9.9813516 125068.43 -156377 14643.6 -171021 415.0761 0.99860122
0.1775 296.00906 176.30762 125169.36 -156094 15409.3 -171504 416.37606 0.99779604
0.178 287.34411 -117.24617 125315.6 -156225 14958.2 -171183 418.36173 0.99663167
0.1785 292.15931 246.31123 125146.8 -156051 15208.9 -171260 419.61593 0.99797588
0.179 287.78488 -67.501487 125530.3 -156157 14981.2 -171139 422.06502 0.99492708
0.1795 288.98482 66.202856 125308.13 -155875 15043.7 -170919 423.31974 0.99669103
0.18 292.25993 -112.66673 125322.7 -155670 15214.2 -170884 425.3361 0.99657514
0.1805 291.2576 70.879812 124870.94 -155816 15162 -170978 425.3965 1.0001806
0.181 289.84637 47.740428 124671.29 -155947 15088.5 -171036 426.09977 1.0017823
0.1815 289.77251 -51.860169 124661.42 -156163 15084.7 -171248 427.46692 1.0018616
0.182 288.56491 17.117528 124813.93 -155920 15021.8 -170942 429.14637 1.0006374
0.1825 291.26548 83.134378 124638.47 -155741 15162.4 -170903 430.86697 1.0020461
0.183 284.4275 398.47333 125093.88 -156324 14806.4 -171131 433.99491 0.99839812
0.1835 288.94494 -316.89523 125187.45 -156370 15041.6 -171411 435.24986 0.99765185
0.184 292.21238 -273.16037 125051.92 -156167 15211.7 -171378 437.22608 0.99873306
0.1845 281.25315 81.832376 125033.75 -156439 14641.2 -171080 439.33846 0.99887823
0.185 288.53426 -6.9743786 125025.53 -156022 15020.2 -171042 441.11977 0.99894387
0.1855 291.97505 -11.229359 124757.81 -155821 15199.3 -171020 441.80426 1.0010875
0.186 286.74759 102.24027 124697.3 -156029 14927.2 -170956 443.31998 1.0015734
0.1865 288.63965 262.41305 124692.99 -155990 15025.7 -171016 445.17078 1.0016079
0.187 286.44343 -18.007893 124723.76 -156278 14911.4 -171190 446.9081 1.0013608
0.1875 289.078 -75.52125 124593.25 -156426 15048.5 -171475 446.82416 1.0024097
0.188 288.8379 -24.037299 124771.48 -156239 15036 -171275 447.27831 1.0009779
0.1885 285.58017 -18.370789 124899.85 -156317 14866.4 -171184 448.72473 0.99994912
0.189 283.88801 -10.619537 125014.77 -156777 14778.3 -171555 450.41075 0.9990299
0.1895 282.5423 207.5907 124944.21 -156644 14708.3 -171353 451.40878 0.99959407
0.19 288.8813 138.26342 125325.44 -156492 15038.3 -171530 453.51267 0.99655339
0.1905 290.9122 -49.803369 125209.74 -156262 15144 -171406 454.53622 0.99747424
0.191 292.35032 41.633411 124892.8 -156217 15218.9 -171436 455.40449 1.0000056
0.1915 286.2736 7.3091473 124815.58 -156118 14902.5 -171021 457.04427 1.0006242
0.192 278.783 -12.258261 124902.07 -156319 14512.6 -170831 458.81478 0.99993131
0.1925 288.52026 -137.87911 125044.87 -156258 15019.5 -171277 459.96197 0.99878942
0.193 286.61499 -233.47417 124851.75 -156036 14920.3 -170956 460.97405 1.0003343
0.1935 291.24137 -114.19622 124925.29 -156052 15161.1 -171213 462.41537 0.99974542
0.194 286.44096 -225.37589 124813.12 -156183 14911.2 -171094 464.12092 1.000644
0.1945 287.57114 59.59956 124987.66 -155905 14970.1 -170875 465.72123 0.99924657
0.195 283.83784 -83.995125 124977.53 -156173 14775.7 -170949 467.2905 0.9993276
0.1955 292.3885 -74.940843 124771.1 -156014 15220.8 -171235 467.65136 1.000981
0.196 285.48318 33.931283 124720.73 -156204 14861.4 -171065 469.16506 1.0013852
0.1965 285.21913 39.479018 124991.77 -156223 14847.6 -171070 470.73484 0.99921376
0.197 290.32999 -253.74784 125035.02 -155972 15113.7 -171086 472.52734 0.99886806
0.1975 288.93478 -124.01508 125157.36 -156158 15041.1 -171199 473.00219 0.99789172
0.198 291.54719 94.463962 125137.84 -155878 15177 -171055 473.55014 0.99804732
0.1985 294.55429 175.70408 125031.72 -155653 15333.6 -170986 474.66396 0.99889449
0.199 291.58986 -290.66946 125063.25 -156254 15179.3 -171433 476.20914 0.99864259
0.1995 286.87487 -89.764203 124991.59 -156608 14933.8 -171542 476.87756 0.99921515
0.2 285.45757 -52.303519 124695.61 -156419 14860 -171279 476.59824 1.0015869
0.2005 288.3263 161.7632 124772.9 -156069 15009.4 -171078 478.00321 1.0009665
0.201 289.49191 -108.00432 125063.56 -156076 15070.1 -171146 480.65644 0.99864016
0.2015 290.21084 11.428367 125040.44 -156269 15107.5 -171376 481.79569 0.99882477
0.202 297.58696 -62.123174 125234.36 -155624 15491.5 -171115 484.34635 0.99727818
0.2025 288.59164 -4.0669928 125295.15 -155579 15023.2 -170602 485.33788 0.99679431
0.203 287.42881 54.129018 125154.95 -155822 14962.7 -170785 486.04504 0.99791092
0.2035 291.98555 -199.04554 125242.75 -156169 15199.9 -171369 488.11291 0.99721135
0.204 288.2653 260.25547 125220.95 -156340 15006.2 -171346 490.1352 0.99738494
0.2045 290.41946 94.284247 125079.43 -156722 15118.3 -171841 491.7915 0.99851341
0.205 286.78687 164.75759 125160.15 -156134 14929.2 -171063 493.20284 0.99786949
0.2055 289.11058 96.679346 125010.1 -156179 15050.2 -171229 494.52128 0.9990672
0.206 295.48313 281.44033 124802.1 -156111 15381.9 -171493 494.64647 1.0007323
0.2065 280.03562 16.252656 124744.16 -157055 14577.8 -171633 496.28457 1.0011971
0.207 284.30886 138.11843 124550.07 -156675 14800.2 -171476 496.96881 1.0027573
0.2075 282.04116 68.623276 125031.87 -156477 14682.2 -171159 499.75794 0.99889322
0.208 283.29193 -133.1261 125149.97 -156216 14747.3 -170964 500.77886 0.9979506
0.2085 289.25684 37.382659 124843.85 -156044 15057.8 -171102 502.28797 1.0003976
0.209 286.99973 -42.260381 124996.01 -156178 14940.3 -171118 503.95251 0.99917982
0.2095 289.57494 18.547032 125282.78 -156143 15074.4 -171217 506.07297 0.99689272
0.21 287.71398 209.27419 125661.64 -156169 14977.5 -171147 508.12556 0.99388713
0.2105 288.6456 -124.48944 125594.36 -156135 15026 -171161 509.14173 0.9944196
0.211 289.94727 238.24649 125597.45 -156053 15093.8 -171147 509.9479 0.99439512
0.2115 288.64278 -59.02689 125764.42 -155871 15025.9 -170897 511.69312 0.99307489
0.212 290.90274 32.706213 125471.36 -155919 15143.5 -171062 511.07207 0.9953944
0.2125 293.03701 116.52868 125587.4 -156079 15254.6 -171333 512.23745 0.99447469
0.213 291.11518 -165.32573 125541.55 -155876 15154.6 -171031 513.60224 0.99483791
0.2135 291.20704 -115.46587 125374.01 -156111 15159.3 -171270 514.03926 0.99616731
0.214 293.7391 178.52289 125376.67 -155849 15291.2 -171140 515.14934 0.99614621
0.2145 290.87364 -155.16407 125409.6 -156157 15142 -171299 517.3992 0.99588465
0.215 283.86257 -45.724229 125417.78 -156422 14777 -171199 518.58649 0.99581968
0.2155 286.8016 -311.28435 125154.18 -156501 14930 -171431 519.47176 0.99791706
0.216 286.81482 262.83835 125181.68 -156239 14930.7 -171170 519.83949 0.99769784
0.2165 287.31537 -86.861152 124771.55 -156327 14956.8 -171283 519.38812 1.0009773
0.217 286.28499 70.304597 124836.76 -156103 14903.1 -171006 519.83865 1.0004544
0.2175 290.62142 62.774652 125040.98 -156101 15128.9 -171229 521.66717 0.99882045
0.218 296.29018 113.77225 125150.23 -155593 15424 -171017 523.20988 0.99794858
0.2185 282.31512 281.94836 125078.53 -155683 14696.5 -170379 525.35821 0.99852063
0.219 288.55685 -241.67731 124953.63 -155415 15021.4 -170436 526.34106 0.99951867
0.2195 297.97417 -23.058735 125138.51 -155725 15511.6 -171236 528.3582 0.99804201
0.22 288.2638 -93.955091 125599.84 -155660 15006.1 -170667 532.05702 0.99437618
0.2205 288.65063 -338.93161 125498.2 -155951 15026.3 -170977 532.99256 0.99518155
0.221 289.86618 152.26282 125367.84 -155937 15089.5 -171026 533.19852 0.99621637
0.2215 290.16172 -210.74703 125059.77 -156154 15104.9 -171259 533.15863 0.9986704
0.222 285.57145 -87.637341 125246.4 -156044 14866 -170910 535.07592 0.99718229
0.2225 287.10022 -278.71025 125177.44 -156150 14945.6 -171096 536.18498 0.99773165
0.223 286.19566 -133.35519 124991.55 -156593 14898.5 -171492 536.86493 0.99921546
0.2235 286.35917 -206.50022 124850.79 -156651 14907 -171558 537.59885 1.000342
0.224 287.08188 -28.558593 124729.47 -156519 14944.6 -171463 538.19791 1.001315
0.2245 288.25714 -117.61136 124876.57 -156275 15005.8 -171281 539.93578 1.0001355
0.225 288.31404 -20.701445 124650.02 -156029 15008.7 -171038 540.29603 1.0019532
0.2255 290.66176 -120.59414 124851.88 -155917 15131 -171048 542.00678 1.0003333
0.226 290.20813 -402.80141 125001.77 -156145 15107.3 -171252 543.09761 0.99913381
0.2265 291.30631 144.50284 124774.54 -156256 15164.5 -171420 543.50239 1.0009533
0.227 290.7814 -93.085196 125051.38 -156315 15137.2 -171452 545.56485 0.99873739
0.2275 289.05587 -57.859171 125398.61 -156310 15047.4 -171357 546.62366 0.99597192
0.228 287.2474 110.59063 125401.57 -156485 14953.2 -171438 547.57286 0.99594835
0.2285 293.61221 139.76045 125516.27 -156223 15284.5 -171508 548.92324 0.9950383
0.229 287.16542 -117.38758 125506.26 -156063 14948.9 -171012 549.55597 0.99511764
0.2295 291.86555 37.002214 125411.67 -155684 15193.6 -170877 550.13475 0.9958682
0.23 292.15677 -227.59559 125217.82 -155489 15208.8 -170698 550.48921 0.9974099
0.2305 295.02575 36.626743 125173.06 -155363 15358.1 -170721 551.76392 0.99776657
0.231 293.56539 152.93847 125385.86 -155184 15282.1 -170466 553.92625 0.99607316
0.2315 290.79485 60.313053 125556.59 -155336 15137.9 -170474 556.08099 0.99471874
0.232 286.5187 -221.06893 125668.56 -155431 14915.3 -170346 557.78325 0.99383245
0.2325 289.85311 -130.41362 125402.19 -155476 15088.9 -170565 557.69035 0.99594346
0.233 293.56414 -34.465722 125412.13 -155391 15282 -170674 559.65519 0.99586453
0.2335 289.11578 102.8001 124683.75 -155765 15050.5 -170815 559.63943 1.0016822
0.234 291.67777 -67.513166 124658.43 -156040 15183.8 -171223 561.67552 1.0018856
0.2345 287.02961 218.63606 124617.33 -155810 14941.9 -170752 563.44767 1.0022161
0.235 292.102 -28.227192 124733.19 -155648 15205.9 -170854 564.83443 1.0012852
0.2355 296.10826 260.42816 124774.48 -155456 15414.5 -170871 566.59937 1.0009538
0.236 290.68694 -20.516795 124796.58 -155910 15132.3 -171042 568.46925 1.0007766
0.2365 289.66105 42.180464 124889.88 -155845 15078.9 -170924 570.95699 1.0000289
0.237 289.39752 -172.51536 124876.65 -155736 15065.1 -170801 571.35801 1.0001348
0.2375 291.85149 -45.065382 124849.42 -155374 15192.9 -170567 572.88395 1.000353
0.238 294.35599 371.58542 124898.94 -155114 15323.3 -170438 573.7631 0.99995635
0.2385 289.41249 44.542829 124810.04 -155173 15065.9 -170239 575.71114 1.0006687
0.239 297.31939 101.34905 124888.9 -155390 15477.5 -170867 576.43492 1.0000368
0.2395 287.49537 -61.855368 125020.47 -155776 14966.1 -170742 577.67284 0.99898431
0.24 287.15844 -45.624092 124817.22 -156141 14948.6 -171089 577.74153 1.0006111
0.2405 285.34214 105.71135 125149.8 -155978 14854 -170832 580.22177 0.997952
0.241 288.1577 -106.06678 124982.97 -156190 15000.6 -171191 581.15535 0.99928407
0.2415 290.99531 -73.294661 124878.59 -156149 15148.3 -171297 581.3827 1.0001193
0.242 290.63888 27.724305 124761.74 -155916 15129.8 -171045 582.4424 1.001056
0.2425 285.49421 -147.64513 124810.09 -155987 14861.9 -170849 584.92524 1.0006682
0.243 294.78744 -18.768597 124649.4 -155839 15345.7 -171185 585.89754 1.0019582
0.2435 291.08194 111.32088 125108.69 -155981 15152.8 -171134 588.92149 0.99827994
0.244 291.0995 -322.57575 125188.48 -156036 15153.7 -171190 589.91616 0.99764366
0.2445 288.98528 212.40853 125463.32 -155934 15043.7 -170977 591.21719 0.9954582
0.245 287.48229 -104.12426 125835.51 -156338 14965.4 -171303 594.40682 0.9925139
0.2455 286.26847 129.01918 125459 -156361 14902.3 -171263 594.36449 0.99549248
0.246 291.02036 132.606 125475.12 -156463 15149.6 -171613 596.0942 0.99536456
0.2465 287.98426 164.83058 125331.61 -156305 14991.6 -171297 596.69384 0.99650431
0.247 286.97603 -147.9402 125347.9 -156158 14939.1 -171097 597.74923 0.9963748
0.2475 291.93383 68.265315 125279.16 -156222 15197.2 -171419 597.83203 0.9969215
0.248 291.68586 203.08047 124974.03 -155842 15184.3 -171027 598.92428 0.99935552
0.2485 290.11217 44.763837 124975.23 -156197 15102.3 -171299 599.11009 0.99934599
0.249 284.42156 -184.45808 124731.17 -156272 14806.1 -171079 598.9659 1.0013013
0.2495 296.37313 166.60682 124698.06 -155852 15428.3 -171280 599.79959 1.0015672
0.25 289.80183 -58.833428 125107.99 -155872 15086.2 -170958 601.83009 0.9982855
0.2505 285.61295 93.386438 125211.18 -156074 14868.1 -170942 603.7675 0.99746274
0.251 286.13216 -66.987597 124971.04 -156324 14895.2 -171219 604.21209 0.99937946
0.2515 291.94487 63.697892 124941.69 -156268 15197.7 -171466 605.13143 0.99961421
0.252 287.44689 111.90468 124890.83 -156350 14963.6 -171314 606.40806 1.0000213
0.2525 282.99024 -113.09631 125023.73 -156608 14731.6 -171340 607.75812 0.99895829
0.253 286.27955 93.95381 125246.55 -156540 14902.8 -171443 609.01852 0.99718111
0.2535 284.05688 -23.205701 125077.74 -156707 14787.1 -171494 610.70461 0.99852693
0.254 282.61264 134.79468 125029.78 -156618 14711.9 -171330 611.35908 0.99890999
0.2545 290.94937 -53.582588 125322.32 -156156 15145.9 -171302 613.5746 0.99657821
0.255 285.62079 36.232559 125622.58 -156324 14868.5 -171192 615.50427 0.9941962
0.2555 290.18582 -21.595331 125398.12 -156345 15106.2 -171452 616.37414 0.99597577
0.256 289.33557 -25.140535 125544.03 -156238 15061.9 -171299 618.05983 0.99481822
0.2565 284.16484 -214.62385 125722.69 -156739 14792.7 -171532 621.36971 0.99340455
0.257 290.46484 -3.3953971 125397.37 -156852 15120.7 -171973 621.66252 0.99598171
0.2575 284.0193 -15.999972 125595.24 -156901 14785.2 -171686 622.90905 0.9944126
0.258 285.93233 -270.94066 125693.04 -156349 14884.8 -171234 624.44488 0.99363891
0.2585 283.00845 -302.13809 125507.45 -156383 14732.5 -171116 624.3674 0.9951082
0.259 286.83628 -345.54824 125431.74 -156535 14931.8 -171467 624.63737 0.99570881
0.2595 280.02674 -75.469313 125482.65 -156577 14577.3 -171155 625.25666 0.99530486
0.26 284.1628 -403.91881 125389.47 -156680 14792.6 -171473 625.20815 0.99604449
0.2605 292.75626 -143.51437 125328.57 -156232 15240 -171472 625.52918 0.9965285
0.261 292.64943 -48.10877 125444.19 -156484 15234.4 -171719 627.39507 0.99561002
0.2615 285.05045 -24.866332 125688.33 -156385 14838.8 -171224 628.84987 0.99367609
0.262 291.09013 114.25057 125848.33 -156272 15153.3 -171425 630.55512 0.99241276
0.2625 287.62304 42.129727 125811.1 -156084 14972.8 -171057 631.55747 0.99270644
0.263 287.78394 25.892127 125634.95 -156180 14981.1 -171161 632.11889 0.99409828
0.2635 283.35987 66.77583 125376.43 -156214 14750.8 -170965 632.43367 0.99614812
0.264 287.86664 196.30565 125451.54 -156063 14985.4 -171049 634.16889 0.99555168
0.2645 288.94247 -58.779502 125350.79 -156005 15041.5 -171046 635.29956 0.99635187
0.265 287.78076 -248.27581 125314.46 -155954 14981 -170935 636.26811 0.99664069
0.2655 287.139 -122.66006 125171.82 -156004 14947.6 -170952 637.60385 0.99777642
0.266 286.8265 -18.871664 125026.3 -156033 14931.3 -170964 638.09698 0.99893774
0.2665 287.47736 3.483196 125006.77 -155867 14965.2 -170832 639.23527 0.99909384
0.267 287.84565 0.0068395216 124834.26 -156382 14984.4 -171366 640.24437 1.0004745
0.2675 279.39029 -46.037779 125199.04 -156651 14544.2 -171195 643.38718 0.99755948
0.268 286.28305 140.61012 125251.13 -156594 14903 -171497 645.02928 0.9971446
0.2685 285.15629 10.024448 125424.17 -156662 14844.4 -171506 647.89773 0.99576889
0.269 294.87974 208.9664 125406.78 -156144 15350.5 -171495 650.0013 0.99590702
0.2695 281.33535 108.1359 125635.49 -156539 14645.5 -171185 651.74734 0.99409401
0.27 285.91053 -249.3129 125865.19 -156392 14883.6 -171276 654.63773 0.99227986
0.2705 286.1854 -395.02403 125549.29 -156294 14897.9 -171192 653.87311 0.99477656
0.271 288.23647 145.49573 125591.31 -156327 15004.7 -171332 655.86312 0.99444374
0.2715 288.86811 90.682972 125426.64 -156003 15037.6 -171041 656.14016 0.99574931
0.272 287.77105 31.190987 125222.99 -156137 14980.5 -171118 656.46588 0.99736868
0.2725 286.72166 55.467808 125244.4 -156028 14925.8 -170954 656.48577 0.99719824
0.273 289.64974 101.21183 125682.74 -155547 15078.3 -170625 659.0717 0.99372033
0.2735 288.42242 -53.454605 125392.33 -155479 15014.4 -170493 660.03602 0.99602181
0.274 282.89395 -51.735435 125199.19 -155856 14726.6 -170582 660.97027 0.99755828
0.2745 282.76328 -158.48116 124906.93 -156210 14719.8 -170929 661.06713 0.99989238
0.275 287.46928 77.208003 124959.98 -156250 14964.8 -171215 663.22291 0.9994679
0.2755 284.07384 124.84695 124812.87 -156159 14788 -170947 664.22462 1.0006459
0.276 288.06592 131.3143 124684.19 -156302 14995.8 -171298 665.69822 1.0016786
0.2765 289.50629 162.94521 124832.78 -156159 15070.8 -171230 667.31468 1.0004863
0.277 293.37645 -52.292465 125000.73 -156201 15272.3 -171473 669.65361 0.99914208
0.2775 294.56485 116.61351 125159.16 -155893 15334.1 -171227 672.22674 0.99787736
0.278 291.22674 123.38599 125074.16 -156034 15160.4 -171194 673.23908 0.99855552
0.2785 291.09894 172.84428 125279.29 -156134 15153.7 -171287 675.02687 0.99692049
0.279 284.88775 41.844618 125614.56 -156145 14830.4 -170975 676.96991 0.99425967
0.2795 292.18374 54.654213 125642.93 -156054 15210.2 -171265 677.80555 0.99403519
0.28 286.59943 -214.04103 125677.05 -155906 14919.5 -170826 678.99056 0.9937653
0.2805 296.29493 -41.265014 125317.44 -155643 15424.2 -171067 678.77286 0.99661703
0.281 292.44297 158.5957 125207.74 -155792 15223.7 -171015 680.59857 0.99749016
0.2815 291.64022 116.22114 125574.48 -155833 15181.9 -171015 682.77179 0.99457701
0.282 295.84614 51.695439 125498.9 -155726 15400.8 -171127 684.67106 0.99517595
0.2825 287.89049 158.57331 125716.59 -156246 14986.7 -171233 686.55495 0.99345277
0.283 288.81589 -109.3622 125148.49 -156570 15034.9 -171605 686.70404 0.99796244
0.2835 284.19454 33.931672 125073.32 -156863 14794.3 -171657 688.46403 0.99856223
0.284 290.16152 -59.244638 124986.24 -156603 15104.9 -171708 689.19526 0.9992579
0.2845 285.64158 51.522435 125003.55 -156415 14869.6 -171285 690.27952 0.99911955
0.285 285.05343 -164.44663 124955.57 -156221 14839 -171060 691.42655 0.99950319
0.2855 283.79948 -38.769486 125033.85 -156361 14773.7 -171135 691.47115 0.99887741
0.286 284.28979 -251.77788 125126.02 -156509 14799.2 -171308 693.39742 0.99814163
0.2865 288.91314 12.971626 124955.14 -156631 15039.9 -171671 693.5935 0.99950662
0.287 287.35384 298.31269 124806.18 -156595 14958.8 -171554 693.6276 1.0006996
0.2875 280.46327 -11.823806 124887.22 -156839 14600.1 -171439 696.00865 1.0000502
0.288 282.09621 -71.165735 124725.41 -156649 14685.1 -171334 696.95941 1.0013476
0.2885 285.93152 -15.312038 124500.48 -156727 14884.7 -171611 697.45599 1.0031567
0.289 283.34807 -30.02055 124763.99 -157121 14750.2 -171871 700.44004 1.001038
0.2895 281.62226 298.56074 125183.87 -156782 14660.4 -171442 703.44388 0.99768037
0.29 282.14811 -49.275652 124972.68 -156803 14687.8 -171491 704.87997 0.99936633
0.2905 286.28435 252.17711 125156.07 -156566 14903.1 -171469 707.62743 0.99790199
0.291 289.00596 243.97051 125559.8 -156196 15044.8 -171241 710.53723 0.99469328
0.2915 294.3762 -201.08017 125490.09 -155798 15324.3 -171122 711.12867 0.99524585
0.292 289.85799 25.346505 125090.61 -155776 15089.1 -170865 711.12864 0.9984242
0.2925 290.23259 117.95945 125114.05 -155884 15108.6 -170993 711.92207 0.9982371
0.293 293.53996 36.170883 125095.59 -155657 15280.8 -170938 713.38107 0.99838446
0.2935 295.29461 46.448845 125300.98 -155817 15372.1 -171189 715.67954 0.99674792
0.294 285.42937 110.96242 125305.34 -155939 14858.6 -170798 717.33784 0.99671322
0.2945 288.75366 -361.21089 125346.95 -156122 15031.6 -171153 719.99264 0.99638238
0.295 288.89874 74.55715 125129.02 -156159 15039.2 -171198 720.00256 0.99811774
0.2955 288.20508 253.29585 125033.59 -156246 15003.1 -171250 720.50778 0.99887955
0.296 287.24742 -267.39459 124858.98 -156243 14953.2 -171197 721.29112 1.0002764
0.2965 291.74411 -157.97398 125017.4 -156112 15187.3 -171300 723.33385 0.99900884
0.297 282.23988 -25.457017 124767.67 -156432 14692.5 -171125 722.84135 1.0010085
0.2975 282.49737 130.925 124777.09 -156225 14705.9 -170930 723.32206 1.0009329
0.298 287.55555 100.02645 125110.78 -156055 14969.3 -171024 725.42252 0.99826326
0.2985 287.95099 -290.71481 125131.33 -156175 14989.8 -171165 726.72179 0.9980993
0.299 289.03772 -271.40933 125169.9 -156195 15046.4 -171242 728.19615 0.99779175
0.2995 292.53522 51.663596 125287.72 -156183 15228.5 -171411 730.60193 0.99685344
0.3 285.41624 238.62204 125245.84 -156472 14857.9 -171330 731.5302 0.99718674
0.3005 288.5456 167.49501 125195.51 -156221 15020.8 -171242 733.10818 0.99758763
0.301 286.91409 59.472724 124952.85 -156031 14935.9 -170967 732.73977 0.99952493
0.3015 288.71914 -41.686451 125137.14 -155901 15029.8 -170931 735.34724 0.99805292
0.302 296.71947 -329.01741 125060.2 -155704 15446.3 -171150 736.30696 0.99866697
0.3025 293.67505 -144.4211 124710.21 -155757 15287.8 -171045 737.03924 1.0014696
0.303 290.4824 -370.19558 124744.78 -156037 15121.6 -171159 738.8061 1.0011921
0.3035 290.46773 -135.41483 125003.79 -156158 15120.9 -171279 741.19697 0.99911763
0.304 287.84894 104.06727 124784.77 -156056 14984.5 -171040 741.24719 1.0008712
0.3045 292.02224 32.11929 125037.45 -155726 15201.8 -170928 743.61014 0.99884866
0.305 285.80948 89.943014 124921.06 -156180 14878.4 -171058 745.07185 0.99977929
0.3055 287.97207 119.14622 125191.99 -156347 14990.9 -171338 747.82458 0.99761564
0.306 290.47139 -78.884605 125255.53 -156480 15121 -171601 750.39907 0.99710958
0.3065 289.03305 -184.35326 125045.66 -156386 15046.2 -171432 751.65041 0.99878308
0.307 287.11251 83.935324 125128.61 -156484 14946.2 -171430 754.18984 0.99812097
0.3075 289.14707 -197.66005 124928.18 -156454 15052.1 -171506 754.62957 0.99972231
0.308 284.42052 0.64650088 125174.03 -156197 14806.1 -171003 756.59846 0.99775878
0.3085 286.46188 -14.253086 125072.69 -156797 14912.3 -171709 757.57707 0.99856723
0.309 284.49064 -304.62766 124753.43 -156994 14809.7 -171804 757.21026 1.0011227
0.3095 287.38437 -201.7864 124869.2 -156810 14960.3 -171770 759.7728 1.0001945
0.31 289.38878 -239.56907 124976.43 -156485 15064.7 -171550 761.04543 0.99933639
0.3105 290.07284 -63.672792 124910.1 -156518 15100.3 -171619 762.2134 0.999867
0.311 284.08149 301.2383 125002.52 -156426 14788.4 -171215 762.35794 0.99912782
0.3115 286.71991 54.668967 125326.73 -156437 14925.8 -171363 764.71416 0.9965431
0.312 296.07666 18.293547 125510.21 -156251 15412.8 -171664 766.27771 0.99508627
0.3125 293.68466 -206.57747 125426.46 -156136 15288.3 -171424 766.86316 0.99575077
0.313 284.16095 115.48781 125625.66 -156295 14792.5 -171087 768.46926 0.99417185
0.3135 291.61929 62.938382 125399.32 -156380 15180.8 -171561 770.14013 0.99596625
0.314 290.78003 43.599619 125569.07 -156251 15137.1 -171388 773.01232 0.99461983
0.3145 285.66137 120.04367 125427.09 -155998 14870.6 -170869 772.85885 0.99574571
0.315 288.6245 64.115136 125236.84 -155808 15024.9 -170833 773.48223 0.99725838
0.3155 292.36887 -66.705523 125452.21 -155594 15219.8 -170814 775.8372 0.99554639
0.316 294.55545 199.10981 125477.25 -155905 15333.6 -171239 778.06006 0.99534771
0.3165 288.07122 -193.13722 125538.46 -156143 14996.1 -171139 779.41482 0.99486239
0.317 288.59237 -11.650452 125432.08 -155612 15023.2 -170635 780.35512 0.99570613
0.3175 286.32228 -144.38582 125092.57 -156036 14905.1 -170941 781.29855 0.99840857
0.318 286.35018 100.79704 124959.6 -156040 14906.5 -170947 782.15803 0.99947096
0.3185 293.66608 -127.35648 124960.05 -155911 15287.3 -171198 782.6819 0.99946737
0.319 285.08365 199.15129 124827.03 -156676 14840.6 -171516 782.80638 1.0005324
0.3195 285.01411 218.68481 125126.94 -156616 14837 -171453 785.60775 0.99813431
0.32 283.10345 80.177377 124761.36 -156620 14737.5 -171357 784.84668 1.0010591
0.3205 287.54836 111.24751 124918.81 -156213 14968.9 -171182 786.49315 0.99979729
0.321 291.76006 -265.00167 125066.4 -156064 15188.1 -171252 787.89261 0.9986175
0.3215 288.87191 86.98843 124947.62 -155907 15037.8 -170944 788.02829 0.99956681
0.322 289.77229 60.392512 125315.66 -155743 15084.7 -170828 790.43107 0.99663113
0.3225 289.58037 -6.2792525 124950.73 -155692 15074.7 -170767 790.26701 0.99954195
0.323 287.35218 -104.82191 124854.72 -155791 14958.7 -170749 792.6643 1.0003105
0.3235 293.11636 87.413097 124827.52 -155978 15258.7 -171237 793.86801 1.0005285
0.324 286.84888 68.247765 124903.54 -156309 14932.5 -171241 795.87536 0.99991953
0.3245 295.17356 50.512145 124926.87 -155985 15365.8 -171351 797.38788 0.99973283
0.325 287.96416 -64.46029 125074.32 -155880 14990.5 -170870 798.63504 0.99855421
0.3255 285.68129 32.139546 125311 -156018 14871.7 -170890 801.53436 0.9966682
0.326 287.01767 -48.860623 125548.29 -156197 14941.3 -171138 803.40062 0.99478452
0.3265 284.44875 -238.72971 125709.27 -156091 14807.5 -170899 805.55964 0.99351062
0.327 293.87065 149.67857 125529.87 -155842 15298 -171140 805.4403 0.99493046
0.3275 286.7837 114.64224 125420.28 -156105 14929.1 -171034 806.43499 0.99579981
0.328 287.72463 -130.90102 125248.87 -156063 14978.1 -171041 806.32779 0.99716263
0.3285 283.1112 -110.14166 125011.61 -156572 14737.9 -171310 805.68637 0.99905512
0.329 286.26086 8.1354373 124874.45 -156431 14901.9 -171333 805.98181 1.0001525
0.3295 284.33132 230.44655 124883.61 -156450 14801.4 -171252 807.45166 1.0000791
0.33 290.59783 12.258941 125230.93 -155799 15127.6 -170926 810.35731 0.99730549
0.3305 292.43175 345.75029 125161.53 -155245 15223.1 -170468 811.22363 0.99785848
0.331 293.41421 -214.99856 125184.2 -155288 15274.2 -170563 812.36924 0.99767772
0.3315 290.56631 149.85498 125002.73 -155448 15126 -170574 812.97156 0.99912607
0.332 290.57895 112.10926 125101.15 -155731 15126.6 -170858 813.30448 0.99834008
0.3325 290.50525 49.043274 124977.67 -155784 15122.8 -170906 814.19528 0.99932643
0.333 293.45269 -198.77498 125104.75 -156039 15276.2 -171315 815.16878 0.99831134
0.3335 292.7372 241.99718 125072.82 -156193 15239 -171432 817.01126 0.99856623
0.334 288.56933 -0.54884792 125335.03 -155865 15022 -170887 819.60356 0.9964771
0.3345 292.84043 -81.553895 125340.8 -156042 15244.4 -171286 820.9656 0.99643125
0.335 289.87194 40.795545 125492.74 -156325 15089.8 -171415 822.56846 0.99522479
0.3355 284.49233 73.376231 125415.46 -156566 14809.8 -171376 823.84249 0.99583809
0.336 288.01159 -178.38219 125347.1 -156602 14993 -171595 824.08964 0.99638118
0.3365 285.31388 -328.12279 124890.22 -156413 14852.6 -171265 823.90051 1.0000262
0.337 287.38434 55.511838 124891.11 -156299 14960.3 -171259 824.53303 1.0000191
0.3375 278.51873 96.412424 124702.32 -156635 14498.8 -171134 824.50125 1.0015331
0.338 283.31561 128.79531 124885.26 -156201 14748.5 -170950 825.71847 1.0000659
0.3385 286.10881 -72.862186 125036.89 -156545 14893.9 -171439 827.45732 0.99885316
0.339 292.16441 -135.80881 124725.33 -156391 15209.2 -171600 828.10245 1.0013482
0.3395 289.01262 218.06773 124615.65 -156608 15045.1 -171653 829.42961 1.0022296
0.34 281.3912 276.35906 124881.81 -156587 14648.4 -171235 831.64779 1.0000935
0.3405 293.03073 77.522253 124946.5 -156125 15254.3 -171379 833.89165 0.99957574
0.341 286.7593 452.35027 125097.67 -155845 14927.8 -170773 835.86202 0.99836787
0.3415 287.01812 -214.62034 125206.8 -156344 14941.3 -171285 837.3845 0.99749767
0.342 284.16914 126.34279 125124.23 -156061 14793 -170854 838.67073 0.99815594
0.3425 286.30693 -113.08946 125168.29 -156074 14904.3 -170978 840.21347 0.99780454
0.343 290.78604 230.74645 125362.23 -155988 15137.4 -171125 842.77846 0.99626091
0.3435 289.60047 -69.088868 125317.05 -156021 15075.7 -171096 843.50778 0.99662011
0.344 285.05264 -211.75874 125541.64 -156329 14839 -171168 847.17074 0.99483715
0.3445 289.16279 -59.004349 125519.46 -156076 15052.9 -171129 847.35048 0.99501294
0.345 294.48394 -203.28028 125374.31 -155883 15329.9 -171213 848.26566 0.99616494
0.3455 298.18957 37.848469 125450.75 -155602 15522.8 -171125 848.62292 0.99555791
0.346 286.50728 257.11138 125504.84 -155786 14914.7 -170700 849.36666 0.99512891
0.3465 284.73504 13.474618 125608.74 -155999 14822.4 -170821 850.37558 0.99430575
0.347 294.11114 -110.621 125532.95 -155677 15310.5 -170987 851.6235 0.99490603
0.3475 293.94908 240.90355 125698.47 -155676 15302.1 -170978 854.12537 0.99359592
0.348 293.67182 13.544414 125497.91 -155433 15287.6 -170721 855.02251 0.99518381
0.3485 290.67217 -3.171324 125282.12 -155488 15131.5 -170619 855.67802 0.99689794
0.349 292.05143 -221.65326 124921.06 -155659 15203.3 -170862 854.92947 0.99977933
0.3495 290.09897 -43.008254 124572.29 -155974 15101.7 -171075 854.11667 1.0025785
0.35 288.06603 82.26289 125042.08 -155996 14995.8 -170992 857.89591 0.99881166
0.3505 285.67563 -255.29973 124946 -156403 14871.4 -171274 858.6522 0.99957977
0.351 292.22932 59.179293 125062.2 -156016 15212.6 -171229 859.72182 0.99865103
0.3515 286.83396 51.594402 125115.81 -156027 14931.7 -170959 860.6065 0.99822308
0.352 293.32771 -338.77494 124941.2 -155924 15269.7 -171194 859.79174 0.99961816
0.3525 289.85926 207.67486 124600.37 -156067 15089.2 -171157 858.02641 1.0023525
0.353 292.01884 -106.64465 124689.8 -156126 15201.6 -171328 858.5952 1.0016336
0.3535 284.97232 -61.665772 124578.07 -156593 14834.8 -171428 858.88718 1.0025319
0.354 283.74535 119.59719 124493.54 -156424 14770.9 -171195 858.94732 1.0032126
0.3545 293.27603 121.21619 124761.05 -156307 15267 -171574 862.20282 1.0010616
0.355 290.12391 79.203099 124892.86 -155979 15103 -171082 863.8453 1.000005
0.3555 285.81227 61.376536 124764.3 -156211 14878.5 -171089 864.04291 1.0010355
0.356 295.42582 16.937068 125001.86 -155993 15379 -171372 866.71275 0.99913303
0.3565 288.64782 -148.81436 125023.21 -156032 15026.1 -171059 868.06554 0.99896243
0.357 284.43206 -229.28579 124660.93 -156252 14806.7 -171058 865.81333 1.0018656
0.3575 291.48527 368.94366 124771.87 -156122 15173.8 -171296 866.74105 1.0009748
0.358 289.37924 -76.862321 124458.64 -156113 15064.2 -171177 866.74849 1.0034939
0.3585 291.29365 184.38157 124698.44 -155981 15163.8 -171145 867.98082 1.0015642
0.359 292.03667 -44.77179 124827.06 -155577 15202.5 -170780 870.43131 1.0005322
0.3595 296.32394 10.529663 124969.19 -155114 15425.7 -170539 871.53384 0.99939429
0.36 293.68258 -48.747156 125084.24 -155483 15288.2 -170771 873.5736 0.99847502
0.3605 287.15226 136.42124 125251.33 -155832 14948.3 -170780 874.7083 0.99714301
0.361 291.53693 -243.58096 124903.21 -155938 15176.5 -171115 874.00934 0.99992216
0.3615 289.32639 129.50136 124669.49 -156163 15061.4 -171225 873.29907 1.0017967
0.362 293.53655 -126.04827 124784.13 -156172 15280.6 -171453 875.0347 1.0008764
0.3625 287.79486 198.67444 124872.2 -156124 14981.7 -171106 877.51589 1.0001705
0.363 285.98729 307.31449 124959.98 -156200 14887.6 -171088 879.67017 0.99946788
0.3635 289.70752 -53.930215 124883.57 -155868 15081.3 -170950 880.23064 1.0000795
0.364 292.65069 46.207198 124723.24 -155698 15234.5 -170933 880.82096 1.001365
0.3645 288.56713 -144.84478 124772.39 -155980 15021.9 -171002 882.55659 1.0009706
0.365 290.33903 -9.0275115 124804.03 -156060 15114.2 -171174 884.97151 1.0007168
0.3655 295.50933 27.336334 124799.72 -155791 15383.3 -171175 884.98935 1.0007514
0.366 290.79115 158.65946 124681.08 -156053 15137.7 -171191 885.31432 1.0017036
0.3665 287.79089 -206.73065 124780.44 -156188 14981.5 -171170 887.27564 1.000906
0.367 289.94434 -133.22094 124657.01 -156059 15093.6 -171152 888.95524 1.0018971
0.3675 289.31055 -20.159708 124624.83 -156578 15060.6 -171639 888.86961 1.0021557
0.368 287.75409 98.67014 124661.42 -156510 14979.6 -171490 889.0482 1.0018616
0.3685 291.77384 503.11028 124729.85 -156323 15188.8 -171512 891.04041 1.0013119
0.369 294.28963 32.007521 125231.52 -156156 15319.8 -171476 893.6245 0.99730074
0.3695 289.87908 -56.425283 125150.38 -155911 15090.2 -171001 894.48598 0.9979474
0.37 292.97958 262.9212 125435.42 -155552 15251.6 -170803 898.01695 0.99567961
0.3705 288.82444 -359.51305 124974.75 -155781 15035.3 -170816 896.5066 0.99934981
0.371 288.86346 137.94271 124998.24 -155798 15037.3 -170835 896.91079 0.99916199
0.3715 288.75904 -97.980877 125370.91 -155749 15031.9 -170781 900.34933 0.99619199
0.372 293.70692 34.837148 125529.75 -155647 15289.5 -170937 903.06454 0.99493138
0.3725 295.87443 90.587275 125589.47 -155328 15402.3 -170730 904.92852 0.99445828
0.373 296.91931 146.69796 125502.04 -155174 15456.7 -170631 905.35619 0.99515112
0.3735 298.63905 72.331356 125497.29 -155260 15546.2 -170806 907.29755 0.99518875
0.374 291.42013 165.65651 125256.52 -155456 15170.4 -170626 907.3318 0.99710173
0.3745 298.95605 -38.778338 125136.71 -155546 15562.7 -171109 907.38471 0.99805638
0.375 287.47794 78.456044 124758.86 -155886 14965.2 -170851 906.69592 1.0010792
0.3755 293.46861 23.308267 125324.27 -155933 15277.1 -171210 911.71878 0.99656269
0.376 292.0372 42.434091 125173.2 -156243 15202.6 -171446 912.19844 0.99776545
0.3765 290.32503 -205.36557 125187.92 -156133 15113.4 -171246 913.7281 0.99764808
0.377 285.5297 29.831085 125467.35 -156180 14863.8 -171043 916.69273 0.99542627
0.3775 287.0039 8.0599813 125455.86 -156157 14940.5 -171097 917.81222 0.9955174
0.378 295.08047 128.66243 125539.53 -155954 15361 -171315 919.22524 0.99485386
0.3785 290.81762 -175.59052 125223.57 -155986 15139.1 -171125 919.70078 0.99736409
0.379 284.06073 -114.04563 125278.66 -156445 14787.3 -171233 921.45714 0.99692551
0.3795 291.0059 -41.439881 125322.98 -156095 15148.9 -171244 922.58058 0.99657295
0.38 295.16367 -15.027028 125008.14 -155757 15365.3 -171123 921.31789 0.99908286
0.3805 287.40273 -26.473781 125315.18 -155911 14961.3 -170872 925.23611 0.99663495
0.381 289.22444 45.058776 125368.32 -156035 15056.1 -171091 927.37769 0.99621257
0.3815 288.82408 127.89906 125428.43 -155995 15035.3 -171031 928.65247 0.99573513
0.382 291.74554 -5.7627063 125329.85 -155907 15187.4 -171095 928.86003 0.99651833
0.3825 288.38871 5.3770098 125358.52 -155952 15012.6 -170964 928.844 0.99629038
0.383 292.80225 97.37736 125229.45 -156144 15242.4 -171386 929.62269 0.99731725
0.3835 292.41424 -77.709125 125302.07 -156191 15222.2 -171413 931.32803 0.99673927
0.384 290.44576 -140.82285 125117.02 -156319 15119.7 -171439 931.74867 0.99821342
0.3845 288.64256 -119.70278 125180.81 -156570 15025.8 -171595 933.70805 0.99770479
0.385 288.33814 60.173336 125430.08 -156377 15010 -171387 935.44672 0.99572201
0.3855 283.62027 51.110159 125166.1 -156688 14764.4 -171452 934.16783 0.99782199
0.386 289.69053 88.820618 125032.09 -156505 15080.4 -171586 935.92464 0.99889146
0.3865 292.20285 109.88987 125213.04 -156420 15211.2 -171631 938.37412 0.99744796
0.387 291.43223 -227.10821 125311.62 -156167 15171.1 -171338 940.37009 0.99666329
0.3875 292.6852 -93.376371 125232.26 -155972 15236.3 -171208 941.36665 0.99729486
0.388 291.6345 -142.86945 125131.39 -156065 15181.6 -171247 941.52647 0.99809882
0.3885 286.22206 -11.452558 125418.1 -156183 14899.8 -171083 945.05506 0.99581711
0.389 285.6156 107.87013 125154 -156522 14868.3 -171390 945.61307 0.99791851
0.3895 290.38645 333.92427 125617.65 -156074 15116.6 -171190 948.39524 0.99423522
0.39 290.68383 209.8613 125618.58 -156035 15132.1 -171167 949.44333 0.99422782
0.3905 291.0973 -23.107412 125602.48 -155895 15153.6 -171049 950.54718 0.9943553
0.391 286.53746 -84.592398 125360.33 -156233 14916.3 -171149 950.3333 0.99627599
0.3915 289.27347 -35.77964 125251.3 -156148 15058.7 -171207 950.90404 0.99714329
0.392 289.7578 -242.97292 124990.39 -156113 15083.9 -171197 950.82381 0.99922479
0.3925 287.95087 106.41952 124931.65 -156088 14989.8 -171077 951.42587 0.9996946
0.393 284.24215 127.64691 124798.4 -156298 14796.8 -171095 951.99892 1.000762
0.3935 283.14325 -93.651143 124852.21 -156435 14739.6 -171175 954.53318 1.0003307
0.394 288.56467 -158.23673 124583.25 -156171 15021.8 -171193 955.45545 1.0024902
0.3945 291.66973 130.78509 124725.96 -155882 15183.4 -171066 958.7894 1.0013432
0.395 288.4044 -143.09595 124620.92 -155833 15013.4 -170846 957.42056 1.0021872
0.3955 288.22835 -211.98501 124401.58 -156049 15004.3 -171054 957.6737 1.0039542
0.396 287.84725 -62.164581 124272.55 -156057 14984.4 -171041 957.89329 1.0049966
0.3965 291.19699 107.58324 124822.83 -156402 15158.8 -171561 961.90715 1.0005661
0.397 286.51638 63.778842 125241.36 -156238 14915.2 -171153 964.64206 0.99722239
0.3975 284.67658 143.92285 125001.39 -156358 14819.4 -171177 965.46159 0.99913682
0.398 287.96976 223.58756 125156.76 -156203 14990.8 -171193 968.455 0.99789651
0.3985 286.1944 66.838412 125344.32 -156134 14898.4 -171033 970.30089 0.99640326
0.399 288.93311 -127.60463 125273.98 -156022 15041 -171062 971.50952 0.99696271
0.3995 290.92448 135.4867 125095.5 -155876 15144.6 -171021 971.77135 0.9983852
0.4 291.31628 -184.68657 124997.34 -156094 15165 -171259 971.38618 0.99916922
0.4005 286.70497 170.09486 124977.56 -156533 14925 -171458 971.41678 0.99932735
0.401 286.48824 -47.850442 124953.54 -156748 14913.7 -171661 972.52582 0.99951943
0.4015 289.05668 58.321434 125139.68 -156194 15047.4 -171241 975.03547 0.9980327
0.402 285.90099 9.099923 125251.42 -156450 14883.1 -171333 976.71454 0.9971423
0.4025 291.60104 -114.85361 124996.8 -156164 15179.9 -171344 975.99744 0.99917353
0.403 284.60946 -53.015957 125228.86 -156432 14815.9 -171248 978.09668 0.99732199
0.4035 283.56733 319.13322 125418.95 -156317 14761.6 -171078 980.47734 0.99581034
0.404 282.65289 -7.9860032 125493.52 -156396 14714 -171110 981.98795 0.99521863
0.4045 292.48124 278.37072 125322.63 -155819 15225.7 -171044 982.44169 0.99657572
0.405 286.06044 40.53706 125361.55 -156437 14891.4 -171328 985.33946 0.99626634
0.4055 289.55644 117.67749 125295.39 -155962 15073.4 -171036 986.10433 0.99679236
0.406 290.70259 -100.61563 125296.77 -155954 15133.1 -171087 987.33919 0.99678143
0.4065 292.78478 68.481681 125379.2 -155641 15241.5 -170882 988.49442 0.99612607
0.407 290.94052 -239.14068 125339.64 -155917 15145.5 -171062 989.92008 0.9964405
0.4075 289.6338 49.316409 125271.68 -156160 15077.4 -171237 990.39894 0.99698106
0.408 287.22551 107.43453 125295.37 -155969 14952.1 -170921 991.76044 0.99679258
0.4085 288.51544 -111.91054 125474.82 -155640 15019.2 -170660 993.32091 0.99536696
0.409 282.46468 -109.90673 125287.71 -155792 14704.2 -170496 993.12699 0.99685353
0.4095 290.18679 -197.15166 125037.64 -155762 15106.2 -170868 992.05321 0.99884712
0.41 294.21706 201.61116 125132.41 -156212 15316 -171528 992.97116 0.99809068
0.4105 289.8314 65.980656 125133.68 -156241 15087.7 -171329 995.11815 0.9980805
0.411 287.67574 -214.13706 125289.17 -155938 14975.5 -170913 996.64084 0.99684185
0.4115 292.17239 -303.14519 125487.77 -155894 15209.6 -171104 999.1825 0.99526422
0.412 292.44902 25.906734 125259.23 -155901 15224 -171125 999.45708 0.99708016
0.4125 284.74076 111.03469 125511.2 -155880 14822.7 -170702 1002.4613 0.99507848
0.413 293.44456 -91.915327 125371.18 -155803 15275.8 -171079 1003.6891 0.99618976
0.4135 290.93138 -68.503146 125614.08 -155498 15145 -170643 1006.0009 0.99426348
0.414 288.81016 -72.6866 125450.34 -156194 15034.6 -171228 1006.0487 0.99556122
0.4145 286.33521 13.150319 125488.79 -156162 14905.7 -171067 1007.6081 0.99525618
0.415 287.26892 -9.3460867 125372.92 -156227 14954.3 -171181 1009.0026 0.99617596
0.4155 291.516 184.1187 125366.82 -156351 15175.4 -171526 1009.6954 0.99622447
0.416 284.87859 59.504808 125149.17 -156343 14829.9 -171173 1008.2635 0.99795702
0.4165 286.60358 -57.487803 124797.89 -156326 14919.7 -171245 1006.8539 1.0007661
0.417 292.67994 158.2535 124955.66 -155892 15236 -171128 1007.6394 0.99950251
0.4175 286.98939 177.71744 125188.55 -156127 14939.8 -171067 1009.7276 0.99764311
0.418 288.85352 -102.36658 125341.14 -156238 15036.8 -171275 1011.9034 0.99642858
0.4185 290.25159 1.8615198 125158.05 -156017 15109.6 -171126 1011.9527 0.99788622
0.419 293.9703 -251.5654 125071.83 -156069 15303.2 -171372 1013.5173 0.99857407
0.4195 285.58619 87.321576 124992.23 -155750 14866.7 -170616 1014.9864 0.99921002
0.42 289.27397 -85.851778 125013.28 -156003 15058.7 -171062 1017.5827 0.99904181
0.4205 293.0783 -211.39455 124929.57 -156021 15256.8 -171277 1018.5022 0.99971117
0.421 286.85305 25.344627 124765.93 -156075 14932.7 -171008 1020.1084 1.0010224
0.4215 289.54293 -87.125093 124779.06 -155784 15072.7 -170857 1021.2828 1.0009171
0.422 286.71666 6.4519344 124802.88 -156068 14925.6 -170993 1022.6344 1.0007261
0.4225 283.58087 -8.7372263 124830.4 -156279 14762.3 -171041 1025.0795 1.0005054
0.423 277.17857 166.23875 125000.35 -156492 14429.1 -170921 1026.8582 0.99914517
0.4235 291.03136 49.238077 125182.39 -156575 15150.2 -171725 1027.9799 0.9976922
0.424 282.93552 85.106183 125230.58 -156525 14728.7 -171254 1030.2975 0.99730822
0.4245 285.16698 -118.75246 125462.23 -156454 14844.9 -171299 1032.8529 0.99546683
0.425 289.20508 -79.072083 125406.84 -156134 15055.1 -171189 1033.486 0.9959065
0.4255 289.32625 76.100817 125421.1 -156089 15061.4 -171150 1035.5783 0.99579332
0.426 287.17716 84.06239 125009.7 -156277 14949.6 -171227 1034.2782 0.99907037
0.4265 285.10267 62.361343 125365.02 -156268 14841.6 -171110 1037.5191 0.99623872
0.427 288.69487 -156.21181 124988.77 -156169 15028.6 -171198 1036.0524 0.99923773
0.4275 292.69979 155.89426 125167.07 -155996 15237 -171233 1038.1438 0.99781427
0.428 292.85458 -90.197989 125422.4 -155844 15245.1 -171089 1039.3007 0.995783
0.4285 284.05217 -63.919186 125269.63 -156194 14786.9 -170981 1039.497 0.99699739
0.429 289.90968 96.892299 125212.19 -156200 15091.8 -171292 1041.0088 0.99745473
0.4295 289.84718 333.50232 125361.99 -155726 15088.6 -170814 1043.21 0.99626287
0.43 295.78125 -295.09742 125366.59 -155965 15397.5 -171363 1045.2552 0.99622624
0.4305 292.41704 -133.09084 125409.38 -155992 15222.3 -171214 1047.3562 0.99588637
0.431 295.67698 -41.025691 125172.13 -155744 15392 -171136 1047.1896 0.99777395
0.4315 288.13246 -41.700514 125307.21 -156037 14999.3 -171036 1049.5334 0.99669836
0.432 289.86764 74.326745 125348.75 -156102 15089.6 -171192 1049.9827 0.99636804
0.4325 292.45828 5.6909365 125315.25 -156036 15224.5 -171260 1050.2874 0.9966344
0.433 291.52892 132.88805 125156.42 -155840 15176.1 -171016 1050.311 0.99789922
0.4335 295.19556 -349.06554 125083.74 -155703 15367 -171070 1052.0421 0.99847901
0.434 286.98018 -4.0664269 125138.98 -155937 14939.3 -170876 1054.2503 0.99803826
0.4345 289.04788 210.41275 125354.32 -155955 15046.9 -171002 1056.4646 0.99632376
0.435 294.32968 13.270167 125298.1 -155853 15321.9 -171175 1057.458 0.99677085
0.4355 288.13649 -97.269786 125037.33 -155984 14999.5 -170984 1057.5354 0.99884963
0.436 287.5399 -94.239622 125337.24 -156199 14968.4 -171167 1059.9137 0.99645953
0.4365 287.91946 -73.7471 125090.5 -156179 14988.2 -171167 1058.8248 0.9984251
0.437 292.12639 8.4451318 125044 -156267 15207.2 -171475 1060.0391 0.99879634
0.4375 282.62714 -82.370804 125172.1 -156120 14712.7 -170833 1061.7013 0.99777422
0.438 289.90316 -148.16117 125284.54 -156228 15091.5 -171319 1062.4073 0.99687871
0.4385 287.57673 -133.3491 125075.08 -156345 14970.4 -171316 1062.7917 0.99854816
0.439 288.41214 -70.144407 125056.93 -156117 15013.8 -171131 1063.4688 0.99869305
0.4395 286.84061 -2.4727446 124861.53 -156432 14932 -171364 1063.1864 1.0002559
0.44 278.8152 123.30601 124943.9 -156551 14514.3 -171066 1064.8597 0.99959657
0.4405 285.19618 -211.13402 124777.61 -156225 14846.4 -171072 1065.5891 1.0009287
0.441 293.04883 253.28129 124650.45 -156113 15255.2 -171369 1066.0526 1.0019497
0.4415 286.07283 105.38106 125127.4 -156132 14892.1 -171024 1071.0473 0.99813066
0.442 286.66022 -119.94053 125246.22 -156433 14922.6 -171356 1071.0334 0.99718371
0.4425 288.98076 -31.377415 125087.07 -156310 15043.4 -171353 1071.5716 0.99845246
0.443 293.35376 401.86846 125197.64 -155925 15271.1 -171196 1073.4202 0.99757065
0.4435 297.53473 44.981982 125220.36 -155846 15488.7 -171334 1073.4117 0.99738964
0.444 291.04754 39.141147 125215.41 -155591 15151 -170742 1074.7642 0.99742911
0.4445 293.93752 222.50983 125237.2 -155580 15301.5 -170882 1076.8273 0.99725554
0.445 293.92323 77.110211 125361.43 -155354 15300.7 -170655 1078.707 0.99626727
0.4455 290.96549 120.1557 125494.38 -155868 15146.8 -171014 1081.061 0.99521185
0.446 287.04451 -262.1218 125211.06 -156210 14942.7 -171153 1080.966 0.99746373
0.4465 282.20809 370.29101 124949.72 -156480 14690.9 -171171 1079.7358 0.99955
0.447 289.10567 59.163102 125193.07 -156448 15049.9 -171498 1083.9544 0.99760703
0.4475 281.20456 -224.31663 124976.17 -156613 14638.6 -171252 1084.1549 0.99933845
0.448 284.42878 -55.157027 125018.53 -157101 14806.5 -171907 1085.5073 0.99899981
0.4485 282.976 152.09847 125172.57 -156827 14730.9 -171557 1087.7979 0.99777047
0.449 283.921 145.0027 125281.63 -156510 14780.1 -171290 1089.6962 0.9969019
0.4495 286.39888 -7.6459866 125444.01 -156855 14909 -171764 1091.5173 0.99561142
0.45 283.56873 -167.96674 125559.99 -156482 14761.7 -171244 1094.5964 0.99469181
0.4505 291.08485 63.791179 125348.85 -156316 15153 -171469 1095.2979 0.99636724
0.451 285.8551 -122.86811 125177.96 -156629 14880.7 -171510 1095.4656 0.99772748
0.4515 284.93287 23.087511 125154.44 -156880 14832.7 -171713 1096.6838 0.997915
0.452 282.09577 -42.293577 125099.24 -156655 14685 -171340 1096.5237 0.99835529
0.4525 290.10236 10.424042 124959.55 -156371 15101.8 -171473 1097.3391 0.99947138
0.453 288.11903 234.6415 125297.04 -156049 14998.6 -171047 1101.2636 0.99677927
0.4535 287.89791 240.61128 125432.39 -155871 14987.1 -170858 1104.0683 0.9957037
0.454 285.77778 55.153585 125519.95 -156208 14876.7 -171084 1106.3633 0.99500907
0.4545 289.61092 72.725844 125797.45 -156438 15076.3 -171514 1110.6024 0.99281417
0.455 285.99142 255.11942 125886.13 -156631 14887.8 -171519 1112.53 0.9921148
0.4555 290.30381 -189.02291 125943.37 -156585 15112.3 -171697 1113.4051 0.99166388
0.456 288.62814 -228.44193 125619.1 -156354 15025.1 -171379 1111.8475 0.9942237
0.4565 298.28072 -56.18363 125748.21 -156000 15527.6 -171528 1114.1053 0.99320293
0.457 289.77834 -110.47589 125876.64 -155846 15085 -170931 1116.0935 0.99218956
0.4575 287.40571 -331.30142 125494.45 -155801 14961.5 -170762 1114.1046 0.99521125
0.458 287.73544 39.309289 125374.21 -155985 14978.6 -170964 1114.8875 0.99616572
0.4585 282.99146 -294.2868 125226.04 -156356 14731.7 -171088 1115.7892 0.99734442
0.459 293.56494 -139.92534 125240.17 -156331 15282.1 -171613 1116.4473 0.99723187
0.4595 293.30409 -260.41321 125435.55 -156133 15268.5 -171402 1117.6101 0.99567857
0.46 286.79338 132.17409 125503.69 -156385 14929.6 -171315 1119.5531 0.99513803
0.4605 283.83469 -213.62441 125345.82 -156593 14775.6 -171369 1119.6575 0.99639134
0.461 288.82964 -43.4082 125152.62 -156384 15035.6 -171420 1119.3759 0.99792953
0.4615 294.18524 11.909756 125309.26 -155874 15314.4 -171189 1122.0234 0.99668204
0.462 284.86868 174.41243 125267.62 -155740 14829.4 -170569 1123.4575 0.99701333
0.4625 289.65234 -72.745466 125117.6 -156039 15078.4 -171118 1123.7118 0.99820878
0.463 293.26333 71.018486 125610.57 -155880 15266.4 -171147 1128.3498 0.99429128
0.4635 289.86467 5.3929551 125202.29 -155873 15089.5 -170963 1126.8841 0.9975336
0.464 291.19633 -209.51258 125153.87 -156083 15158.8 -171242 1127.6444 0.9979195
0.4645 288.32057 -113.05535 125088.97 -156091 15009.1 -171100 1127.6496 0.99843729
0.465 290.36145 48.781681 125010.41 -156172 15115.3 -171287 1128.2306 0.99906469
0.4655 294.27884 10.114142 124926.51 -155784 15319.2 -171104 1129.2605 0.99973569
0.466 285.99827 182.33953 124998.79 -155937 14888.2 -170826 1131.2615 0.9991576
0.4665 286.77726 -223.37951 125119.75 -155966 14928.7 -170894 1132.4135 0.99819169
0.467 285.37917 107.64549 124992.76 -156121 14856 -170977 1132.2669 0.99920578
0.4675 288.04145 -180.1044 124822.09 -156201 14994.5 -171195 1132.222 1.000572
0.468 285.72491 -121.82914 124728.85 -156658 14874 -171532 1132.0896 1.00132
0.4685 286.6059 177.05436 124918.14 -156463 14919.8 -171383 1135.2214 0.99980265
0.469 290.18133 20.03918 124941.54 -156243 15105.9 -171349 1137.6536 0.99961539
0.4695 290.05859 24.237542 125213.2 -156209 15099.6 -171309 1140.1407 0.9974467
0.47 289.14832 -18.314033 124961.11 -156285 15052.2 -171337 1139.5974 0.9994589
0.4705 288.95599 239.53553 125239.37 -156314 15042.2 -171356 1144.3336 0.99723828
0.471 286.95324 -2.0982685 125343.82 -156374 14937.9 -171312 1146.1565 0.99640726
0.4715 290.85531 136.13912 125462.81 -156247 15141 -171388 1148.6649 0.99546229
0.472 291.12204 -127.58893 125571.17 -155985 15154.9 -171140 1149.6129 0.9946032
0.4725 291.17164 76.514696 125499.99 -155813 15157.5 -170970 1150.7068 0.99516737
0.473 287.87818 65.538206 125382.3 -156031 14986 -171017 1151.084 0.99610145
0.4735 289.63215 -214.29297 125428.78 -156073 15077.4 -171151 1151.5112 0.99573231
0.474 290.62711 -141.11079 125176.67 -156118 15129.2 -171248 1152.1251 0.99773779
0.4745 293.45766 36.803918 125101.2 -155804 15276.5 -171081 1151.3862 0.99833967
0.475 291.2886 100.59112 125145.5 -155891 15163.6 -171055 1151.7005 0.99798626
0.4755 291.36193 264.39131 125156.61 -155766 15167.4 -170933 1154.1901 0.99789766
0.476 289.09499 -86.992119 125344.94 -155767 15049.4 -170816 1156.5758 0.99639838
0.4765 291.82167 -130.16937 125130.98 -155222 15191.3 -170414 1156.8115 0.99810211
0.477 292.63572 37.161758 124959.92 -155541 15233.7 -170775 1157.0452 0.99946843
0.4775 293.22254 240.61267 125132.62 -155524 15264.3 -170788 1161.0543 0.99808901
0.478 295.34823 -148.34881 125091.22 -155648 15374.9 -171023 1162.1185 0.9984193
0.4785 287.88369 -75.526296 124885.83 -155913 14986.3 -170899 1162.41 1.0000614
0.479 289.51861 -92.079931 124876.7 -156174 15071.4 -171246 1164.444 1.0001345
0.4795 284.68185 -318.13781 124879.87 -156085 14819.7 -170905 1165.8303 1.0001091
0.48 287.7942 50.613761 124839.42 -156476 14981.7 -171457 1167.4568 1.0004331
0.4805 289.61946 -101.33149 124846.45 -156308 15076.7 -171385 1167.8379 1.0003768
0.481 294.95254 -223.75595 124395.77 -156488 15354.3 -171842 1166.5955 1.0040011
0.4815 287.89003 357.77275 124770.96 -156289 14986.7 -171276 1169.9062 1.000982
0.482 288.36264 29.87627 124991.69 -156063 15011.3 -171075 1172.8042 0.99921437
0.4825 287.65998 63.572139 124939.3 -156306 14974.7 -171281 1173.6279 0.99963338
0.483 289.54053 246.28413 125098.32 -156160 15072.6 -171233 1176.2331 0.99836267
0.4835 285.23424 36.013241 125112.15 -156551 14848.4 -171399 1178.2481 0.99825228
0.484 283.78812 -13.452308 125091.04 -156857 14773.1 -171630 1180.2986 0.99842079
0.4845 280.57489 -75.542654 125002.94 -156490 14605.9 -171096 1180.0906 0.99912441
0.485 284.82081 -138.43127 125066.56 -156500 14826.9 -171327 1180.6999 0.99861617
0.4855 289.14144 -117.19183 124951.68 -156441 15051.8 -171493 1182.4954 0.99953428
0.486 283.13576 -23.822179 124873.02 -156678 14739.2 -171417 1183.4731 1.0001639
0.4865 279.35756 -23.395114 124760.8 -156679 14542.5 -171221 1185.2194 1.0010636
0.487 285.16203 45.570262 124741.31 -156710 14844.7 -171555 1187.415 1.00122
0.4875 289.94474 -83.017426 124991.14 -156174 15093.6 -171267 1190.3603 0.99921874
0.488 287.39614 23.786281 125155.62 -156311 14961 -171272 1192.4807 0.99790561
0.4885 286.58732 22.625381 125087.98 -156153 14918.9 -171072 1192.7041 0.9984452
0.489 291.72805 255.41768 125213.6 -155805 15186.5 -170992 1195.2966 0.99744349
0.4895 290.38436 1.3689319 125011.91 -155762 15116.5 -170878 1195.6485 0.99905271
0.49 285.04603 61.924987 124864.75 -155893 14838.6 -170731 1194.7005 1.0002302
0.4905 288.4408 -76.279882 124951.29 -156375 15015.3 -171390 1196.8802 0.99953741
0.491 288.79786 13.810856 124814.39 -156136 15033.9 -171170 1197.72 1.0006338
0.4915 289.96952 -188.72279 124950.09 -156018 15094.9 -171113 1200.0772 0.99954706
0.492 288.02961 85.631026 125143.62 -155973 14993.9 -170967 1201.7293 0.9980013
0.4925 287.46925 -380.22107 124838.81 -156178 14964.8 -171143 1201.798 1.000438
0.493 286.46915 89.021825 124808.69 -156437 14912.7 -171350 1202.5332 1.0006795
0.4935 285.89208 -88.692546 125010.65 -156585 14882.7 -171467 1205.9376 0.99906282
0.494 287.89737 130.51033 124754.19 -156472 14987 -171459 1205.8285 1.0011166
0.4945 286.23879 -131.31617 124892.25 -156597 14900.7 -171498 1208.2424 1.0000099
0.495 287.00235 -14.054817 124575.28 -156459 14940.5 -171400 1207.4654 1.0025544
0.4955 285.91294 -166.34898 124682.42 -156213 14883.7 -171096 1209.1666 1.0016929
0.496 291.92315 160.5291 124907.4 -156147 15196.6 -171344 1212.4545 0.99988867
0.4965 293.74393 39.501355 125082.75 -156156 15291.4 -171447 1215.0921 0.99848697
0.497 284.38896 -128.38082 125039.09 -155989 14804.4 -170793 1216.4441 0.99883561
0.4975 295.7638 47.150188 125291.07 -155168 15396.6 -170564 1219.2943 0.99682676
0.498 296.61981 79.651627 125572.78 -155441 15441.1 -170883 1222.7145 0.99459046
0.4985 291.37104 -255.08203 125506.73 -155411 15167.9 -170579 1222.6322 0.99511388
0.499 291.38446 -125.07441 125226.51 -155476 15168.6 -170644 1222.476 0.99734069
0.4995 285.83328 275.24956 125128.54 -155735 14879.6 -170615 1222.9406 0.99812155
0.5 292.88568 46.035 125063.69 -155696 15246.7 -170943 1224.3188 0.9986391
0.5005 292.66427 79.599343 124903.12 -155462 15235.2 -170697 1224.5197 0.99992293
0.501 293.69364 77.594055 125348.01 -155442 15288.8 -170730 1229.3796 0.99637392
0.5015 293.34516 66.772138 125631.9 -155407 15270.6 -170677 1232.6555 0.99412245
0.502 292.81877 -11.09814 125438.6 -155463 15243.2 -170706 1233.5962 0.99565434
0.5025 292.28272 -17.86123 124913.26 -155123 15215.3 -170339 1231.1659 0.99984171
