0.001 294.0858 -193.1402 125012.65 -155539 15309.2 -170848 1237.1898 0.9990468
0.002 294.02953 -546.7699 124929.95 -155633 15306.3 -170939 1238.8653 0.99970814
0.003 289.53591 202.77141 124592.41 -155772 15072.3 -170844 1239.2911 1.0024166
0.004 290.81825 -462.86684 124783.33 -155865 15139.1 -171004 1243.1483 1.0008828
0.005 288.86605 -56.81105 124940.72 -155813 15037.5 -170851 1245.2067 0.99962198
0.006 288.37832 51.040155 125292.42 -156023 15012.1 -171035 1248.6403 0.99681598
0.007 283.81866 -172.05751 125290.11 -156132 14774.7 -170906 1251.4356 0.9968344
0.008 285.46149 311.3238 125212.69 -156190 14860.2 -171051 1252.423 0.99745078
0.009 288.92797 -274.62004 125848.85 -156199 15040.7 -171240 1258.5578 0.99240868
0.01 283.81958 -407.39412 126126.86 -156017 14774.8 -170792 1261.857 0.99022124
0.011 288.71884 301.64194 125554.59 -156070 15029.8 -171100 1259.6168 0.99473459
0.012 290.11519 33.76292 125383.53 -155902 15102.5 -171004 1259.5762 0.99609171
0.013 288.8943 -174.16589 125312.36 -155798 15038.9 -170837 1262.4762 0.99665738
0.014 287.92603 -203.5483 125292.76 -155731 14988.5 -170720 1264.832 0.99681334
0.015 286.92287 107.59111 125213.54 -155864 14936.3 -170800 1266.7147 0.99744394
0.016 284.68484 471.75011 125173.5 -155901 14819.8 -170721 1269.6171 0.99776301
0.017 297.2093 74.775696 125233.12 -155794 15471.8 -171266 1274.2409 0.99728803
0.018 295.37527 -164.01225 125290.5 -155864 15376.3 -171240 1276.8423 0.99683132
0.019 292.82868 -366.4069 125333.25 -156011 15243.8 -171254 1280.2879 0.99649131
0.02 291.74988 75.154668 124827.77 -156007 15187.6 -171195 1277.6903 1.0005265
0.021 289.59262 -122.49656 124606.6 -155946 15075.3 -171021 1277.4489 1.0023024
0.022 281.96918 134.4763 124762.71 -155962 14678.4 -170641 1282.8002 1.0010483
0.023 296.67744 286.3078 125183.71 -155665 15444.1 -171109 1288.8604 0.99768163
0.024 292.93335 -212.8778 125856.61 -155538 15249.2 -170788 1295.2173 0.9923475
0.025 292.12168 -122.17312 126056.84 -155620 15207 -170827 1300.3814 0.99077127
0.026 287.32209 83.65558 125592.86 -155740 14957.1 -170697 1301.3783 0.99443145
0.027 295.81945 360.59002 124998.8 -155709 15399.4 -171109 1298.8791 0.9991575
0.028 289.82878 137.46762 125069.05 -155875 15087.6 -170963 1301.6794 0.99859628
0.029 289.60406 -181.99962 125239.59 -156017 15075.9 -171093 1304.3918 0.99723649
0.03 290.65845 -441.10085 125417.2 -156021 15130.8 -171152 1307.9362 0.99582427
0.031 291.76414 109.61755 125111.95 -155951 15188.3 -171139 1307.4227 0.99825388
0.032 292.57759 308.05081 125245.66 -155916 15230.7 -171147 1308.6929 0.99718821
0.033 292.26651 -482.03959 125866.64 -155821 15214.5 -171035 1315.3988 0.99226839
0.034 292.27728 -3.8385096 125625.87 -155967 15215.1 -171183 1317.2029 0.99417019
0.035 290.63402 381.59884 125099 -155799 15129.5 -170928 1315.5076 0.99835726
0.036 288.54319 78.025687 125160.06 -155971 15020.7 -170992 1318.7636 0.99787017
0.037 293.104 150.01358 125043.9 -155739 15258.1 -170997 1322.7592 0.99879718
0.038 290.3038 -127.89951 124967.78 -155784 15112.3 -170897 1327.9526 0.9994055
0.039 286.4428 21.737256 125115.01 -155814 14911.3 -170725 1332.4713 0.99822944
0.04 286.69488 -402.60164 125178.37 -155895 14924.5 -170820 1335.7744 0.99772421
0.041 294.42064 44.081744 124989.96 -155879 15326.6 -171206 1337.8836 0.99922822
0.042 288.71885 103.12695 124941.39 -155967 15029.8 -170997 1339.3258 0.99961666
0.043 289.84335 -282.36299 125102.02 -156039 15088.4 -171127 1343.5571 0.99833317
0.044 292.83358 -100.60693 125670.11 -155970 15244 -171214 1347.2074 0.99382017
0.045 294.0199 -285.44407 125744.24 -156071 15305.8 -171376 1348.8344 0.9932343
0.046 289.52987 120.7142 125326.97 -156148 15072 -171220 1348.8913 0.99654119
0.047 288.26311 -132.33828 125168.16 -156263 15006.1 -171269 1350.5371 0.99780556
0.048 290.16908 -62.396581 125081.97 -156167 15105.3 -171273 1351.3176 0.99849315
0.049 283.03611 -210.4182 124881.79 -156272 14734 -171006 1351.4034 1.0000937
0.05 290.32161 -58.569855 124956.26 -156210 15113.2 -171324 1354.3593 0.99949767
0.051 287.2282 534.14813 124982.53 -156109 14952.2 -171061 1357.9864 0.99928758
0.052 286.80165 -57.784414 125256.22 -156202 14930 -171132 1360.5604 0.9971041
0.053 285.3772 -192.63168 125207.29 -156092 14855.9 -170947 1362.0986 0.99749378
0.054 290.65796 -322.19286 124982.92 -156085 15130.8 -171216 1362.0062 0.99928443
0.055 285.2273 361.03659 124672.36 -156068 14848.1 -170916 1361.9815 1.0017737
0.056 290.21059 125.59322 124749.36 -156067 15107.5 -171175 1365.2337 1.0011554
0.057 293.19163 -464.70276 124843.48 -156179 15262.7 -171442 1370.1105 1.0004006
0.058 290.61945 411.31515 124870.93 -156312 15128.8 -171441 1371.5463 1.0001807
0.059 293.54396 -140.51566 125827.37 -156364 15281 -171645 1382.9332 0.9925781
0.06 287.38872 -465.23735 126356.62 -156353 14960.6 -171314 1389.085 0.98842066
0.061 291.22962 -166.19469 125946.04 -156283 15160.5 -171444 1389.0077 0.99164282
0.062 283.88713 124.24285 125160.79 -156353 14778.3 -171132 1387.3149 0.99786435
0.063 289.65606 206.46101 124801.11 -156255 15078.6 -171334 1385.9026 1.0007403
0.064 286.18844 -127.56997 125140.87 -156343 14898.1 -171241 1392.5767 0.99802317
0.065 287.85234 -303.06497 125216.09 -156272 14984.7 -171257 1396.7394 0.99742365
0.066 285.41869 -411.78041 125370.01 -156236 14858 -171094 1399.9529 0.99619908
0.067 287.65851 -4.4183563 125133.31 -156352 14974.6 -171327 1400.8719 0.9980835
0.068 285.33551 191.56515 124450.82 -156546 14853.7 -171399 1399.0906 1.003557
0.069 285.25917 314.90246 124711.52 -156570 14849.7 -171419 1402.6304 1.0014591
0.07 284.20503 -393.85313 125482.9 -156536 14794.8 -171331 1411.697 0.99530286
0.071 290.62279 -503.03334 125606.95 -156416 15128.9 -171545 1416.4563 0.99431995
0.072 287.29856 395.88428 125167.56 -156209 14955.9 -171164 1415.2474 0.99781041
0.073 289.86782 73.383944 125068.78 -156486 15089.6 -171576 1414.2456 0.99859843
0.074 282.4686 71.041983 125069.77 -156563 14704.4 -171268 1418.3713 0.99859059
0.075 283.03946 167.04823 125166.63 -156785 14734.2 -171519 1421.5539 0.99781783
0.076 282.6239 -81.216867 125431.09 -156793 14712.5 -171505 1425.3538 0.99571401
0.077 288.85094 -352.88167 125301.45 -156629 15036.7 -171666 1427.5608 0.99674418
0.078 284.63337 2.1155239 124861.79 -156616 14817.1 -171434 1426.5115 1.0002539
0.079 287.71869 190.94018 124602.76 -156569 14977.7 -171547 1426.3996 1.0023333
0.08 284.68004 360.79557 124672.48 -156432 14819.6 -171252 1428.4113 1.0017728
0.081 288.59833 -534.61088 124872.7 -156186 15023.5 -171209 1432.8175 1.0001665
0.082 290.33753 29.160803 124764.47 -156179 15114.1 -171293 1432.9282 1.0010341
0.083 287.14063 93.340829 124756.99 -156077 14947.7 -171024 1433.6545 1.0010942
0.084 287.25831 0.96075482 124849.51 -156164 14953.8 -171117 1437.5784 1.0003523
0.085 287.31821 -99.080723 124908.3 -156194 14956.9 -171151 1441.3039 0.99988146
0.086 292.47845 -2.7320684 125067.62 -155878 15225.5 -171104 1445.1978 0.99860773
0.087 291.60829 -379.21551 125200.07 -155871 15180.2 -171051 1446.1992 0.99755133
0.088 295.32663 -22.407433 124480.94 -155944 15373.8 -171317 1443.0421 1.0033141
0.089 289.64376 447.18703 124086.21 -155723 15078 -170801 1441.3942 1.0065058
0.09 289.50932 -378.38797 124964.48 -155956 15071 -171027 1447.8398 0.99943192
0.091 286.55984 35.445759 125463.62 -156127 14917.4 -171045 1452.9563 0.99545581
0.092 290.25721 -565.39721 125871.42 -155958 15109.9 -171068 1458.165 0.99223072
0.093 292.46806 186.64139 125686.45 -155807 15225 -171032 1458.9746 0.99369098
0.094 291.15538 -43.10555 125638.62 -155786 15156.7 -170943 1461.9634 0.99406924
0.095 293.33703 305.64506 125406.99 -155906 15270.2 -171176 1462.1926 0.99590537
0.096 285.35879 -268.68577 124986.14 -155871 14854.9 -170726 1462.091 0.99925872
0.097 292.73248 298.58555 124606.63 -155975 15238.7 -171214 1460.7721 1.0023022
0.098 288.44061 293.33587 124701.04 -155971 15015.3 -170986 1464.3904 1.0015433
0.099 290.51534 -20.967365 124827.84 -155837 15123.3 -170960 1466.5015 1.000526
0.1 289.57918 -299.75752 125007.13 -155640 15074.6 -170714 1469.6533 0.99909091
0.101 292.77308 161.71956 124885.93 -155767 15240.9 -171008 1471.0776 1.0000606
0.102 295.48535 72.066865 124830.29 -155677 15382.1 -171059 1472.2482 1.0005063
0.103 299.38451 610.13877 124856.18 -155578 15585 -171163 1472.8137 1.0002989
0.104 292.62333 -439.79724 125188.07 -155563 15233.1 -170796 1478.4771 0.99764694
0.105 292.61816 289.01656 125099.68 -155475 15232.8 -170708 1479.9764 0.99835184
0.106 294.63458 -343.87383 124998.8 -155501 15337.8 -170838 1483.0113 0.99915756
0.107 290.27107 265.26707 124862.58 -155665 15110.6 -170775 1483.6203 1.0002475
0.108 294.471 188.34611 125124.8 -155711 15329.3 -171040 1486.7759 0.99815135
0.109 287.7243 -162.76242 125534.49 -155708 14978 -170686 1492.6449 0.99489381
0.11 291.36084 -125.34607 125559.13 -155600 15167.3 -170768 1494.3129 0.99469864
0.111 293.69932 -78.626512 125221.78 -155566 15289.1 -170855 1494.3658 0.99737835
0.112 291.48208 54.006825 125054.04 -155734 15173.7 -170907 1493.6693 0.99871613
0.113 293.89596 117.73846 124950.15 -155635 15299.3 -170934 1494.5613 0.99954658
0.114 292.00587 217.59754 125141.3 -155563 15200.9 -170764 1499.2361 0.99801977
0.115 292.3662 -210.48774 125476.49 -155637 15219.7 -170857 1503.4004 0.99535373
0.116 291.30579 -25.496585 125083.05 -155654 15164.5 -170818 1502.7875 0.99848456
0.117 293.27863 116.74339 124780.07 -155636 15267.2 -170903 1501.5481 1.0009089
0.118 293.18203 -40.663487 124769.19 -155733 15262.2 -170995 1503.0632 1.0009963
0.119 287.85462 131.75222 124865.44 -155816 14984.8 -170800 1505.9407 1.0002246
0.12 289.31688 163.25423 124966.4 -155836 15060.9 -170897 1511.7244 0.99941661
0.121 295.79568 -93.828121 124724.58 -155799 15398.2 -171198 1511.5351 1.0013543
0.122 285.20015 24.659734 124677.08 -155849 14846.6 -170696 1515.2223 1.0017358
0.123 284.27392 -147.70414 124922.03 -155899 14798.4 -170697 1521.4764 0.99977158
0.124 291.46505 48.558459 125024.29 -155947 15172.8 -171120 1525.138 0.99895383
0.125 291.15525 -323.08086 125252.06 -155973 15156.6 -171130 1530.141 0.99713724
0.126 294.59068 -94.127112 125255.2 -155894 15335.5 -171230 1532.7342 0.99711221
0.127 291.70082 297.25935 124847.25 -155955 15185 -171140 1530.428 1.0003703
0.128 286.1364 -78.624656 124582.3 -156043 14895.4 -170938 1531.3729 1.0024979
0.129 288.12762 -99.795765 124868.33 -155873 14999 -170872 1538.0736 1.0002015
0.13 285.47064 166.40297 125248.68 -156137 14860.7 -170997 1544.4298 0.99716412
0.131 294.29723 -25.060715 125207.92 -156005 15320.2 -171325 1547.638 0.99748872
0.132 294.77285 -245.79029 125131.25 -155860 15345 -171205 1548.776 0.99809992
0.133 284.87995 494.39829 125115.74 -156005 14830 -170835 1549.4722 0.99822364
0.134 285.77598 -632.93072 125221.36 -156194 14876.6 -171070 1552.9656 0.99738168
0.135 284.37122 -226.12081 125106.87 -156390 14803.5 -171194 1554.5617 0.9982944
0.136 289.72791 -317.57241 124734.76 -156276 15082.3 -171358 1552.5509 1.0012725
0.137 286.42571 371.50629 124577.14 -156208 14910.4 -171118 1553.1126 1.0025394
0.138 292.79376 -330.69949 125257.9 -155929 15241.9 -171171 1561.9379 0.99709073
0.139 288.06132 -200.40985 125794.47 -156048 14995.6 -171043 1569.0026 0.99283767
0.14 285.37398 38.047744 125898.92 -155833 14855.7 -170689 1572.8943 0.99201397
0.141 295.6956 87.020895 125344.99 -155916 15393 -171309 1570.3388 0.99639797
0.142 292.70074 145.43492 124916.54 -155875 15237.1 -171112 1571.8942 0.9998155
0.143 287.58041 -230.56689 124949.87 -155639 14970.5 -170609 1572.8838 0.99954883
0.144 291.67798 -82.137261 125360.11 -155644 15183.9 -170827 1578.3524 0.99627781
0.145 289.4262 -18.127589 125804.4 -155826 15066.6 -170893 1583.4089 0.99275929
0.146 293.28398 123.80517 126052.45 -155822 15267.5 -171090 1586.8142 0.99080574
0.147 291.30983 260.15756 125825.37 -155848 15164.7 -171012 1586.8726 0.99259388
0.148 292.67383 -258.57734 125482.81 -155723 15235.7 -170959 1587.3317 0.99530362
0.149 293.23975 324.80963 125153.61 -155689 15265.2 -170954 1586.8767 0.99792162
0.15 291.87738 -123.04621 125317.74 -155615 15194.2 -170809 1589.7393 0.99661461
0.151 292.90353 269.5051 125310.31 -155606 15247.7 -170853 1591.7661 0.99667368
0.152 287.6807 -67.447565 124987.48 -155669 14975.8 -170645 1590.6022 0.99924799
0.153 291.42488 218.96688 124403.5 -155710 15170.7 -170881 1591.5121 1.0039387
0.154 290.59554 28.829101 124356.27 -155917 15127.5 -171045 1593.5693 1.0043201
0.155 284.58342 162.51832 124826.06 -155972 14814.5 -170786 1599.0377 1.0005402
0.156 289.76895 -226.00834 125237.05 -155876 15084.5 -170960 1604.6335 0.99725671
0.157 287.05022 279.4115 125026.03 -155924 14942.9 -170867 1603.9023 0.99893988
0.158 287.42922 128.95483 124754.57 -155956 14962.7 -170919 1601.6999 1.0011135
0.159 290.35882 37.785288 124605.78 -155861 15115.2 -170976 1602.8968 1.002309
0.16 285.12031 318.93786 124934.55 -155960 14842.5 -170803 1607.6412 0.9996714
0.161 286.8981 8.0058445 125248.17 -155987 14935 -170922 1613.5841 0.99716821
0.162 291.77983 190.88358 125325.06 -155944 15189.2 -171133 1616.7056 0.99655638
0.163 289.55788 -586.59434 125479.37 -155946 15073.5 -171020 1622.6708 0.99533087
0.164 296.10449 555.77934 125016.27 -155931 15414.3 -171345 1621.5131 0.99901793
0.165 288.53563 -140.04906 125245.78 -156090 15020.3 -171110 1627.6018 0.9971872
0.166 287.77191 51.01669 125689.54 -156112 14980.5 -171092 1635.4771 0.99366653
0.167 286.27602 -558.44795 126126.17 -156159 14902.6 -171061 1643.0382 0.99022662
0.168 285.00839 28.5043 125979.42 -156119 14836.7 -170956 1644.4025 0.99138014
0.169 287.49332 67.322604 125802.55 -156097 14966 -171063 1642.9136 0.99277388
0.17 285.95507 294.82299 125120.83 -156108 14885.9 -170994 1640.4141 0.99818309
0.171 290.45769 706.6542 124535.64 -156183 15120.3 -171303 1635.3009 1.0028735
0.172 286.59245 -368.15365 124913.19 -156244 14919.1 -171163 1640.4437 0.99984233
0.173 288.0807 -585.08366 125430.5 -156392 14996.6 -171388 1644.6842 0.9957187
0.174 284.52283 85.247758 125062.91 -156395 14811.4 -171206 1643.3593 0.9986453
0.175 289.52006 -26.321141 124840.15 -156335 15071.5 -171407 1641.3458 1.0004273
0.176 289.04207 21.811779 124871.47 -156392 15046.6 -171439 1643.9681 1.0001764
0.177 287.95646 -309.76014 125077.1 -156249 14990.1 -171239 1648.1489 0.998532
0.178 291.64111 183.55494 125254.91 -156216 15181.9 -171398 1650.3703 0.99711451
0.179 284.02439 -268.43456 125375.74 -156255 14785.4 -171041 1652.4417 0.99615355
0.18 286.91766 -200.2607 125203.52 -156125 14936 -171061 1653.4705 0.9975238
0.181 284.2533 60.864012 125020.56 -156245 14797.3 -171043 1655.9078 0.99898364
0.182 285.52764 -127.96806 125300.73 -156164 14863.7 -171027 1659.9036 0.99674988
0.183 288.27084 71.164018 125350.26 -156019 15006.5 -171026 1663.6251 0.99635604
0.184 290.08943 -451.40554 124887.98 -156062 15101.2 -171163 1661.6416 1.0000441
0.185 286.02072 320.46671 124398.19 -156125 14889.4 -171015 1658.7384 1.0039816
0.186 290.42337 -275.99839 124652.01 -156136 15118.5 -171254 1660.7924 1.0019373
0.187 286.668 -157.94047 125313.31 -156222 14923.1 -171146 1667.6712 0.99664983
0.188 286.23176 -144.33852 125855.39 -156249 14900.3 -171149 1676.1298 0.99235712
0.189 286.93957 -21.929119 125757.25 -156258 14937.2 -171195 1676.9663 0.99313152
0.19 285.20736 -88.536537 124924.23 -156435 14847 -171282 1672.6618 0.99975393
0.191 282.86588 67.672083 124287.14 -156509 14725.1 -171234 1666.896 1.0048786
0.192 288.37089 199.18912 124440.32 -156691 15011.7 -171703 1669.5686 1.0036417
0.193 282.66835 -268.96357 124927.47 -156706 14714.8 -171420 1675.8203 0.99972803
0.194 286.59445 133.18152 125246.54 -156630 14919.2 -171549 1681.0136 0.99718117
0.195 283.98941 -70.122978 125571.59 -156615 14783.6 -171399 1684.0978 0.99459987
0.196 286.4561 -262.18029 125593.1 -156446 14912 -171358 1687.5792 0.99442958
0.197 285.18478 246.50089 125405.9 -156741 14845.8 -171587 1686.802 0.99591399
0.198 285.51082 -149.07562 125046.89 -156850 14862.8 -171713 1687.1048 0.99877329
0.199 284.5832 30.325205 124649.2 -156902 14814.5 -171716 1688.1084 1.0019599
0.2 282.48432 251.1094 124592.87 -156659 14705.3 -171364 1689.5698 1.0024128
0.201 284.30312 98.612716 125016.04 -156570 14799.9 -171370 1695.4993 0.99901977
0.202 289.94146 -40.477358 125298.79 -156335 15093.5 -171428 1700.4137 0.99676531
0.203 281.45216 -76.581281 125243.47 -156397 14651.5 -171048 1700.697 0.99720563
0.204 290.90431 310.89271 124929.83 -156466 15143.6 -171609 1701.2037 0.99970909
0.205 290.96193 -42.681828 124926.6 -156249 15146.6 -171396 1703.4739 0.999735
0.206 287.53281 163.77629 124866.06 -156226 14968.1 -171194 1706.7475 1.0002197
0.207 290.45008 -188.61766 125028.45 -156186 15119.9 -171306 1711.9865 0.99892055
0.208 285.4718 -129.93012 125197.44 -156402 14860.8 -171263 1716.4234 0.99757227
0.209 287.71194 -202.56441 125089.3 -156447 14977.4 -171425 1717.6426 0.99843468
0.21 287.67788 -108.5694 124725.99 -156430 14975.6 -171405 1716.5149 1.0013429
0.211 289.5825 12.259457 124410.13 -156272 15074.8 -171347 1715.8615 1.0038852
0.212 287.08796 -149.22964 124678.33 -156262 14944.9 -171207 1722.7102 1.0017257
0.213 291.42349 258.99542 125079.79 -156249 15170.6 -171419 1727.6455 0.99851058
0.214 287.55837 35.99662 125525.61 -156319 14969.4 -171289 1733.4225 0.9949642
0.215 286.4187 -265.21127 125642.25 -156374 14910.1 -171284 1736.5506 0.99404055
0.216 286.57455 158.64511 125442.66 -156510 14918.2 -171428 1736.5603 0.99562215
0.217 285.41356 -500.11163 125369.26 -156368 14857.7 -171226 1740.2958 0.99620503
0.218 284.42628 -392.004 124937.99 -156239 14806.4 -171046 1738.0529 0.9996438
0.219 290.27992 638.78232 124470.32 -156252 15111.1 -171363 1735.548 1.0033998
0.22 288.94874 -92.267972 124707.51 -156054 15041.8 -171096 1740.2951 1.0014913
0.221 288.91838 307.11018 124839.35 -156011 15040.2 -171052 1742.0316 1.0004337
0.222 293.79215 229.74345 125047.52 -156044 15293.9 -171338 1745.039 0.99876826
0.223 289.37026 -97.044016 125071.91 -156135 15063.7 -171199 1748.3164 0.99857345
0.224 285.05404 -152.32437 124775.93 -156018 14839 -170857 1747.8975 1.0009422
0.225 294.99762 58.814752 124329.84 -155954 15356.7 -171310 1746.4417 1.0045335
0.226 292.76366 372.48093 124545.58 -155842 15240.4 -171082 1751.2615 1.0027934
0.227 288.82894 -124.88709 125292.18 -155797 15035.5 -170833 1758.7946 0.99681789
0.228 289.04951 -255.04693 125496.81 -155753 15047 -170800 1762.4837 0.99519253
0.229 292.50807 217.729 125032.24 -155918 15227.1 -171145 1760.6729 0.99889028
0.23 292.02856 -407.7542 125093.01 -155934 15202.1 -171136 1762.9403 0.99840505
0.231 291.38343 -41.219328 125186.81 -156014 15168.5 -171183 1766.0013 0.99765691
0.232 291.41032 37.39608 125397.03 -156131 15169.9 -171301 1772.4618 0.99598447
0.233 291.07186 -192.80998 125725.58 -156270 15152.3 -171422 1779.8471 0.99338169
0.234 286.39894 -203.88789 125775.05 -156086 14909 -170995 1781.8616 0.99299098
0.235 284.73325 162.37892 125385.29 -156138 14822.3 -170961 1781.2049 0.9960777
0.236 287.79896 217.2845 125119.6 -156255 14981.9 -171236 1781.1855 0.99819282
0.237 286.23034 254.53315 124989.52 -156126 14900.3 -171026 1782.2049 0.99923173
0.238 295.18463 -367.48019 124912.71 -156027 15366.4 -171394 1785.534 0.99984611
0.239 290.8529 -220.33527 125016.22 -156081 15140.9 -171222 1788.0769 0.99901827
0.24 285.16083 85.677756 125050.12 -155998 14844.6 -170842 1791.0073 0.99874746
0.241 294.13678 611.12533 125208.18 -155884 15311.9 -171195 1796.6795 0.99748666
0.242 294.02842 -355.86063 125723.61 -156039 15306.2 -171345 1803.7104 0.99339726
0.243 283.64641 -28.973989 125720.86 -156069 14765.8 -170835 1806.3552 0.993419
0.244 292.42143 -446.08552 125716.73 -155987 15222.6 -171210 1808.165 0.99345162
0.245 287.1392 94.168687 125181.15 -155846 14947.6 -170794 1808.4054 0.99770207
0.246 289.10787 268.84352 124663.74 -155718 15050.1 -170768 1806.9932 1.0018429
0.247 291.10789 135.16353 124478.34 -155593 15154.2 -170748 1810.6509 1.0033351
0.248 291.32624 294.25516 124571.88 -155780 15165.5 -170945 1812.7575 1.0025817
0.249 288.92221 -362.32022 125119.47 -155841 15040.4 -170881 1818.8725 0.99819387
0.25 295.03582 -526.11263 125082.48 -155702 15358.7 -171060 1819.9458 0.99848907
0.251 291.97165 -130.87745 125022.84 -155700 15199.1 -170900 1821.2708 0.9989654
0.252 289.9073 -76.495094 125100.98 -155904 15091.7 -170996 1823.7186 0.99834145
0.253 289.92354 73.108949 125327.98 -155862 15092.5 -170954 1828.6666 0.99653315
0.254 292.06128 267.24294 125258.18 -155847 15203.8 -171051 1829.2377 0.99708853
0.255 293.48496 -77.403087 125206.6 -155935 15277.9 -171213 1830.1495 0.99749923
0.256 287.38716 251.87723 124942.84 -155859 14960.5 -170819 1831.6574 0.99960505
0.257 289.52017 -80.854441 124975.9 -156040 15071.5 -171112 1834.6434 0.99934058
0.258 290.97373 -247.41021 125145.3 -156109 15147.2 -171256 1838.3444 0.99798783
0.259 288.25409 144.3647 124835.74 -156095 15005.6 -171101 1836.8316 1.0004626
0.26 291.80592 112.63684 124702.87 -156070 15190.5 -171260 1836.0613 1.0015286
0.261 289.90669 -67.863348 124800.33 -156093 15091.6 -171185 1840.8516 1.0007465
0.262 288.84747 17.01235 124984.2 -156173 15036.5 -171209 1846.9724 0.9992742
0.263 286.32401 -2.2918286 125207.83 -155966 14905.1 -170871 1848.9699 0.99748944
0.264 292.69467 -149.15203 125464.47 -156065 15236.8 -171302 1854.6199 0.99544911
0.265 287.60891 174.96101 125357.73 -155988 14972 -170960 1853.7334 0.99629672
0.266 290.77033 -250.56667 125380.63 -155966 15136.6 -171103 1857.3028 0.99611469
0.267 292.8088 -68.817825 125244.81 -156236 15242.7 -171479 1856.3174 0.99719497
0.268 285.73627 -143.71864 125449.31 -156133 14874.5 -171007 1862.193 0.99556939
0.269 287.7625 -147.32228 125478.34 -156000 14980 -170980 1865.5883 0.99533907
0.27 282.82609 118.27673 125511.49 -156052 14723.1 -170775 1869.1674 0.99507615
0.271 288.65383 -197.81246 125324.09 -155985 15026.4 -171012 1868.0963 0.9965641
0.272 287.00556 601.37543 124830.03 -156067 14940.6 -171008 1868.1435 1.0005083
0.273 287.86649 -160.64176 124913.54 -156089 14985.4 -171074 1871.2063 0.99983947
0.274 291.52073 233.14462 125046.78 -156036 15175.7 -171212 1874.5863 0.99877418
0.275 285.17513 -10.532775 125292.64 -155924 14845.3 -170769 1881.145 0.99681426
0.276 291.83855 324.61055 125587.06 -155809 15192.2 -171001 1887.4185 0.99447742
0.277 289.26095 -134.27963 125888.6 -155642 15058 -170700 1895.3353 0.99209535
0.278 290.21503 -24.786049 125819.24 -155666 15107.7 -170774 1896.7177 0.99264225
0.279 289.31919 -222.26506 125380.46 -155734 15061.1 -170795 1893.668 0.99611605
0.28 287.76553 118.51125 125365.87 -155876 14980.2 -170856 1898.2563 0.996232
0.281 289.29058 -477.68157 125657.89 -155799 15059.6 -170859 1904.0371 0.99391685
0.282 284.92584 -95.21215 125516.7 -155820 14832.4 -170652 1903.7359 0.99503484
0.283 292.25161 178.05546 125243.17 -156051 15213.7 -171265 1901.4496 0.99720801
0.284 290.51526 354.26534 125020.05 -156084 15123.3 -171208 1900.63 0.99898771
0.285 288.1342 258.15362 125102.24 -156097 14999.4 -171096 1904.8041 0.99833139
0.286 288.66778 3.447726 125076.79 -155992 15027.2 -171019 1909.3115 0.99853448
0.287 289.27983 -92.824715 125101.33 -156089 15059 -171148 1912.4363 0.99833861
0.288 288.59636 416.08017 125145.75 -156175 15023.4 -171198 1914.9642 0.99798429
0.289 288.75079 247.5975 125338.98 -156080 15031.5 -171112 1918.4177 0.9964457
0.29 289.04101 189.86799 125415.63 -156069 15046.6 -171116 1922.7736 0.9958367
0.291 286.37987 -131.69541 125499.03 -156246 14908.1 -171154 1921.8949 0.99517496
0.292 287.54261 -513.16078 125367.12 -156224 14968.6 -171193 1922.3941 0.99622208
0.293 288.13894 138.72872 124961.79 -156237 14999.6 -171237 1922.6478 0.99945345
0.294 294.82 538.12836 125016.72 -156167 15347.4 -171515 1927.361 0.99901429
0.295 287.37121 -135.94109 125739.21 -155966 14959.7 -170925 1936.6191 0.99327404
0.296 287.74578 -278.7457 125971.47 -155877 14979.2 -170856 1944.8449 0.99144265
0.297 291.15836 196.01751 125500.39 -155947 15156.8 -171103 1942.408 0.99516415
0.298 288.27721 -224.27694 125019.09 -155967 15006.8 -170974 1939.4719 0.99899535
0.299 291.83037 125.08713 125023.55 -155832 15191.8 -171024 1941.174 0.99895972
0.3 289.87844 188.2445 125228.05 -155833 15090.2 -170923 1945.6032 0.99732836
0.301 290.37693 204.81899 125277.63 -155767 15116.1 -170883 1946.8522 0.99693366
0.302 284.83322 221.88685 125335.74 -155729 14827.5 -170556 1948.9082 0.99647152
0.303 292.23821 -69.045448 125138.07 -155829 15213 -171042 1945.5386 0.99804552
0.304 288.36757 -171.63225 125282.01 -155918 15011.5 -170930 1949.3944 0.99689885
0.305 287.55309 -107.52208 125133.86 -155960 14969.1 -170930 1951.611 0.99807912
0.306 290.35758 519.20129 124654.38 -155954 15115.1 -171069 1949.4042 1.0019182
0.307 293.23249 -74.625813 124866.44 -156050 15264.8 -171315 1953.7828 1.0002166
0.308 291.05784 28.578929 125123.15 -156001 15151.6 -171153 1960.3327 0.99816457
0.309 293.75709 -107.53486 124921.4 -156014 15292.1 -171306 1959.8688 0.99977656
0.31 288.77367 180.26724 124710.54 -156079 15032.7 -171112 1960.0327 1.001467
0.311 289.94317 -75.159157 125079.24 -155999 15093.5 -171093 1966.5769 0.99851498
0.312 294.92967 -7.9450408 125524.6 -155798 15353.1 -171151 1974.0994 0.99497226
0.313 287.87229 -119.77172 125385.37 -155938 14985.7 -170923 1976.0862 0.99607704
0.314 285.46157 -677.95895 125228.12 -156023 14860.2 -170883 1976.0928 0.99732781
0.315 290.10105 419.89423 124534.59 -155982 15101.8 -171084 1971.0503 1.0028819
0.316 295.55805 107.10211 124493.57 -155955 15385.8 -171341 1970.7956 1.0032124
0.317 288.10524 437.34221 125008.42 -155731 14997.9 -170729 1980.2471 0.99908066
0.318 292.7055 -205.4914 125753.12 -155917 15237.3 -171155 1989.2149 0.99316418
0.319 290.65882 -370.74774 126057.33 -155856 15130.8 -170987 1995.8387 0.99076735
0.32 289.78811 -108.70331 125588.92 -155643 15085.5 -170729 1995.0694 0.99446265
0.321 286.67426 239.18856 124782.98 -155797 14923.4 -170721 1989.8365 1.0008856
0.322 295.59726 79.050786 124692.08 -155932 15387.9 -171320 1992.4371 1.0016153
0.323 289.66154 82.466305 124820.39 -156001 15078.9 -171080 1996.6827 1.0005857
0.324 289.60284 29.792343 125019.53 -155915 15075.8 -170990 1999.9215 0.99899185
0.325 291.10018 36.500883 125439.02 -155874 15153.8 -171027 2007.881 0.99565102
0.326 291.99376 -132.97721 125482.12 -155950 15200.3 -171151 2008.4468 0.99530905
0.327 286.81079 96.91102 124928.01 -155942 14930.5 -170872 2004.9247 0.99972367
0.328 295.3781 392.67495 124399.68 -155963 15376.5 -171340 2001.1485 1.0039696
0.329 294.94884 267.20335 124658.4 -155868 15354.1 -171223 2006.9147 1.0018859
0.33 294.00652 47.576225 125271.95 -155986 15305.1 -171291 2016.6089 0.99697887
0.331 294.62765 12.393943 125587.83 -155800 15337.4 -171138 2022.6566 0.99447127
0.332 292.96584 -331.29502 125664.74 -155705 15250.9 -170955 2024.8544 0.99386263
0.333 294.64009 43.008635 125280.4 -155691 15338.1 -171029 2021.9152 0.99691166
0.334 289.58587 -30.995624 124872.32 -155702 15074.9 -170777 2020.9637 1.0001695
0.335 290.41889 97.342661 124849.64 -155762 15118.3 -170880 2023.9623 1.0003513
0.336 283.48707 -379.74479 125358.8 -155821 14757.5 -170579 2031.7772 0.9962882
0.337 290.45425 -229.52314 125352.43 -155878 15120.2 -170998 2034.2249 0.99633878
0.338 293.5097 -27.318682 124893.86 -155971 15279.2 -171251 2033.6646 0.99999708
0.339 291.32683 587.72614 124693.63 -156046 15165.6 -171212 2035.8577 1.0016028
0.34 286.89587 -236.90965 125241.18 -156160 14934.9 -171095 2043.8006 0.99722384
0.341 287.29712 -173.28334 125594.1 -156181 14955.8 -171136 2048.1197 0.99442161
0.342 284.31535 -208.42904 125521.33 -156205 14800.6 -171006 2046.791 0.99499814
0.343 289.1646 157.32407 125065.62 -156123 15053 -171176 2044.2001 0.99862366
0.344 286.96754 466.75991 124950.59 -156108 14938.6 -171046 2045.2705 0.99954304
0.345 287.5051 -153.36774 125229.44 -156230 14966.6 -171197 2048.5732 0.99731732
0.346 291.61076 -51.978765 125362.41 -156209 15180.4 -171389 2049.6042 0.99625952
0.347 280.60365 -295.31569 125406.09 -156272 14607.4 -170879 2052.0697 0.99591249
0.348 289.36332 191.70328 125222.5 -156153 15063.4 -171216 2051.2378 0.99737261
0.349 286.91312 -277.36848 125503.08 -156141 14935.8 -171076 2056.6651 0.99514284
0.35 284.83628 -143.21749 125604.08 -156220 14827.7 -171048 2061.5614 0.99434266
0.351 285.30629 321.17536 125150.02 -156370 14852.2 -171222 2061.5449 0.99795019
0.352 288.79423 647.31144 124526.01 -156509 15033.7 -171543 2057.1817 1.0029511
0.353 286.09463 377.58397 124897.5 -156546 14893.2 -171439 2064.0408 0.99996787
0.354 281.12738 -717.06416 125217.13 -156568 14634.6 -171203 2070.5548 0.9974154
0.355 288.2833 318.46142 124854.88 -156528 15007.1 -171535 2067.8587 1.0003093
0.356 284.6988 -207.34294 124971.66 -156795 14820.5 -171616 2072.4994 0.99937453
0.357 284.0702 -170.2564 125263.43 -156878 14787.8 -171666 2078.8742 0.99704668
0.358 283.69717 -335.05862 124991.92 -156911 14768.4 -171679 2077.9865 0.99921255
0.359 279.78985 32.940326 124572.74 -156714 14565 -171279 2076.0712 1.0025748
0.36 289.28429 458.42013 124330.56 -156744 15059.2 -171803 2074.9393 1.0045277
0.361 282.60594 196.04159 124933.07 -156554 14711.6 -171266 2083.8839 0.99968319
0.362 284.24614 -41.071173 125649.21 -156512 14797 -171309 2094.805 0.9939855
0.363 285.11885 -44.119848 125857.8 -156551 14842.4 -171394 2100.5228 0.99233814
0.364 284.9803 -277.18779 125563.24 -156417 14835.2 -171252 2098.7319 0.99466603
0.365 283.16138 86.871144 125133.89 -156454 14740.5 -171195 2095.4827 0.99807886
0.366 290.25853 282.63668 125020.6 -156458 15110 -171568 2097.4907 0.99898327
0.367 285.03108 350.13862 125152.69 -156618 14837.8 -171456 2102.3128 0.9979289
0.368 282.02499 241.534 125475.73 -156542 14681.4 -171223 2107.3041 0.99535975
0.369 280.12782 -339.51502 125858.6 -156497 14582.6 -171080 2114.4477 0.99233183
0.37 283.76703 -808.42966 125489.23 -156631 14772 -171403 2113.9908 0.99525265
0.371 285.48443 155.8333 124645.37 -156492 14861.4 -171354 2108.627 1.0019906
0.372 286.55018 233.08421 124452.89 -156411 14916.9 -171328 2110.7673 1.0035403
0.373 287.24174 -315.94399 124813.15 -156328 14952.9 -171281 2117.3237 1.0006437
0.374 282.83465 -115.21996 125369.62 -156489 14723.5 -171212 2128.6197 0.99620217
0.375 283.12259 -378.54564 125745.1 -156386 14738.5 -171125 2134.8481 0.99322752
0.376 287.80281 -259.58863 125571.2 -156233 14982.1 -171216 2136.8483 0.99460297
0.377 287.62611 -139.3957 125126.22 -156244 14972.9 -171217 2133.5487 0.99814006
0.378 290.58578 121.10743 125003.92 -156138 15127 -171265 2133.2008 0.99911657
0.379 288.66083 498.50086 125089.44 -156178 15026.8 -171205 2136.3371 0.99843351
0.38 287.5755 -32.298533 125547.4 -156039 14970.3 -171009 2143.905 0.99479152
0.381 287.01022 -299.24594 125903.52 -155964 14940.9 -170905 2150.126 0.99197777
0.382 299.57073 308.7325 125444.95 -155886 15594.7 -171481 2149.0692 0.99560401
0.383 292.41949 44.30646 125698.3 -155753 15222.5 -170976 2154.0397 0.99359729
0.384 289.84065 -13.499092 125916.86 -155891 15088.2 -170979 2160.4448 0.99187265
0.385 291.91381 -222.33076 125543.05 -155607 15196.1 -170803 2156.5577 0.99482603
0.386 295.91562 216.30574 124802.63 -155774 15404.5 -171178 2150.2357 1.000728
0.387 288.89965 418.58169 124515.15 -155648 15039.2 -170687 2151.898 1.0030385
0.388 293.60695 -271.89422 124902.26 -155686 15284.3 -170970 2160.5761 0.99992982
0.389 291.74622 280.08553 125011.83 -155843 15187.4 -171031 2162.6422 0.99905335
0.39 287.08945 -79.018616 125225.4 -155805 14945 -170750 2168.974 0.99734953
0.391 289.89855 77.566515 125341.49 -155837 15091.2 -170928 2172.7751 0.99642574
0.392 290.28468 -86.451562 125289.24 -155777 15111.3 -170889 2175.7763 0.99684129
0.393 288.76975 -126.18745 125048.26 -155961 15032.5 -170993 2175.5627 0.99876237
0.394 288.20311 124.20643 124847.3 -156044 15003 -171047 2176.5296 1.00037
0.395 290.34582 -160.56179 124909.04 -156148 15114.5 -171262 2179.6783 0.99987554
0.396 285.93161 -613.90677 125241.54 -156244 14884.7 -171129 2184.4993 0.99722101
0.397 291.55715 -350.972 125114.74 -156091 15177.6 -171269 2186.1582 0.99823167
0.398 287.95562 258.42116 124806.74 -156165 14990.1 -171155 2182.9224 1.0006951
0.399 292.59826 -144.44221 124904.45 -155997 15231.8 -171228 2186.4869 0.99991223
0.4 288.75036 -14.603572 125049.55 -155897 15031.5 -170928 2188.2178 0.99875204
0.401 288.05026 130.90656 125260.76 -155726 14995 -170721 2192.9565 0.99706794
0.402 293.44124 -126.31984 125529.17 -155696 15275.6 -170971 2199.7758 0.99493604
0.403 294.30889 -50.18748 125299.13 -155800 15320.8 -171121 2197.2313 0.99676261
0.404 293.34041 -358.15589 125075.53 -155994 15270.4 -171264 2199.3402 0.99854454
0.405 291.63681 363.80575 125201.78 -155970 15181.7 -171152 2203.2959 0.99753766
0.406 293.83663 -431.3454 125530.57 -156007 15296.2 -171303 2211.1578 0.99492494
0.407 291.01488 281.82514 125207.86 -156000 15149.3 -171149 2210.2236 0.99748923
0.408 288.48476 361.54579 124938.89 -156053 15017.6 -171070 2208.4083 0.99963667
0.409 291.33366 222.46057 124986.95 -156066 15165.9 -171232 2212.3766 0.99925222
0.41 289.14336 -51.639163 124996.41 -156099 15051.9 -171151 2214.5644 0.99917666
0.411 287.55276 -473.30984 125270.4 -156169 14969.1 -171138 2221.0319 0.9969912
0.412 287.97044 8.261221 125178.64 -156220 14990.9 -171211 2222.0056 0.99772203
0.413 296.0397 50.381304 124952.84 -156104 15410.9 -171515 2223.2441 0.99952499
0.414 284.46545 200.56791 124722.52 -156202 14808.4 -171010 2220.4756 1.0013708
0.415 289.76502 155.66339 124605.76 -155969 15084.3 -171054 2220.9769 1.0023091
0.416 289.1906 -326.99522 124789.38 -156056 15054.4 -171111 2223.7383 1.0008343
0.417 292.46988 162.819 124807.57 -156042 15225.1 -171267 2224.334 1.0006884
0.418 289.92494 178.16288 124883.82 -155886 15092.6 -170978 2227.8982 1.0000774
0.419 283.29797 -301.48664 125092.36 -156017 14747.6 -170765 2233.6518 0.99841021
0.42 289.21819 206.68308 125024.73 -156049 15055.8 -171105 2235.2331 0.99895029
0.421 289.99504 91.15244 125210.36 -156143 15096.2 -171239 2240.7242 0.99746932
0.422 287.38781 56.492807 125510.57 -155932 14960.5 -170893 2245.0761 0.99508342
0.423 292.00198 -159.51379 125517.27 -155934 15200.7 -171134 2249.4563 0.99503033
0.424 291.65221 5.5774021 125423.14 -155900 15182.5 -171083 2249.8281 0.99577712
0.425 283.85123 -300.24022 125341.82 -156124 14776.4 -170900 2251.3718 0.99642314
0.426 291.0794 30.934734 125261.89 -156181 15152.7 -171334 2250.5122 0.99705896
0.427 292.08285 -29.82625 125301.31 -156284 15204.9 -171489 2251.5445 0.99674526
0.428 287.79748 35.710645 125260.58 -155984 14981.8 -170966 2255.181 0.99706939
0.429 284.01135 141.67496 125399.16 -155928 14784.8 -170713 2256.8863 0.9959675
0.43 290.50268 41.184598 125664.1 -155832 15122.7 -170954 2261.8769 0.99386771
0.431 289.21996 -22.658119 125829.36 -155788 15055.9 -170844 2264.5517 0.99256241
0.432 293.87172 -150.13321 125873.53 -155690 15298.1 -170988 2267.1396 0.99221413
0.433 296.06553 79.900079 125689.53 -155690 15412.3 -171103 2265.6813 0.99366663
0.434 290.61909 168.99499 125706.22 -155767 15128.7 -170896 2269.287 0.99353467
0.435 301.66099 210.94507 125429.35 -155721 15703.5 -171424 2266.9918 0.99572778
0.436 292.93546 154.34793 125143.51 -155795 15249.3 -171044 2265.5868 0.99800214
0.437 291.86045 216.23238 125402.76 -155700 15193.4 -170893 2270.9416 0.99593895
0.438 291.72508 30.429936 125615.85 -155682 15186.3 -170868 2275.863 0.99424949
0.439 292.84361 -128.76483 125482.77 -155636 15244.5 -170881 2278.7722 0.99530391
0.44 291.61651 120.12039 125025.25 -155736 15180.7 -170917 2277.1347 0.99894617
0.441 292.9668 -64.573168 124757.21 -155634 15250.9 -170885 2277.3596 1.0010924
0.442 292.74419 603.45894 124617.19 -155467 15239.4 -170706 2279.8021 1.0022172
0.443 290.61297 2.3020859 125174.1 -155289 15128.4 -170417 2288.2814 0.99775824
0.444 289.70935 -219.35265 125464.36 -155298 15081.4 -170379 2296.7772 0.99544995
0.445 289.93213 -227.02612 125078.33 -155588 15093 -170681 2294.6157 0.99852222
0.446 290.60419 386.1572 124676.72 -155459 15128 -170587 2291.6426 1.0017387
0.447 291.54766 -275.42231 124842.25 -155615 15177.1 -170792 2295.5401 1.0004105
0.448 287.62559 -141.7534 125158.25 -155475 14972.9 -170448 2301.6074 0.99788458
0.449 294.89042 62.809455 125417.55 -155346 15351.1 -170697 2305.9743 0.99582147
0.45 293.03738 -305.32463 125561.37 -155429 15254.6 -170684 2310.0697 0.99468085
0.451 296.09046 -183.52405 125599.67 -155317 15413.6 -170730 2312.8336 0.99437756
0.452 299.90189 206.17968 125433.93 -155220 15612 -170832 2313.9148 0.99569143
0.453 297.6647 -90.830071 125211.84 -155088 15495.5 -170583 2312.086 0.99745748
0.454 301.24898 -407.40877 125046.19 -155199 15682.1 -170881 2312.7115 0.99877888
0.455 293.97837 288.34638 124865.46 -155190 15303.6 -170494 2315.1142 1.0002245
0.456 295.16331 14.572409 125136.63 -155272 15365.3 -170637 2322.8232 0.99805697
0.457 292.13632 50.964765 125395.66 -155383 15207.7 -170590 2329.5657 0.99599533
0.458 291.74004 -30.366339 125363.71 -155445 15187.1 -170632 2331.6725 0.99624913
0.459 292.20219 -146.57055 125281.26 -155586 15211.1 -170797 2332.7292 0.99690485
0.46 288.80093 -125.16163 125135.48 -155706 15034.1 -170740 2333.2849 0.9980662
0.461 296.14483 299.92712 125099.89 -155656 15416.4 -171073 2334.2604 0.99835015
0.462 287.52159 241.86178 125280.79 -155674 14967.5 -170642 2338.1465 0.99690852
0.463 288.96909 238.96598 125441.11 -155707 15042.8 -170750 2343.2851 0.99563446
0.464 287.5045 61.141984 125610.16 -155834 14966.6 -170800 2348.1275 0.99429447
0.465 294.08454 552.69441 125603.53 -155775 15309.1 -171084 2351.1629 0.99434696
0.466 292.5496 -230.74634 125708.13 -155772 15229.2 -171002 2354.1087 0.99351963
0.467 287.23458 -203.72689 125589.69 -155848 14952.5 -170800 2354.5471 0.99445656
0.468 297.71993 -74.335217 125429.54 -155650 15498.4 -171149 2354.1298 0.99572628
0.469 295.67797 -413.74851 125432.48 -155657 15392.1 -171050 2357.211 0.99570296
0.47 298.54693 -169.16292 125256.36 -155693 15541.4 -171235 2358.7342 0.99710301
0.471 297.42662 172.30424 125150.48 -155589 15483.1 -171072 2359.4202 0.99794653
0.472 293.47524 23.992425 125292.92 -155565 15277.4 -170843 2362.7093 0.99681208
0.473 288.6498 -37.044521 125805.21 -155619 15026.2 -170645 2369.9748 0.99275296
0.474 292.30997 -766.34091 125967.55 -155514 15216.8 -170730 2375.0086 0.99147349
0.475 295.00568 623.66442 124860.69 -155784 15357.1 -171141 2365.5365 1.0002627
0.476 290.1236 163.83833 124559.43 -155704 15102.9 -170807 2364.6959 1.002682
0.477 294.57771 128.04896 125032.02 -155774 15334.8 -171109 2375.6078 0.99889201
0.478 293.84709 158.59017 125512.73 -155877 15296.8 -171174 2383.6728 0.99506633
0.479 290.45697 -120.93278 125587.87 -155812 15120.3 -170932 2387.6158 0.99447094
0.48 289.9149 515.15249 125274.35 -155808 15092.1 -170900 2385.9954 0.99695981
0.481 294.27973 129.51578 125486.06 -155600 15319.3 -170919 2392.884 0.99527782
0.482 292.755 470.05149 125444.67 -155664 15239.9 -170904 2395.7646 0.9956062
0.483 288.63924 -360.65755 125573.25 -155550 15025.7 -170576 2401.6326 0.99458677
0.484 291.16845 149.45047 125210.02 -155594 15157.3 -170751 2400.2807 0.99747204
0.485 295.16606 465.28324 124945.34 -155615 15365.4 -170981 2399.8137 0.99958507
0.486 287.68684 -40.470463 125414.95 -155682 14976.1 -170659 2404.6613 0.99584216
0.487 288.37175 -162.24931 125538.6 -155770 15011.7 -170782 2410.1996 0.99486126
0.488 289.61726 108.802 124916.18 -155806 15076.6 -170882 2405.7482 0.99981837
0.489 291.61204 10.378001 124704.96 -155779 15180.4 -170960 2404.4046 1.0015118
0.49 290.29063 35.658503 124748.96 -155891 15111.6 -171002 2405.3982 1.0011586
0.491 290.77192 108.38265 124573.05 -155986 15136.7 -171122 2405.7634 1.0025723
0.492 290.23139 -142.941 124821.63 -156014 15108.6 -171123 2412.8107 1.0005757
0.493 286.61942 238.39179 125099.1 -156091 14920.5 -171012 2416.6472 0.99835641
0.494 281.87467 235.8289 125483.03 -156111 14673.5 -170785 2423.8886 0.99530188
0.495 291.44649 -141.99702 125971.42 -156054 15171.8 -171226 2434.8716 0.99144311
0.496 287.09126 2.9876775 126004.45 -156145 14945.1 -171090 2437.8738 0.99118322
0.497 286.39411 73.798736 125286.12 -156292 14908.8 -171201 2430.834 0.99686613
0.498 288.18274 399.32845 124792.52 -156212 15001.9 -171214 2425.8041 1.0008091
0.499 286.3255 12.562842 125092.1 -156309 14905.2 -171214 2431.5208 0.9984123
0.5 285.41417 267.4805 125185.66 -156177 14857.8 -171035 2435.5034 0.99766608
0.501 290.60594 -7.140342 125082.41 -156007 15128 -171135 2434.2298 0.99848963
0.502 285.1322 210.53097 125143.97 -156164 14843.1 -171007 2437.0184 0.9979985
0.503 291.11639 -587.05679 125568.19 -155949 15154.6 -171103 2445.4236 0.99462685
0.504 290.26766 146.41723 125279.69 -155982 15110.4 -171092 2445.5879 0.9969173
0.505 291.01292 275.113 124914.14 -156142 15149.2 -171291 2442.2475 0.99983472
0.506 286.01374 -152.4789 125173.03 -156163 14889 -171052 2446.7763 0.99776681
0.507 283.49627 88.8143 125341.29 -156236 14757.9 -170994 2450.3783 0.99642734
0.508 285.29342 -111.17595 125162.6 -156218 14851.5 -171069 2450.4601 0.99784996
0.509 288.70068 -49.634672 124816.4 -156269 15028.9 -171298 2448.1131 1.0006176
0.51 287.18837 153.75583 124701.4 -156237 14950.1 -171187 2448.7751 1.0015404
0.511 285.34006 66.4219 124881.51 -156290 14853.9 -171144 2453.3982 1.0000959
0.512 288.40605 100.60469 124842.26 -156154 15013.5 -171167 2454.9096 1.0004104
0.513 290.52706 284.75781 124641.72 -155993 15123.9 -171116 2458.5046 1.0020199
0.514 291.1497 -51.852885 125064.54 -156028 15156.4 -171185 2468.0216 0.99863229
0.515 287.12369 -198.45979 125760.2 -155951 14946.8 -170897 2477.8598 0.99310821
0.516 289.37348 -254.83072 125749.05 -155830 15063.9 -170894 2478.8799 0.99319631
0.517 295.62868 38.792503 125244.74 -155807 15389.5 -171196 2474.1782 0.99719549
0.518 286.64836 -37.4499 125167.98 -155739 14922 -170662 2474.0745 0.99780702
0.519 288.21005 -86.719396 125585.96 -155597 15003.3 -170600 2482.9088 0.9944861
0.52 287.99936 -569.51155 125718.11 -155761 14992.4 -170753 2487.0441 0.99344071
0.521 286.89737 264.41271 125121.73 -155803 14935 -170738 2482.3043 0.99817584
0.522 285.78778 65.04533 124808.82 -155838 14877.2 -170715 2478.4993 1.0006784
0.523 288.82132 151.00624 124610.26 -155929 15035.1 -170964 2477.8814 1.002273
0.524 289.20717 419.49624 124449.12 -155995 15055.2 -171050 2479.9406 1.0035707
0.525 290.20032 267.76788 124761.99 -156015 15106.9 -171122 2488.0384 1.001054
0.526 289.53971 -118.94805 125054.33 -155878 15072.5 -170951 2493.3567 0.99871384
0.527 288.57044 33.401184 125295.2 -156058 15022.1 -171080 2500.0176 0.99679388
0.528 287.42734 -482.41314 125410.98 -156176 14962.6 -171139 2501.8082 0.99587363
0.529 287.0255 306.42216 125001.76 -156213 14941.7 -171155 2498.4853 0.99913384
0.53 288.65524 -209.31359 124960.45 -156256 15026.5 -171282 2500.8509 0.99946413
0.531 280.88121 -162.4915 125167.97 -156422 14621.8 -171044 2504.0264 0.99780709
0.532 283.87551 -83.750331 125331.84 -156316 14777.7 -171093 2508.5162 0.99650251
0.533 287.38294 39.331525 125325.43 -156386 14960.3 -171347 2511.9896 0.99655345
0.534 286.38879 314.61414 125321.73 -156222 14908.5 -171131 2514.2257 0.99658285
0.535 290.92103 102.11036 125660.8 -156238 15144.5 -171382 2521.8807 0.9938938
0.536 283.91831 -595.6888 126006.52 -156302 14779.9 -171082 2527.8047 0.99116688
0.537 290.98273 -213.93228 125684.68 -156437 15147.7 -171585 2526.7281 0.993705
0.538 287.09894 135.91418 125125.31 -156366 14945.5 -171311 2522.1216 0.99814729
0.539 290.36403 147.00635 124642.58 -156233 15115.5 -171349 2516.7469 1.0020131
0.54 290.33754 287.7696 124487.15 -156321 15114.1 -171435 2514.5165 1.0032641
0.541 291.58457 -350.52848 124959.4 -156231 15179 -171410 2525.3133 0.99947259
0.542 292.12793 -11.278559 125350.61 -156174 15207.3 -171381 2534.7885 0.99635328
0.543 283.69043 174.4957 125578.78 -156290 14768 -171058 2538.7094 0.99454295
0.544 289.19174 -202.25722 125400.45 -156043 15054.4 -171098 2540.6995 0.99595728
0.545 290.08411 222.23039 124916.2 -156169 15100.9 -171269 2537.0452 0.99981819
0.546 289.66299 171.53462 124805.04 -156058 15079 -171137 2537.1928 1.0007087
0.547 287.24786 49.184285 125005.43 -156253 14953.2 -171206 2542.7047 0.99910455
0.548 289.99494 -25.163783 125160.01 -156244 15096.2 -171340 2546.1044 0.9978706
0.549 293.9266 155.88604 124997.85 -156265 15300.9 -171566 2548.0874 0.99916514
0.55 289.03728 -198.24823 125119.67 -156239 15046.4 -171286 2552.461 0.99819233
0.551 286.61099 -83.63227 125511.21 -156256 14920.1 -171176 2560.4445 0.99507836
0.552 284.95691 169.64948 125521.65 -156262 14834 -171096 2564.9237 0.99499559
0.553 285.01898 -41.324609 125472.01 -156241 14837.2 -171079 2569.197 0.99538924
0.554 290.16748 76.891693 125169.44 -156539 15105.2 -171644 2568.2164 0.99779543
0.555 285.26311 175.42528 124939.94 -156570 14849.9 -171420 2567.0961 0.99962822
0.556 281.2304 -24.32288 125112.67 -156656 14640 -171296 2572.2762 0.99824814
0.557 292.1476 18.786913 125208.71 -156545 15208.3 -171753 2576.1604 0.99748248
0.558 285.56988 85.442805 125308.93 -156776 14865.9 -171642 2581.3723 0.99668472
0.559 286.67429 -129.14293 125332.9 -156751 14923.4 -171675 2584.2394 0.9964941
0.56 286.31976 -79.054864 125126.69 -156747 14904.9 -171652 2584.205 0.9981363
0.561 280.00212 307.60279 125039.02 -156802 14576 -171378 2586.4444 0.99883615
0.562 283.02371 93.657255 125313.27 -156831 14733.3 -171565 2591.609 0.99665017
0.563 287.29768 -247.61797 125599.22 -156949 14955.8 -171905 2597.5396 0.99438108
0.564 281.1169 163.11205 125018.5 -157112 14634.1 -171746 2591.9688 0.99900008
0.565 280.03287 106.28568 124275.63 -157179 14577.6 -171756 2580.443 1.0049717
0.566 281.51855 360.4378 124098.18 -157226 14655 -171881 2581.1234 1.0064087
0.567 281.47238 176.74608 124675.27 -157068 14652.6 -171721 2591.5756 1.0017503
0.568 282.67294 -18.389794 125215.59 -156926 14715.1 -171641 2601.8327 0.99742764
0.569 281.45615 -226.41987 125624.15 -156852 14651.7 -171504 2609.1473 0.99418376
0.57 283.40026 -227.16186 125738.71 -156733 14752.9 -171486 2614.873 0.99327799
0.571 287.45934 -214.0155 125686.61 -156628 14964.2 -171593 2614.661 0.9936897
0.572 280.28274 9.3377753 125461.58 -156492 14590.7 -171083 2610.8885 0.99547205
0.573 286.85144 -164.40468 125317.99 -156317 14932.6 -171250 2611.7359 0.99661265
0.574 289.11812 -259.07509 125151.74 -156286 15050.6 -171337 2612.422 0.9979365
0.575 291.18889 347.34635 125000.8 -156129 15158.4 -171287 2612.8882 0.99914152
0.576 285.30898 -23.649845 125185.04 -156307 14852.3 -171159 2618.7666 0.99767109
0.577 287.78504 140.00763 125174.9 -156040 14981.2 -171021 2620.6471 0.99775184
0.578 290.31413 -54.476671 124779.68 -156240 15112.9 -171353 2618.2323 1.0009121
0.579 290.36235 16.387586 124552.51 -156148 15115.4 -171264 2617.6858 1.0027376
0.58 294.63582 565.43297 124800.75 -156081 15337.8 -171419 2620.737 1.0007431
0.581 288.54311 -548.8232 125643.4 -156144 15020.7 -171165 2631.2984 0.99403147
0.582 286.98356 -314.5053 125621.87 -156128 14939.5 -171067 2632.7246 0.99420181
0.583 295.19029 -78.527435 125354.33 -156052 15366.7 -171419 2633.065 0.99632371
0.584 286.90569 205.18542 125266.71 -156135 14935.4 -171071 2634.3636 0.99702059
0.585 287.17286 -241.82702 125336.62 -155969 14949.3 -170918 2635.6357 0.99646448
0.586 291.33903 120.53337 125369.72 -156104 15166.2 -171270 2642.2113 0.99620138
0.587 290.73782 322.53466 125344.48 -156179 15134.9 -171313 2646.6706 0.99640197
0.588 289.13051 -137.48176 125633.15 -156111 15051.2 -171162 2653.1576 0.99411255
0.589 287.6673 -321.17211 125742.42 -156263 14975.1 -171238 2655.1398 0.99324866
0.59 289.59011 412.91943 125130.66 -156048 15075.2 -171123 2649.3564 0.99810462
0.591 290.37482 -142.50089 125181.04 -156021 15116 -171137 2651.1221 0.99770294
0.592 294.37121 -28.628826 125540.08 -155942 15324.1 -171266 2658.9743 0.99484957
0.593 286.22774 -304.37738 125444.74 -156000 14900.1 -170900 2661.047 0.99560562
0.594 287.63727 432.15663 124888.29 -156178 14973.5 -171151 2658.0248 1.0000417
0.595 289.83756 -28.368066 125095.33 -156142 15088 -171231 2665.8024 0.9983865
0.596 285.13588 -162.30382 125571.23 -156071 14843.3 -170914 2674.8519 0.99460277
0.597 281.48095 28.226438 125652.76 -156280 14653 -170934 2678.8852 0.99395737
0.598 289.68252 0.86420605 125538.78 -156214 15080 -171294 2680.6593 0.99485982
0.599 287.34055 103.41028 125039.99 -156537 14958.1 -171495 2675.8943 0.99882842
0.6 284.24767 -108.53375 124751.88 -156530 14797.1 -171327 2675.2829 1.0011352
0.601 280.18395 86.474538 124828.95 -156712 14585.5 -171298 2678.2848 1.000517
0.602 287.55358 -200.58917 124825.55 -156675 14969.2 -171645 2680.699 1.0005443
0.603 290.40103 270.23556 124803.01 -156612 15117.4 -171729 2681.2462 1.000725
0.604 283.21514 109.88389 124945.39 -156404 14743.3 -171148 2687.4777 0.99958467
0.605 289.7742 -419.45504 125333.07 -156319 15084.8 -171403 2696.1409 0.99649272
0.606 290.23152 -219.40888 125436.06 -156268 15108.6 -171377 2698.4448 0.99567452
0.607 286.34968 -109.23927 125087.01 -156178 14906.5 -171085 2694.9483 0.99845291
0.608 288.28223 438.39811 124924.3 -156313 15007.1 -171320 2693.0981 0.99975338
0.609 282.43605 -120.90314 125130.54 -156409 14702.7 -171112 2700.918 0.99810561
0.61 283.55556 228.93185 125185.41 -156296 14761 -171057 2703.2287 0.99766811
0.611 284.63478 -300.4134 125499.07 -156260 14817.2 -171077 2710.1358 0.99517467
0.612 286.51816 -357.86196 125399.25 -156344 14915.3 -171259 2710.4325 0.99596684
0.613 295.00931 -29.671972 125116.4 -156387 15357.3 -171744 2708.9298 0.9982184
0.614 282.54187 83.258167 125167.25 -156610 14708.3 -171318 2714.1602 0.99781286
0.615 283.54315 -204.52632 125242.53 -156551 14760.4 -171311 2717.8157 0.99721312
0.616 285.63376 -28.735794 125337.09 -156468 14869.2 -171338 2717.2795 0.99646072
0.617 283.29064 -200.24934 125551.5 -156402 14747.2 -171149 2722.4722 0.99475908
0.618 285.73424 -424.25063 125541.41 -156505 14874.4 -171379 2723.3519 0.99483898
0.619 285.23652 -72.76148 125248.92 -156447 14848.5 -171295 2722.368 0.99716218
0.62 289.33708 -27.865497 124864.65 -156353 15062 -171415 2720.9768 1.000231
0.621 283.71892 -9.2197371 124690.36 -156385 14769.5 -171154 2717.7833 1.0016291
0.622 291.65264 134.81522 124651.01 -156446 15182.5 -171629 2720.0441 1.0019453
0.623 290.86741 -242.0944 124853.76 -156408 15141.7 -171549 2725.3354 1.0003182
0.624 284.7994 212.67774 124740.49 -156566 14825.8 -171392 2723.4404 1.0012266
0.625 285.21424 310.44533 124812.34 -156527 14847.4 -171375 2726.2642 1.0006502
0.626 291.23057 -481.19628 125427.09 -156440 15160.6 -171600 2737.1408 0.99574577
0.627 288.18662 -233.64761 125493.83 -156364 15002.1 -171366 2738.1679 0.9952162
0.628 287.94581 -228.36067 125244.2 -156391 14989.6 -171380 2737.4689 0.99719979
0.629 283.09116 185.68146 124894.07 -156324 14736.9 -171061 2733.079 0.99999536
0.63 281.86977 -13.120505 125089.22 -156417 14673.3 -171090 2736.7422 0.99843529
0.631 283.65778 -326.4146 125339.05 -156538 14766.3 -171305 2742.2004 0.99644514
0.632 288.58572 -156.72861 125059.31 -156410 15022.9 -171433 2742.7149 0.99867409
0.633 290.08595 -18.059738 124803.93 -156560 15101 -171661 2743.2193 1.0007176
0.634 280.63913 -351.12027 124792.04 -156636 14609.2 -171246 2746.6298 1.0008129
0.635 282.92635 117.69881 124667.04 -156660 14728.3 -171388 2747.0235 1.0018164
0.636 280.08141 -72.387002 124763.36 -156542 14580.2 -171122 2750.8059 1.001043
0.637 284.85034 48.749843 124832.39 -156435 14828.4 -171264 2754.8185 1.0004895
0.638 287.80827 -192.48408 125005.11 -156387 14982.4 -171369 2761.348 0.99910709
0.639 289.19464 85.108635 125194.44 -156501 15054.6 -171556 2766.9349 0.99759615
0.64 284.15344 -5.8260549 125582.53 -156563 14792.2 -171355 2774.2504 0.99451325
0.641 286.90881 -82.237117 125436.65 -156556 14935.6 -171491 2774.883 0.99566982
0.642 285.47312 -45.848713 125022.5 -156455 14860.9 -171315 2771.2734 0.99896809
0.643 284.71685 128.3183 124853.92 -156381 14821.5 -171203 2773.4363 1.000317
0.644 286.52365 165.12212 125014.75 -156360 14915.5 -171276 2778.6096 0.99903004
0.645 288.00436 -199.64965 125139.84 -156265 14992.6 -171258 2783.6179 0.99803141
0.646 288.50707 -236.59884 124823.92 -156418 15018.8 -171436 2781.8732 1.0005574
0.647 284.95355 254.41031 124522.55 -156263 14833.8 -171097 2780.2513 1.0029789
0.648 287.66117 -162.63615 124923.77 -156295 14974.8 -171270 2789.4523 0.99975764
0.649 284.82847 -25.530468 125506.04 -156150 14827.3 -170977 2801.2972 0.99511936
0.65 289.46916 -385.0431 125780.65 -156004 15068.9 -171073 2804.8057 0.99294676
0.651 289.90315 -80.27075 125529.52 -155953 15091.5 -171045 2804.8173 0.99493322
0.652 288.14419 86.171829 125187.14 -156163 14999.9 -171163 2802.8767 0.99765431
0.653 290.22947 188.45857 125010.83 -155894 15108.5 -171003 2800.6929 0.99906138
0.654 294.74625 -77.920854 125029.31 -155753 15343.6 -171096 2804.6624 0.9989137
0.655 287.73808 -59.527225 125143.91 -155708 14978.8 -170686 2807.5194 0.99799895
0.656 291.95924 323.25986 125009.03 -155842 15198.5 -171041 2807.1326 0.99907575
0.657 290.02634 -53.695294 125238 -155978 15097.9 -171076 2814.1164 0.99724917
0.658 290.69651 90.499015 125386.53 -155979 15132.8 -171112 2817.1537 0.99606781
0.659 290.02322 -114.53044 125216.56 -155989 15097.7 -171087 2815.6723 0.99741994
0.66 294.07275 38.102182 124869.23 -155800 15308.5 -171108 2813.6745 1.0001943
0.661 289.90507 279.62941 124524.39 -155531 15091.6 -170622 2812.3231 1.0029641
0.662 297.16681 480.98528 124428.8 -155521 15469.6 -170991 2811.9642 1.0037346
0.663 288.68458 143.61264 125056.39 -155579 15028 -170607 2824.5126 0.9986974
0.664 285.42719 -564.12586 125986.29 -155568 14858.5 -170426 2839.3668 0.99132607
0.665 291.87239 -15.207559 125789.97 -155546 15194 -170740 2837.8144 0.99287324
0.666 292.42127 161.58592 125452.32 -155474 15222.5 -170697 2834.1539 0.99554548
0.667 295.04273 -28.540654 125454.54 -155381 15359 -170740 2839.9245 0.99552784
0.668 291.39932 360.41291 125347.62 -155542 15169.3 -170711 2842.0336 0.99637706
0.669 290.37429 -483.23216 125410.55 -155662 15116 -170778 2848.0903 0.99587709
0.67 292.31557 346.77999 125174.56 -155656 15217 -170873 2848.0407 0.99775458
0.671 294.81197 -372.73431 125521.46 -155808 15347 -171155 2858.0932 0.99499709
0.672 296.55813 -130.29825 125723.02 -155763 15437.9 -171201 2863.2855 0.99340196
0.673 284.37043 -26.071868 125591.07 -155929 14803.4 -170733 2862.8536 0.99444564
0.674 294.03381 109.8916 125782.61 -155789 15306.5 -171095 2870.1408 0.9929313
0.675 292.43585 -210.54212 125797.65 -155601 15223.3 -170824 2873.7938 0.99281257
0.676 289.61482 127.79602 125334.07 -155585 15076.5 -170661 2870.1291 0.9964848
0.677 290.29547 157.19826 125237.95 -155595 15111.9 -170707 2871.8496 0.99724957
0.678 292.4446 63.286357 125118.94 -155567 15223.8 -170790 2870.4501 0.99819812
0.679 288.74413 98.431003 125019.84 -155660 15031.1 -170691 2869.3267 0.99898936
0.68 289.15985 -125.68585 125028.41 -155613 15052.8 -170666 2871.784 0.99892093
0.681 293.49145 94.893999 124976.95 -155715 15278.3 -170993 2873.1736 0.99933217
0.682 289.79274 -81.493296 125321.59 -155565 15085.7 -170651 2882.037 0.99658397
0.683 293.75493 -223.31818 125475.33 -155438 15292 -170730 2885.0566 0.99536292
0.684 295.38029 171.83478 124805.46 -155316 15376.6 -170693 2874.751 1.0007054
0.685 291.92761 414.55359 124484.33 -155412 15196.9 -170609 2871.7639 1.0032869
0.686 288.17173 208.24338 124762.79 -155456 15001.3 -170457 2876.823 1.0010476
0.687 294.26371 -286.75201 125126.94 -155274 15318.5 -170592 2883.9338 0.99813432
0.688 296.45649 -225.45983 125297.13 -155348 15432.6 -170781 2890.9957 0.99677857
0.689 291.28683 -170.25333 125001.58 -155336 15163.5 -170499 2889.8246 0.99913533
0.69 295.63052 -2.5684815 124480.47 -155360 15389.6 -170749 2884.4089 1.003318
0.691 300.34367 56.464051 124494.97 -155451 15635 -171086 2884.5544 1.0032011
0.692 296.24633 459.94423 124937.89 -155476 15421.7 -170897 2891.1722 0.99964461
0.693 294.61267 -217.6002 125572.88 -155363 15336.6 -170700 2903.8148 0.99458968
0.694 297.06194 -65.628596 125394.99 -155090 15464.1 -170554 2903.5232 0.99600061
0.695 287.64383 303.07246 124844.81 -155328 14973.9 -170302 2898.4309 1.0003899
0.696 295.00239 766.16072 124503.6 -155373 15356.9 -170730 2896.1216 1.0031316
0.697 293.31268 70.100231 124612.44 -155379 15269 -170648 2901.4136 1.0022554
0.698 293.07768 -228.36118 125263.73 -155280 15256.7 -170536 2914.6683 0.99704435
0.699 293.45425 -72.1992 125770.76 -155431 15276.3 -170707 2927.92 0.99302488
0.7 289.37649 -87.78381 125872.47 -155346 15064 -170410 2931.3023 0.99222242
0.701 294.71402 129.20541 125322.23 -155389 15341.9 -170731 2924.7254 0.99657893
0.702 294.59343 -1.6464478 124709.55 -155532 15335.6 -170868 2918.7035 1.001475
0.703 291.13446 889.93294 124251.1 -155619 15155.6 -170775 2914.3074 1.0051701
0.704 294.14635 -170.26034 124855.15 -155518 15312.4 -170831 2927.6777 1.0003071
0.705 292.91078 56.54604 125155.74 -155662 15248 -170910 2932.1684 0.99790463
0.706 288.89461 -184.77561 125126.15 -155769 15039 -170808 2934.3838 0.99814057
0.707 294.22512 -144.93331 124996.8 -155964 15316.5 -171281 2935.7201 0.99917351
0.708 291.16245 93.015907 125017.06 -156048 15157 -171205 2939.1217 0.99901155
0.709 291.04088 -182.09687 124942.83 -156127 15150.7 -171278 2940.3702 0.99960512
0.71 287.33018 471.04089 124574 -156121 14957.5 -171078 2936.2608 1.0025646
0.711 285.65617 -185.98906 124720.27 -156089 14870.4 -170959 2942.6816 1.0013889
0.712 288.45997 -192.94931 125148.03 -156123 15016.3 -171139 2950.9697 0.99796611
0.713 285.37982 -380.55491 125615.03 -156006 14856 -170862 2963.841 0.99425593
0.714 285.27887 -205.48809 125360.84 -156228 14850.7 -171079 2966.1129 0.99627195
0.715 284.93822 251.07984 124998.05 -156275 14833 -171108 2962.4697 0.99916353
0.716 286.03835 125.22434 125015 -156364 14890.3 -171254 2963.913 0.99902807
0.717 288.19828 -630.10115 125221.81 -156271 15002.7 -171274 2967.9339 0.99737807
0.718 293.88236 -34.671599 124848.2 -156410 15298.6 -171709 2965.9287 1.0003627
0.719 283.51964 212.64998 124707.85 -156486 14759.2 -171245 2965.5226 1.0014886
0.72 287.08119 299.11492 124910.34 -156348 14944.6 -171292 2967.3283 0.99986514
0.721 286.92013 -261.57365 125192.06 -156350 14936.2 -171286 2972.2724 0.99761514
0.722 282.93711 -397.18562 125031.66 -156362 14728.8 -171090 2974.7131 0.9988949
0.723 286.14753 -325.85795 124938.85 -156235 14896 -171131 2974.2365 0.99963696
0.724 287.18873 370.2377 124764.02 -156118 14950.2 -171068 2972.2856 1.0010377
0.725 288.45787 141.38748 125020.39 -156163 15016.2 -171179 2979.4658 0.99898498
0.726 293.09604 -249.38813 125176.37 -156130 15257.7 -171387 2982.4347 0.99774019
0.727 287.54476 -64.879963 125094.2 -156184 14968.7 -171152 2982.6038 0.99839551
0.728 284.35331 -229.42125 125106.47 -156355 14802.6 -171158 2983.8852 0.9982976
0.729 286.45913 299.09842 124813.2 -156340 14912.2 -171252 2978.2717 1.0006433
0.73 289.78072 308.73586 124555.83 -156160 15085.1 -171246 2976.0551 1.0027109
0.731 287.72777 -295.04372 124592.85 -156302 14978.2 -171280 2976.3434 1.002413
0.732 286.60079 561.67302 124747.84 -156348 14919.6 -171267 2983.5187 1.0011675
0.733 286.48173 -285.89773 125056.48 -156118 14913.4 -171032 2989.8618 0.99869669
0.734 293.63378 64.666205 124888.32 -155999 15285.7 -171285 2988.4032 1.0000414
0.735 288.46931 -185.33824 125010.04 -156049 15016.8 -171066 2996.1892 0.99906767
0.736 283.40119 173.06543 125035.9 -156230 14753 -170983 3000.288 0.99886107
0.737 291.39938 189.14661 125167.98 -155959 15169.4 -171128 3005.8223 0.99780703
0.738 288.733 182.35198 125248.9 -155993 15030.5 -171023 3008.2082 0.99716234
0.739 288.66274 79.023118 125262.3 -156048 15026.9 -171075 3010.1822 0.99705567
0.74 287.17134 117.57942 125240.62 -156232 14949.3 -171181 3012.2706 0.99722832
0.741 288.10561 193.40495 125248.38 -156259 14997.9 -171257 3015.0014 0.99716653
0.742 287.29203 226.20485 125625.1 -156287 14955.5 -171243 3023.7975 0.99417628
0.743 284.58926 -755.20925 126170.71 -156134 14814.8 -170949 3035.081 0.98987703
0.744 282.29125 -305.09071 126047.18 -156396 14695.2 -171091 3035.6215 0.99084713
0.745 284.84311 484.72176 125470.05 -156572 14828.1 -171400 3024.8934 0.99540481
0.746 290.47515 -484.91045 125452.06 -156371 15121.2 -171493 3029.0848 0.99554754
0.747 290.11241 267.98648 125225.93 -156383 15102.4 -171486 3025.789 0.9973453
0.748 283.97585 -463.88666 125409.07 -156224 14782.9 -171007 3033.0211 0.9958888
0.749 286.01429 354.07396 124872.53 -156414 14889 -171303 3026.6321 1.0001679
0.75 284.41062 -49.437525 124483.64 -156582 14805.5 -171387 3024.8728 1.0032924
0.751 282.99978 482.07951 124256.55 -156472 14732.1 -171205 3024.7689 1.005126
0.752 290.54762 -245.55827 124867.07 -156211 15125 -171336 3038.0803 1.0002116
0.753 288.50097 170.5176 125166.13 -156100 15018.5 -171118 3046.833 0.99782182
0.754 284.56364 110.91601 125487.06 -156112 14813.5 -170925 3057.3235 0.99526987
0.755 291.80143 -258.51243 125628.22 -156029 15190.3 -171220 3063.4345 0.99415153
0.756 289.17595 -27.412262 125424.79 -156197 15053.6 -171251 3062.193 0.995764
0.757 289.17418 -173.007 125321.6 -156288 15053.5 -171342 3061.8075 0.99658393
0.758 288.55472 437.03114 125401.93 -156230 15021.3 -171251 3065.5466 0.99594554
0.759 295.3132 -338.89265 125753.58 -156059 15373.1 -171432 3076.2198 0.9931605
0.76 290.63767 332.44537 125325.37 -156165 15129.7 -171295 3070.3606 0.99655391
0.761 288.07807 31.180174 125036.06 -156033 14996.5 -171029 3069.736 0.99885975
0.762 287.15425 -8.145927 125084.5 -156130 14948.4 -171078 3069.8147 0.99847296
0.763 286.09927 242.19979 125252.7 -156112 14893.4 -171006 3077.3335 0.99713215
0.764 286.65135 -203.75299 125332.94 -156124 14922.2 -171047 3081.7028 0.99649371
0.765 288.04854 -207.51394 125283.11 -156058 14994.9 -171053 3080.6318 0.99689009
0.766 290.3942 586.49747 124998.3 -155940 15117 -171057 3080.7289 0.99916154
0.767 290.94856 209.22834 124784.98 -155869 15145.9 -171015 3081.6931 1.0008696
0.768 295.56343 190.20247 124711.82 -155772 15386.1 -171158 3081.9111 1.0014568
0.769 296.92643 322.69087 125200.69 -155803 15457.1 -171260 3093.3736 0.99754635
0.77 294.97149 -678.76095 125854.95 -155664 15355.3 -171019 3108.3121 0.99236058
0.771 285.3373 -388.30075 125783.68 -155747 14853.8 -170601 3108.3901 0.99292289
0.772 290.85758 106.01199 125414.68 -155662 15141.1 -170803 3103.3411 0.9958443
0.773 292.06533 380.30236 125109.19 -155738 15204 -170942 3097.3241 0.99827593
0.774 289.3454 -293.61637 125277.46 -155866 15062.4 -170929 3101.7743 0.99693503
0.775 294.68736 -91.135874 125421.02 -155808 15340.5 -171148 3103.7388 0.9957939
0.776 293.86031 -210.59642 125462.39 -155636 15297.5 -170933 3109.1908 0.9954656
0.777 299.2862 97.860847 125258.66 -155579 15579.9 -171159 3107.1238 0.99708466
0.778 289.90611 72.714418 125225.07 -155726 15091.6 -170818 3107.8867 0.9973521
0.779 293.74614 -3.4689441 125109.66 -155771 15291.5 -171063 3108.7983 0.99827217
0.78 293.34084 -188.70007 124950.25 -155791 15270.4 -171062 3109.88 0.99954574
0.781 290.18305 173.3517 124579.37 -155626 15106 -170732 3108.1171 1.0025214
0.782 299.34765 201.12469 124695.54 -155398 15583.1 -170981 3111.9623 1.0015874
0.783 294.23989 -61.962359 124969.31 -155399 15317.2 -170717 3120.1131 0.99939333
0.784 295.44646 131.59243 125301.28 -155436 15380 -170816 3130.0674 0.99674557
0.785 287.41342 -397.53334 125804.43 -155554 14961.9 -170516 3142.3654 0.9927591
0.786 298.47132 -373.57852 125652 -155546 15537.5 -171083 3141.9525 0.99396345
0.787 290.09405 -584.05665 125424.62 -155608 15101.4 -170709 3139.172 0.99576539
0.788 295.84898 379.28147 125100.93 -155683 15401 -171084 3138.0652 0.99834185
0.789 293.2699 -440.28888 125405.01 -155784 15266.7 -171051 3146.2279 0.99592108
0.79 294.50025 -212.02575 125042.63 -155761 15330.8 -171092 3141.9368 0.9988073
0.791 289.32225 -116.50442 124506.35 -155764 15061.2 -170825 3135.1231 1.0031094
0.792 291.12084 234.1509 124184.29 -155926 15154.9 -171081 3134.5739 1.0057109
0.793 290.60318 -241.72616 124581.78 -156043 15127.9 -171171 3143.6977 1.0025021
0.794 291.49898 -119.26752 124849.82 -156046 15174.5 -171221 3150.2337 1.0003498
0.795 291.87538 -532.1102 125103.87 -156047 15194.1 -171241 3157.6217 0.99831834
0.796 289.19225 161.47923 124615.86 -156216 15054.5 -171270 3148.8689 1.0022279
0.797 287.22692 91.848322 124554.86 -156063 14952.1 -171015 3148.6707 1.0027187
0.798 286.9432 19.473633 124809.21 -155774 14937.4 -170712 3157.3419 1.0006753
0.799 290.12627 -8.107827 125122.82 -155747 15103.1 -170850 3161.7563 0.99816716
0.8 293.26922 -227.90994 125454.01 -155863 15266.7 -171130 3168.3339 0.99553209
0.801 292.87573 163.84437 125569.39 -155968 15246.2 -171214 3170.8107 0.99461734
0.802 291.40795 215.38302 125543.95 -156084 15169.8 -171254 3174.0232 0.99481885
0.803 284.89881 63.300402 125664.66 -156219 14831 -171050 3178.8551 0.99386328
0.804 289.55014 71.956214 125727.12 -156126 15073.1 -171199 3182.1061 0.99336957
0.805 286.96474 23.260618 125397.48 -156280 14938.5 -171218 3175.7983 0.99598084
0.806 289.06792 346.674 124855.27 -156276 15048 -171324 3170.0682 1.0003061
0.807 289.26555 401.00721 124487.12 -156323 15058.3 -171382 3165.6187 1.0032643
0.808 288.01065 251.77919 124716.89 -156346 14992.9 -171339 3171.7119 1.001416
0.809 290.87375 -193.1363 125044.42 -156281 15142 -171423 3178.1673 0.998793
0.81 288.61474 180.41531 124971.15 -156238 15024.4 -171263 3179.0684 0.99937857
0.811 292.92589 52.662231 124821.79 -156306 15248.8 -171555 3178.5436 1.0005744
0.812 282.95463 94.852874 125062.91 -156394 14729.7 -171124 3185.4351 0.99864536
0.813 290.43595 27.122055 125352.85 -156342 15119.2 -171462 3191.037 0.99633546
0.814 288.45808 -56.087451 124974.95 -156195 15016.2 -171212 3186.537 0.99934817
0.815 294.00344 144.94799 124523.3 -155879 15304.9 -171184 3184.2249 1.0029728
0.816 290.20433 -68.087463 124659.98 -155732 15107.1 -170839 3189.0119 1.0018732
0.817 294.6225 -143.09588 124709.8 -155704 15337.1 -171041 3194.1167 1.0014729
0.818 291.26773 -42.976189 124583.59 -155429 15162.5 -170592 3194.2429 1.0024875
0.819 290.7328 633.31302 124711.46 -155474 15134.7 -170609 3199.8991 1.0014596
0.82 294.65509 -292.92364 125308.41 -155413 15338.8 -170751 3215.243 0.99668882
0.821 289.83074 440.35324 125372.8 -155436 15087.7 -170524 3218.0457 0.99617696
0.822 294.2021 271.92122 125292.25 -155513 15315.3 -170828 3218.0726 0.99681739
0.823 290.43026 137.7566 124851.96 -155594 15118.9 -170713 3213.6132 1.0003326
0.824 286.01591 270.55513 124675.07 -155602 14889.1 -170491 3214.8205 1.0017519
0.825 291.83451 471.09036 124791.91 -155556 15192 -170748 3217.9807 1.000814
0.826 294.46728 -308.18503 125315.01 -155424 15329.1 -170753 3232.2191 0.99663635
0.827 290.76196 -27.122475 125414.06 -155595 15136.2 -170731 3235.6986 0.99584923
0.828 285.57237 -229.34592 125149.53 -155831 14866 -170697 3232.7658 0.99795411
0.829 294.43631 487.47449 124751.93 -155827 15327.4 -171154 3225.5924 1.0011347
0.83 288.7262 300.3492 124697.62 -155983 15030.2 -171014 3225.8036 1.0015708
0.831 287.7253 -199.53477 125252.14 -155966 14978.1 -170944 3239.103 0.99713656
0.832 290.93994 -272.41984 125567.09 -156066 15145.4 -171212 3246.9851 0.99463555
0.833 289.17692 211.32045 125792.61 -155831 15053.7 -170885 3253.1242 0.99285235
0.834 291.01072 -21.83662 125671.02 -155888 15149.1 -171037 3256.1555 0.99381295
0.835 294.06163 175.7198 125549.81 -155762 15307.9 -171070 3256.479 0.99477242
0.836 292.50167 184.59135 125777.24 -155767 15226.7 -170994 3265.516 0.99297371
0.837 291.81977 -217.40597 126278.83 -155877 15191.2 -171068 3276.1653 0.98902954
0.838 291.2399 -263.66681 126215.36 -155850 15161.1 -171011 3277.4232 0.98952686
0.839 291.08541 443.0139 125634.11 -156052 15153 -171205 3269.4464 0.99410493
0.84 287.5432 -149.11719 125137.38 -155969 14968.6 -170937 3263.3921 0.99805102
0.841 288.58807 130.64525 124981.37 -156040 15023 -171063 3263.5424 0.99929683
0.842 289.34252 119.92194 125159.16 -155848 15062.3 -170910 3272.278 0.99787736
0.843 284.70515 -203.83449 125420.04 -155927 14820.9 -170748 3279.1423 0.9958017
0.844 291.3214 396.36249 125083.88 -155755 15165.3 -170921 3274.6168 0.9984779
0.845 286.59689 -18.616866 125264.14 -155653 14919.3 -170573 3281.3199 0.99704107
0.846 290.44637 -620.97969 125735.8 -155648 15119.7 -170768 3289.8302 0.99330096
0.847 289.99668 0.61204208 125040.54 -155676 15096.3 -170772 3279.7383 0.99882402
0.848 294.76747 802.22462 124747.39 -155621 15344.7 -170966 3279.4988 1.0011712
0.849 293.06299 -354.40371 125012.31 -155477 15256 -170733 3286.5601 0.99904953
0.85 293.54003 177.00924 124859.02 -155422 15280.8 -170703 3287.479 1.0002761
0.851 296.28489 411.46293 125007.93 -155437 15423.7 -170860 3294.0068 0.99908453
0.852 291.23138 138.06892 125198.2 -155467 15160.6 -170628 3299.0827 0.99756619
0.853 295.76553 -406.69937 125403.39 -155462 15396.6 -170859 3306.0618 0.99593391
0.854 291.42589 455.48121 125062.02 -155523 15170.7 -170694 3301.9583 0.99865242
0.855 296.26548 89.578798 125146.84 -155323 15422.7 -170746 3302.6817 0.99797559
0.856 292.07691 316.79813 125248.11 -155313 15204.6 -170518 3305.9622 0.99716865
0.857 289.0137 161.38064 125235.87 -155609 15045.2 -170654 3309.2362 0.99726615
0.858 293.61219 -33.139941 125433.7 -155615 15284.5 -170900 3316.1021 0.99569327
0.859 290.25734 -3.5910812 125559.67 -155642 15109.9 -170752 3319.7213 0.99469431
0.86 294.41033 -173.55618 125481.52 -155550 15326.1 -170876 3321.0476 0.99531386
0.861 298.31968 235.24402 125289.77 -155613 15529.6 -171142 3318.6012 0.99683712
0.862 294.40926 -240.68731 125507.36 -155441 15326 -170767 3326.2564 0.9951089
0.863 293.13111 -187.15503 125131.49 -155296 15259.5 -170556 3324.6932 0.99809801
0.864 297.33944 576.34412 124270.84 -155025 15478.6 -170504 3310.3315 1.0050104
0.865 296.59089 506.97363 124385.42 -155056 15439.6 -170495 3316.0944 1.0040847
0.866 297.10906 -285.60912 125361.18 -155130 15466.6 -170596 3334.9747 0.99626925
0.867 295.8932 -268.20045 126070.83 -155268 15403.3 -170671 3349.6064 0.99066133
0.868 298.04145 -376.30988 126162.85 -155201 15515.1 -170716 3355.8034 0.9899387
0.869 295.43633 53.995156 125580.42 -155307 15379.5 -170686 3352.5563 0.99452995
0.87 299.79659 445.21162 125317.03 -155416 15606.5 -171023 3349.7131 0.99662023
0.871 300.27335 -166.34495 125535.66 -155536 15631.3 -171167 3353.8516 0.99488459
0.872 291.77292 151.68646 125022.62 -155765 15188.8 -170954 3349.1479 0.99896716
0.873 289.57836 466.15777 124385.85 -155849 15074.6 -170923 3341.0168 1.0040811
0.874 289.5751 109.17172 124344.79 -155953 15074.4 -171028 3341.6574 1.0044128
0.875 287.63092 193.44967 124718.94 -155890 14973.2 -170863 3353.2446 1.0013995
0.876 284.42796 -84.337351 125156.73 -156076 14806.4 -170882 3363.4068 0.99789675
0.877 294.6679 119.86376 125067.71 -155960 15339.5 -171300 3363.0784 0.99860704
0.878 289.6162 62.112868 124584.18 -155972 15076.5 -171048 3357.5496 1.0024827
0.879 287.89516 562.25482 124441.57 -155930 14986.9 -170917 3354.9084 1.0036316
0.88 286.40314 -246.36965 125111.1 -155954 14909.3 -170864 3369.7434 0.99826069
0.881 288.67634 -25.124129 125712.64 -155880 15027.6 -170908 3384.204 0.99348392
0.882 286.19423 -31.68398 126064.97 -155803 14898.4 -170701 3391.6161 0.99070733
0.883 293.48035 -3.3847912 125807.75 -155912 15277.7 -171190 3389.8579 0.99273291
0.884 291.69493 149.48096 125175.38 -156053 15184.7 -171238 3381.88 0.99774805
0.885 288.47583 -71.691756 124695.72 -155974 15017.2 -170991 3375.8506 1.0015861
0.886 297.27957 205.59767 124731.35 -155861 15475.5 -171336 3379.1312 1.0012999
0.887 286.55335 20.124497 125089.2 -156017 14917.1 -170935 3386.0683 0.99843545
0.888 288.60112 30.433648 125162.24 -156109 15023.7 -171133 3386.4551 0.99785278
0.889 289.87149 385.95557 124969.43 -156014 15089.8 -171104 3384.9409 0.99939231
0.89 290.05673 -391.2156 125349.46 -156112 15099.5 -171211 3395.5683 0.99636242
0.891 290.43222 -73.031078 125389.42 -156152 15119 -171271 3398.5217 0.99604492
0.892 295.7987 213.97725 125270.04 -155950 15398.4 -171349 3398.988 0.99699409
0.893 290.2273 292.50055 125365.62 -155959 15108.3 -171068 3401.944 0.996234
0.894 287.72078 -254.2792 125636.7 -156004 14977.9 -170982 3406.0022 0.99408446
0.895 288.92607 -164.39344 125523.91 -155855 15040.6 -170896 3406.1052 0.99497773
0.896 288.67228 176.89145 125245.48 -155837 15027.4 -170864 3406.1272 0.99718959
0.897 292.18249 94.83013 124887.72 -155883 15210.1 -171093 3400.8327 1.0000462
0.898 294.90845 260.99067 124621.39 -155691 15352 -171043 3401.9842 1.0021834
0.899 292.82923 392.55125 124541.96 -155628 15243.8 -170871 3403.4043 1.0028226
0.9 294.73402 -65.643753 124643.73 -155594 15342.9 -170937 3407.7109 1.0020038
0.901 291.49009 700.20474 124803.8 -155757 15174.1 -170931 3412.5477 1.0007187
0.902 291.55626 -375.42677 125096.24 -155650 15177.5 -170828 3419.4591 0.99837925
0.903 293.40116 462.45826 124618.5 -155799 15273.6 -171072 3411.725 1.0022066
0.904 289.15796 59.538561 124564.43 -155937 15052.7 -170989 3409.0275 1.0026417
0.905 285.33672 -186.09831 124988.71 -155865 14853.7 -170719 3417.8847 0.99923818
0.906 289.20234 -616.77333 125221.62 -155835 15055 -170890 3424.8353 0.99737965
0.907 290.11594 156.16225 124944.05 -155937 15102.5 -171040 3421.815 0.99959536
0.908 289.93391 371.02193 124559.31 -156031 15093.1 -171124 3416.2954 1.0026829
0.909 288.02473 56.817076 124389.19 -155936 14993.7 -170930 3414.9516 1.0040542
0.91 286.62987 17.961567 124631.86 -156129 14921.1 -171050 3424.6544 1.0020992
0.911 294.20275 181.57115 124997.8 -156066 15315.3 -171381 3431.7922 0.99916555
0.912 292.38746 -493.15932 125325.3 -156101 15220.8 -171322 3442.6977 0.99655446
0.913 287.25441 -252.65989 125404.69 -156003 14953.6 -170957 3446.0183 0.99592358
0.914 289.78016 -149.12794 125810.97 -155970 15085.1 -171055 3456.1571 0.99270746
0.915 289.77452 -240.99369 125811.55 -156129 15084.8 -171213 3457.9508 0.99270287
0.916 289.61776 8.3626429 125612.61 -156212 15076.6 -171289 3457.8355 0.99427508
0.917 290.93427 381.67973 125356.5 -156188 15145.1 -171333 3454.3951 0.99630644
0.918 285.67328 36.877183 125432.7 -156241 14871.3 -171113 3459.5726 0.99570123
0.919 289.82184 -357.86285 125319.89 -156398 15087.2 -171485 3458.8786 0.9965975
0.92 291.93502 243.03607 125106.3 -156477 15197.2 -171674 3454.2788 0.99829899
0.921 289.35156 -41.048415 125083.47 -156431 15062.7 -171494 3457.6385 0.99848119
0.922 287.60525 -145.89434 125227.31 -156324 14971.8 -171296 3465.0308 0.99733431
0.923 293.89869 -208.40341 125406.7 -156326 15299.5 -171625 3469.7741 0.99590768
0.924 290.70439 -256.15829 125473.05 -156031 15133.2 -171164 3475.321 0.99538102
0.925 289.09991 78.712443 125021.52 -156036 15049.6 -171086 3466.0448 0.99897597
0.926 285.89292 652.98895 124695.23 -156175 14882.7 -171057 3460.579 1.00159
0.927 286.53003 -147.06903 125205.94 -156146 14915.9 -171062 3472.2938 0.99750454
0.928 283.06604 263.59164 125330.22 -156164 14735.5 -170900 3476.1853 0.99651538
0.929 287.88407 -66.607389 125251.49 -156251 14986.4 -171237 3478.4598 0.99714175
0.93 288.49639 39.904441 124997.35 -156265 15018.2 -171283 3476.7655 0.99916912
0.931 281.42252 -352.36415 125075.84 -156487 14650 -171137 3482.4506 0.99854207
0.932 286.04357 -53.275904 124962.17 -156524 14890.5 -171415 3483.1584 0.99945036
0.933 285.23098 125.37371 124919.91 -156474 14848.2 -171322 3487.1731 0.99978851
0.934 286.28946 -438.17244 125354.62 -156479 14903.3 -171382 3495.4865 0.99632138
0.935 288.86271 -6.963414 125320.96 -156357 15037.3 -171394 3497.142 0.996589
0.936 285.19629 -169.81331 125324.95 -156275 14846.4 -171121 3501.787 0.99655729
0.937 286.48932 -251.17993 125274.63 -156441 14913.8 -171355 3502.6824 0.99695755
0.938 285.27351 -283.04881 125275.78 -156299 14850.5 -171149 3505.3417 0.99694841
0.939 290.21464 -85.295778 125343.74 -156180 15107.7 -171288 3510.8941 0.99640792
0.94 291.43167 -143.88235 125273.94 -156260 15171 -171431 3512.631 0.99696304
0.941 291.74422 20.027264 125176.53 -156122 15187.3 -171310 3512.9765 0.99773889
0.942 289.21431 -157.55065 125319.43 -155966 15055.6 -171021 3516.2252 0.99660119
0.943 288.88728 36.137948 124883.24 -155979 15038.6 -171018 3509.257 1.0000821
0.944 289.30713 263.21385 124643.06 -155978 15060.4 -171038 3507.7318 1.0020092
0.945 287.99742 -76.711011 125218.63 -156066 14992.3 -171059 3518.5058 0.99740346
0.946 285.17087 -561.31233 125746.07 -156373 14845.1 -171218 3529.7424 0.99321987
0.947 287.64415 100.77941 125393.48 -156335 14973.9 -171309 3523.3716 0.99601263
0.948 285.74006 -240.09162 124984.55 -156358 14874.7 -171233 3519.4593 0.99927142
0.949 286.62989 326.36823 124536.22 -156307 14921.1 -171228 3513.7421 1.0028688
0.95 294.22935 12.5934 124562.26 -156328 15316.7 -171644 3517.1616 1.0026592
0.951 281.50907 73.586866 124872.23 -156402 14654.5 -171057 3526.0463 1.0001703
0.952 284.57806 166.28313 125257.16 -156390 14814.3 -171204 3535.7563 0.99709661
0.953 280.69758 -242.15385 125310.36 -156368 14612.2 -170980 3540.3237 0.99667333
0.954 280.01839 -475.16484 124799.92 -156510 14576.9 -171087 3534.1269 1.0007498
0.955 286.33554 16.913903 124522.05 -156614 14905.7 -171520 3531.5023 1.002983
0.956 285.29023 -349.01128 124894.71 -156686 14851.3 -171537 3542.6202 0.99999028
0.957 288.96383 135.20735 125191.34 -156668 15042.6 -171711 3549.2896 0.99762087
0.958 282.61616 91.366089 125498.31 -156662 14712.1 -171374 3557.6648 0.99518066
0.959 284.29123 -95.425942 125188.31 -156563 14799.3 -171362 3551.4893 0.99764499
0.96 293.59729 325.35196 124886.42 -156506 15283.8 -171790 3546.5955 1.0000566
0.961 285.25307 -186.14908 125091.72 -156464 14849.4 -171313 3551.3209 0.99841535
0.962 284.73436 -101.98911 125292.36 -156331 14822.4 -171153 3559.9522 0.99681653
0.963 286.34254 121.40813 125380.82 -156210 14906.1 -171116 3561.2986 0.99611323
0.964 287.12819 -268.77326 125409.28 -156204 14947 -171151 3562.1233 0.99588714
0.965 285.27025 66.025712 124848.34 -156319 14850.3 -171170 3553.6678 1.0003616
0.966 290.8033 655.23217 124343.14 -156211 15138.3 -171349 3542.5458 1.0044261
0.967 289.40428 104.05282 124824.78 -156022 15065.5 -171087 3553.6403 1.0005505
0.968 287.09977 -132.10612 125447.75 -155979 14945.5 -170925 3566.9911 0.99558174
0.969 293.23617 -402.22383 125837.87 -156011 15265 -171276 3578.2484 0.99249524
0.97 292.10296 27.008862 125529.81 -155947 15206 -171153 3576.5762 0.99493096
0.971 293.53173 -258.35068 125003.69 -155973 15280.4 -171253 3568.1327 0.99911844
0.972 294.75005 546.67997 124576.57 -156028 15343.8 -171371 3562.8796 1.002544
0.973 289.36174 -91.636738 124923.95 -155958 15063.3 -171021 3572.2603 0.99975618
0.974 282.13345 -407.91788 125318.98 -155973 14687 -170660 3585.1548 0.99660472
0.975 284.37995 87.054204 125449.42 -155987 14803.9 -170791 3589.4798 0.99556846
0.976 291.71185 124.76165 125418.04 -155928 15185.6 -171114 3590.1049 0.99581756
0.977 284.27751 110.15821 125433.64 -156118 14798.6 -170917 3594.644 0.99569376
0.978 286.85213 186.69287 125368.35 -155975 14932.6 -170907 3592.6258 0.99621232
0.979 292.31938 -455.76368 125410.19 -156015 15217.2 -171232 3597.0169 0.99587994
0.98 281.81986 184.39803 125241.08 -156097 14670.7 -170768 3595.348 0.9972246
0.981 289.54424 295.72266 124935.02 -155954 15072.8 -171027 3593.892 0.99966757
0.982 291.29745 -116.10781 124859.91 -155990 15164 -171154 3595.5403 1.0002689
0.983 287.63038 218.03156 124916.56 -155834 14973.2 -170807 3599.9113 0.99981534
0.984 291.37551 87.293247 125027.29 -155723 15168.1 -170892 3603.6746 0.99892984
0.985 292.26606 -384.99405 125586.26 -155570 15214.5 -170785 3614.9358 0.99448374
0.986 291.26317 -375.8495 125778.39 -155625 15162.3 -170788 3623.1279 0.99296462
0.987 291.52345 266.91563 125177.99 -155616 15175.8 -170792 3614.0759 0.99772726
0.988 300.01733 261.8602 124882.63 -155437 15618 -171055 3612.1882 1.000087
0.989 293.14496 -200.9944 124800.21 -155645 15260.2 -170905 3613.1677 1.0007474
0.99 289.78318 -132.69588 124678.78 -155529 15085.2 -170615 3614.6105 1.0017221
0.991 287.93208 -125.71242 124735.26 -155743 14988.9 -170732 3618.7832 1.0012686
0.992 292.25148 -95.710088 124926.74 -155723 15213.7 -170937 3625.8545 0.99973384
0.993 287.91284 -486.89786 125144.8 -155986 14987.9 -170974 3631.4461 0.99799189
0.994 292.73978 312.49177 125027.66 -156055 15239.1 -171294 3632.5314 0.99892685
0.995 288.58091 145.73828 124877.36 -155893 15022.6 -170915 3633.9762 1.0001292
0.996 286.60804 -63.335939 124899.79 -156154 14919.9 -171074 3635.8283 0.99994959
0.997 294.02291 -293.32802 124888.44 -156147 15305.9 -171453 3634.597 1.0000405
0.998 288.97605 384.59969 124330.52 -156053 15043.2 -171096 3626.9315 1.004528
0.999 289.72448 36.865374 124158.31 -156137 15082.2 -171219 3626.0967 1.0059213
