94000    228.75808   -646.55159    134495.31   -40779.903    2846.1854   -43626.089    125.18032   0.92860854 
96000    229.87012   -809.83136    134181.68   -40841.213    2860.0213   -43701.235    125.90637   0.93077902 
98000    226.92946   -670.23144    134269.63   -40876.132     2823.434   -43699.566     126.8131   0.93016931 
100000    225.64086   -887.64687    134515.61   -40955.465    2807.4012   -43762.867     126.9769   0.92846837 
102000    221.43167   -784.03726    134986.47   -40984.322    2755.0309   -43739.353    128.80518   0.92522969 
104000    226.86552   -840.26644    134660.96    -40896.91    2822.6384   -43719.549    129.01205   0.92746618 
106000    226.49508   -520.08068    134826.93   -40982.506    2818.0293   -43800.535     130.4506   0.92632452 
108000    224.18141   -778.23523     134706.4   -40992.397    2789.2429    -43781.64    131.71835   0.92715334 
110000    222.67469   -882.86165    134345.84   -40984.749    2770.4964   -43755.246    132.43222   0.92964168 
112000    222.54091   -611.46694    134416.89   -41090.162    2768.8321   -43858.994    133.13397   0.92915027 
114000    222.29485   -678.31307    134864.59   -41103.444    2765.7705   -43869.214    134.51674   0.92606585 
116000    225.48456   -548.07896    134175.87   -40977.932    2805.4566   -43783.388    134.76002    0.9308193 
118000    224.54949   -427.50927    134646.14    -40928.69    2793.8226   -43722.512    136.37729   0.92756833 
120000    224.72353   -776.59025    134579.87    -41034.11    2795.9879   -43830.098    137.38181   0.92802506 
122000    223.82672   -762.01782    134535.82   -40978.064      2784.83   -43762.894     138.2954   0.92832894 
124000    225.14802   -832.55652    134638.36   -40971.398    2801.2694   -43772.668    139.91147   0.92762187 
126000    226.91175   -644.62124    133934.76   -40983.171    2823.2135   -43806.385     140.4979   0.93249494 
128000    222.08321   -633.19064    134018.03   -41025.995    2763.1374   -43789.132    142.01924   0.93191559 
130000    223.37977   -660.13691    134381.63    -40940.77    2779.2691   -43720.039    143.40771   0.92939406 
132000    231.61796   -970.86018     134719.1   -40906.804    2881.7678   -43788.572    144.12291   0.92706596 
134000    228.88938   -612.75736    134356.05   -40880.565    2847.8191   -43728.384    145.04508   0.92957105 
136000     229.9324   -539.22687    134261.14   -40874.615    2860.7961   -43735.411    146.25235   0.93022815 
138000    223.75061   -964.30713     134506.2   -40823.696     2783.883   -43607.579    147.06742   0.92853333 
140000    224.47583   -609.60188    134183.81   -40775.306    2792.9061   -43568.212    148.61835   0.93076423 
142000    223.41557    -863.2981    134475.17   -40905.023    2779.7144   -43684.737    149.74186    0.9287476 
144000    226.11882   -888.94317    134386.54   -40945.479     2813.348   -43758.827    150.43028   0.92936012 
146000     228.2539   -315.62487    133844.58   -40919.664    2839.9125   -43759.577    151.09207   0.93312323 
148000    221.83733   -579.69345     133658.1   -40919.203    2760.0781   -43679.281    152.85264   0.93442516 
150000    225.14016   -721.02696    133679.06   -40962.305    2801.1717   -43763.476    153.70526   0.93427865 
152000    226.23394    -602.2641    134113.79   -40899.602    2814.7803   -43714.382    155.21808   0.93125017 
154000    230.23476   -567.42503     134153.6    -40813.04    2864.5581   -43677.598    155.99149   0.93097383 
156000      224.754   -159.42689    133233.87   -40835.915     2796.367   -43632.282     156.5333   0.93740049 
158000    223.99717   -387.32178    133607.78    -40850.76    2786.9506   -43637.711    158.29791   0.93477707 
160000    223.51459   -776.19513    134279.41   -40866.358    2780.9465   -43647.305    159.73215   0.93010158 
162000    227.22229   -580.01374    133938.96   -40916.028    2827.0773   -43743.105    159.86203   0.93246571 
164000    226.54889   -369.80591    134265.22   -40762.981     2818.699    -43581.68    161.62708   0.93019985 
166000    224.18039   -1019.1398     134544.1   -40872.534    2789.2303   -43661.765    162.31978   0.92827178 
168000    226.07773    -453.4789    133799.88   -40856.958    2812.8367   -43669.795    163.49284   0.93343501 
170000    231.10238   -617.35361    133993.74   -40736.598    2875.3529   -43611.951    164.72837   0.93208455 
172000    227.08363    -511.4267    133515.88   -40779.536     2825.352   -43604.888    165.40584   0.93542048 
174000    224.76338   -557.18245    133461.99   -40720.881    2796.4837   -43517.365    166.57625   0.93579818 
176000    225.20601   -561.00661    133732.64   -40811.138    2801.9909   -43613.129    168.65773   0.93390431 
178000    224.43129   -814.65479    134049.79   -40824.988    2792.3519    -43617.34    170.50845   0.93169478 
180000    231.47025   -665.97284    134331.29   -40736.936      2879.93   -43616.866    171.72939   0.92974238 
182000    223.65038   -787.61929    133954.96   -40816.732     2782.636   -43599.368    172.42986   0.93235438 
184000    221.48714   -172.58343    133150.85   -40875.442    2755.7211   -43631.163    172.73191   0.93798494 
186000    223.50189   -944.39603    133974.51   -40838.913    2780.7885   -43619.701    174.99204    0.9322183 
188000    224.18065     -851.835    133893.91   -40845.548    2789.2335   -43634.782    176.83855   0.93277951 
190000    225.33526   -603.45244    133375.96   -40848.304     2803.599   -43651.903    177.81605   0.93640179 
192000    220.37509   -975.57296    133905.05   -40876.125     2741.885   -43618.011    180.57251   0.93270191 
194000    227.21509   -564.43227    133787.92   -40784.565    2826.9877   -43611.553     181.3323   0.93351847 
196000    220.25877   -757.68175    133894.61   -40830.638    2740.4378   -43571.076    182.87414   0.93277457 
198000    224.75603   -553.72031    133279.61   -40736.916    2796.3923   -43533.308    183.32802   0.93707876 
200000    223.86723   -610.97271     133404.9   -40835.623     2785.334   -43620.957    185.81381   0.93619868 
202000    225.56924   -822.95933    133971.15   -40783.173    2806.5102   -43589.683    188.00987   0.93224172 
204000    224.29602   -772.45677    133769.71   -40775.976    2790.6689   -43566.645    188.80758   0.93364551 
206000    227.73856    -723.5196    133832.63   -40758.907    2833.5007   -43592.408    191.56961   0.93320661 
208000    228.02553   -349.50611    133196.57   -40857.664    2837.0711   -43694.735    192.41975   0.93766294 
210000    225.41371   -755.20171    134271.02   -40906.107    2804.5751   -43710.682    194.60973   0.93015971 
212000    228.80144   -920.83957    134418.89   -40849.595    2846.7249    -43696.32    195.57205   0.92913646 
214000      227.912   -709.14528    134292.41   -40826.655    2835.6586   -43662.313    196.53488   0.93001152 
216000    220.46611   -725.69416     134238.1   -40972.175    2743.0175   -43715.192     197.3458    0.9303878 
218000    222.15292   -586.04188    134043.53   -41002.269    2764.0047   -43766.274    198.87894   0.93173831 
220000    222.01157   -528.08698    134065.27   -40996.182     2762.246   -43758.428    199.06255   0.93158723 
222000    225.91296   -791.29196    135147.41   -40930.578    2810.7867   -43741.364    200.69889   0.92412789 
224000    226.33146   -637.83073    134348.12   -40971.487    2815.9936    -43787.48     200.4013   0.92962592 
226000    220.64821   -547.20004    134066.01    -40961.98    2745.2832   -43707.263    200.66063   0.93158207 
228000    218.31653   -720.56703    133921.17   -41044.825    2716.2727   -43761.098      201.823   0.93258962 
230000    219.50286   -604.60255    134400.45    -41044.68    2731.0329   -43775.713    203.46528    0.9292639 
232000    219.67576   -674.51769    134503.27   -41041.554    2733.1841   -43774.738    204.99542   0.92855358 
234000    223.62204   -733.55331    134466.06   -41014.031    2782.2833   -43796.314    204.84558   0.92881054 
236000    218.78548   -423.35106    134122.81   -41042.261    2722.1074   -43764.368    206.32187   0.93118758 
238000    220.29775     -742.933    134202.93   -41031.265    2740.9228   -43772.188    207.22089    0.9306316 
240000    220.05047   -864.33343    134332.19   -40955.577    2737.8462   -43693.423    208.97507   0.92973617 
242000    220.38033   -883.01835    134569.96    -40938.04    2741.9503   -43679.991    210.55586    0.9280934 
244000    226.72238   -636.09696    134634.59   -40928.737    2820.8574   -43749.594    211.76888    0.9276479 
246000    218.34618   -754.97765    134160.76    -40919.22    2716.6416   -43635.861    212.14364   0.93092414 
248000    221.59722   -470.26094     133874.3   -40862.721    2757.0907   -43619.811    213.07419    0.9329161 
250000    223.73591   -796.18662    134496.76     -40895.8    2783.7001     -43679.5    214.67391    0.9285985 
252000    219.88432   -638.02966    133505.29   -40885.765    2735.7789   -43621.544    215.01694   0.93549472 
254000    226.27014   -695.34373    134183.44   -40857.333    2815.2307   -43672.564    216.53384   0.93076682 
256000    218.69014   -711.45364    134027.57   -40910.856    2720.9211   -43631.777    217.10121   0.93184928 
258000    226.74855   -499.98909    133968.63       -40818     2821.183   -43639.183    218.74656   0.93225919 
260000    224.08982   -686.54084    134174.31   -40849.448    2788.1034   -43637.551    220.20109   0.93083015 
262000    230.23069   -804.75003    134321.27   -40844.724    2864.5075   -43709.231    221.49991   0.92981173 
264000    223.23826   -306.00722     133917.4   -40861.984    2777.5084   -43639.493    222.48508   0.93261588 
266000    224.92885   -714.77241     133498.1    -40822.19    2798.5425   -43620.732    223.13649   0.93554508 
268000    226.32945   -882.43842    133841.26   -40763.031    2815.9686       -43579    224.64294   0.93314644 
270000    218.19098   -691.47593    134489.56   -40971.406    2714.7106   -43686.117    226.69173   0.92864823 
272000     218.6209   -618.73606    134378.98   -40987.621    2720.0596   -43707.681    227.34432   0.92941241 
274000    216.47604   -936.71904    134536.17   -41054.156    2693.3735   -43747.529    228.12529   0.92832651 
276000    224.88138   -367.11335    133484.13   -40862.771    2797.9519   -43660.723    227.61947   0.93564297 
278000    229.52051   -467.79689    133681.86   -40883.181    2855.6715   -43738.852    227.91355   0.93425905 
280000    227.14282   -532.75037     133408.4   -40865.456    2826.0885   -43691.545    228.60075   0.93617413 
282000    230.77039   -799.60891    134476.87    -40817.59    2871.2224   -43688.812    231.20033   0.92873588 
284000      227.714   -1002.7283    134887.03   -40905.517    2833.1951   -43738.712    233.05294    0.9259118 
286000     221.5373   -851.61351    134434.96   -40904.156    2756.3452   -43660.501    233.86731   0.92902537 
288000    222.22855   -464.60091    134075.59   -40881.657    2764.9456   -43646.602    234.98456   0.93151547 
290000    226.46241   -763.82219    134112.95   -40918.667    2817.6229    -43736.29    236.01106   0.93125603 
292000    228.37237   -936.02276    134232.55   -40970.803    2841.3865    -43812.19    237.44662   0.93042626 
294000    222.90903   -756.68298    134444.92   -41031.057    2773.4121   -43804.469    238.24584   0.92895656 
296000    224.46741   -618.38361    134529.34   -40990.624    2792.8013   -43783.425    239.77955   0.92837363 
298000    223.73429   -739.39857    134352.51   -40986.118    2783.6799   -43769.798    240.67833   0.92959555 
300000    221.47592   -826.04845    134290.87   -41028.216    2755.5815   -43783.797      240.954   0.93002222 
302000    225.55781   -595.40437    134419.19   -41052.199     2806.368   -43858.567    241.93165   0.92913437 
304000    226.74792   -564.50977    134427.64   -41016.388    2821.1752   -43837.563    242.65114   0.92907601 
306000    225.68146   -491.16263    134417.19   -41014.715    2807.9064   -43822.621    243.75179   0.92914822 
308000    227.43775   -670.02699    134630.26   -41145.643    2829.7579   -43975.401    244.83952   0.92767768 
310000    221.69263    -774.2759    134869.43   -41162.301    2758.2777   -43920.579    245.25565   0.92603264 
312000    220.42821   -707.66882    134749.57   -41144.104    2742.5459    -43886.65    246.43262   0.92685633 
314000    224.08688    -618.7706    134556.27   -41156.303    2788.0669    -43944.37    246.53822    0.9281878 
316000    228.67921   -610.09883    134296.12   -41136.268    2845.2041   -43981.472    247.47452   0.92998583 
318000    220.73454    -577.2266    134454.14   -41189.206    2746.3573   -43935.563      247.936    0.9288929 
320000    223.93316   -857.26771    134589.71    -41164.68    2786.1542   -43950.834    248.43625   0.92795723 
322000    224.94112   -1032.5314    134788.81   -41004.902    2798.6952   -43803.597    249.14109   0.92658649 
324000    227.04667   -646.26537    134480.69   -40992.307    2824.8922     -43817.2    250.23464   0.92870947 
326000    219.51787   -627.85791    134156.64   -41034.086    2731.2196   -43765.305    251.07269   0.93095271 
328000      218.924   -708.19501    134129.25   -41171.239    2723.8308    -43895.07    252.38517   0.93114283 
330000    224.90042   -902.66853     134931.5   -41011.266    2798.1888   -43809.455    254.18513   0.92560661 
332000    223.67666   -910.29896     134640.5   -40995.439    2782.9629   -43778.402    254.78581   0.92760715 
334000    223.75745   -1028.0178    134880.81   -41000.389    2783.9681   -43784.357    255.66956   0.92595452 
336000    222.27008   -697.33976    134642.88   -41079.717    2765.4623    -43845.18    256.05525   0.92759074 
338000    226.80871   -714.91536    134639.94   -41100.987    2821.9315   -43922.918    257.32455   0.92761103 
340000    218.58846   -542.62403    134542.66    -41174.09     2719.656   -43893.746    258.21603   0.92828169 
342000    228.43131   -621.50863    134856.46   -41046.372    2842.1198   -43888.491     259.6662   0.92612167 
344000     222.1994    -867.2214    134953.59   -41023.765     2764.583   -43788.348    260.79327   0.92545512 
346000    224.97334   -519.46667     134529.7   -41062.759     2799.096   -43861.855    261.11687   0.92837117 
348000     225.8888   -462.78103    134667.43   -41159.882    2810.4861   -43970.368    261.74099   0.92742163 
350000    229.95764   -659.66644    135153.94   -40998.215    2861.1102   -43859.325    263.73111   0.92408321 
352000    231.77567   -513.87548    134540.22   -40987.509      2883.73   -43871.239    264.58089   0.92829852 
354000    229.42741   -476.41624    134391.73   -40966.245    2854.5132   -43820.758     264.9146   0.92932423 
356000    224.32935   -847.00838    134499.29   -41041.447    2791.0836   -43832.531    266.05544   0.92858105 
358000    228.11038   -698.92457    134747.17   -41051.486    2838.1269   -43889.612    266.99544   0.92687287 
360000    226.30671   -669.62073     134668.6    -40985.86    2815.6857   -43801.546    267.68011    0.9274136 
362000    221.68381   -996.57454     134622.7   -41052.556    2758.1681   -43810.724     268.2992   0.92772982 
364000    224.58401   -754.76624    134799.62    -41020.02    2794.2521   -43814.272    268.82071   0.92651221 
366000    225.39821   -490.69668    133894.78   -40990.251    2804.3822   -43794.633     268.6941   0.93277342 
368000    224.26119   -591.89542    133896.74   -41043.463    2790.2355   -43833.698    269.58881   0.93275977 
370000    223.69067   -383.12178    134114.43   -41024.133    2783.1372    -43807.27    271.07939   0.93124576 
372000    225.55806   -573.25882    134418.34   -40968.898    2806.3711   -43775.269    272.18723   0.92914026 
374000    223.29099   -554.95379    134163.34   -41038.249    2778.1644   -43816.413    273.52287   0.93090626 
376000    225.35616   -632.33898     134784.5   -41050.989     2803.859   -43854.848    275.15347   0.92661616 
378000    229.08152   -699.44763    134457.07   -40969.443    2850.2096   -43819.653    275.18699    0.9288726 
380000    222.89792   -816.95684    134514.35   -41001.067    2773.2739   -43774.341    276.01417   0.92847705 
382000    226.89444   -601.18094    134240.32   -40894.983    2822.9982   -43717.981    276.52298   0.93037244 
384000    224.60611   -659.24747    134863.53    -40972.49     2794.527   -43767.017    279.15636   0.92607312 
386000    229.25523   -991.34749    135218.97   -40935.162    2852.3709   -43787.533    280.09081   0.92363882 
388000    226.22042   -775.94925    135316.67   -41095.561    2814.6121   -43910.173    280.61993   0.92297196 
390000    222.09242   -425.88207    134558.83   -41173.093    2763.2519   -43936.344    280.41642   0.92817013 
392000    218.81987   -809.22477     134640.1   -41192.745    2722.5352    -43915.28    281.91143   0.92760989 
394000    225.62106   -530.33473     134496.2   -41116.724    2807.1549   -43923.879    282.34772    0.9286024 
396000    222.75712   -765.45095    134834.47   -41106.585     2771.522   -43878.107    283.52353   0.92627269 
398000    221.29021   -599.56609    134543.35   -41126.988     2753.271   -43880.259    283.36998   0.92827697 
400000    225.87514   -942.89802    135330.61   -41066.749    2810.3161   -43877.065     285.4385    0.9228769 
402000    226.43811   -776.82042    134976.93   -41099.559    2817.3206    -43916.88    285.46408   0.92529511 
404000    224.77208   -539.04137    134607.05   -41091.967     2796.592   -43888.559    285.35263   0.92783764 
406000    227.25634   -699.61842    135002.77   -41013.828    2827.5009   -43841.329    286.38828     0.925118 
408000    227.51509   -532.11211       134560   -40953.782    2830.7203   -43784.502     286.1406   0.92816208 
410000    226.70936   -602.22481    134765.77   -41055.559    2820.6954   -43876.254    287.16255    0.9267449 
412000    225.24934   -423.18811    134402.69   -41056.618      2802.53   -43859.148    287.09839   0.92924842 
414000    225.65088   -784.66851    134518.32   -41091.384    2807.5259    -43898.91    287.83386   0.92844966 
416000    222.53203   -544.17352    134154.64    -41098.25    2768.7215   -43866.972    287.69998   0.93096663 
418000    224.82915   -835.88789     134413.1   -40995.054     2797.302   -43792.356    288.76299   0.92917649 
420000    224.26519   -837.10705    134473.69   -40934.993    2790.2853   -43725.278    289.90597   0.92875779 
422000    222.93314     -442.096    134088.73   -41019.165    2773.7121   -43792.878    289.69521   0.93142423 
424000    225.41049   -611.14235    134279.75   -40992.129     2804.535   -43796.664    290.74497    0.9300992 
426000    224.80632    -654.6648    134388.89   -41047.092     2797.018    -43844.11    291.17894    0.9293439 
428000    222.56341   -836.17402    134524.68   -41053.633    2769.1119   -43822.745    292.33913    0.9284058 
430000    231.57502   -620.69722    134272.05   -41039.785    2881.2335   -43921.018    293.64419   0.93015253 
432000    222.37662   -469.99969     134082.7   -40906.594    2766.7879   -43673.381    294.63336   0.93146611 
434000    229.26874   -629.63242    134096.77    -40935.82     2852.539   -43788.359    295.16164   0.93136838 
436000    222.75645   -663.43649    134383.35   -40994.768    2771.5138   -43766.281    296.15508   0.92938222 
438000     225.4244   -409.80758     134118.5   -40979.035     2804.708   -43783.743    297.02586   0.93121748 
440000    225.27143   -645.50228    134125.33   -40930.374    2802.8049   -43733.179    298.60469   0.93117007 
442000    223.41859   -805.22238    134250.81   -40966.873     2779.752   -43746.625    299.61293   0.93029974 
444000    224.38694   -661.31698    134236.32   -40951.893    2791.8001   -43743.693    300.94898   0.93040011 
446000    226.89792   -693.68578    134266.34   -40930.071    2823.0415   -43753.112    301.79646   0.93019209 
448000    222.42228      -580.26    134722.05   -40972.643     2767.356   -43739.999    303.81288   0.92704565 
450000    227.99883   -884.08199    135119.76    -40910.84    2836.7388   -43747.579    304.88739     0.924317 
452000    226.61279   -847.99399    134905.48   -40923.055     2819.494   -43742.549    306.07257   0.92578514 
454000    222.87621    -884.5116    134993.01   -40914.217    2773.0038   -43687.221    307.45648   0.92518484 
456000    225.08923   -684.33813    134385.75   -40907.077     2800.538   -43707.615    306.78912   0.92936556 
458000    228.85952   -807.99867    134493.87   -40955.665    2847.4476   -43803.113    308.71867   0.92861847 
460000    226.55534    -573.4593    134218.37   -40915.861    2818.7792    -43734.64    308.84511   0.93052455 
462000    225.07445   -740.58275    134391.79   -40994.104    2800.3541   -43794.458     309.6267   0.92932379 
464000    222.81626   -595.76547    133676.04   -40941.021    2772.2578   -43713.279    309.25495   0.93429974 
466000    228.56552    -798.7741    134515.13   -40930.558    2843.7896   -43774.348    312.56926   0.92847173 
468000    226.46166   -592.94423     134521.8   -40942.756    2817.6135   -43760.369    313.52181   0.92842565 
470000    226.66946   -915.89537    134610.33   -41037.648     2820.199   -43857.847    313.86978   0.92781507 
472000    224.31989   -813.45234     134191.9   -41061.011    2790.9659   -43851.977    314.25834   0.93070814 
474000    225.07618   -818.66058    134184.76   -41005.646    2800.3756   -43806.022    315.57349   0.93075766 
476000    221.72433   -810.84263    134201.33   -40966.425    2758.6722   -43725.097    317.13331   0.93064274 
478000    222.24855   -727.19859    134382.26   -41021.567    2765.1945   -43786.762    318.28162   0.92938975 
480000    222.99184   -712.07801    134205.23   -40971.934    2774.4425   -43746.377    318.71677   0.93061568 
482000    227.40605   -627.64698    134240.36   -40945.535    2829.3636   -43774.899    320.07486   0.93037215 
484000     226.9533   -690.01063    134066.58   -41030.261    2823.7305   -43853.992    320.72855   0.93157809 
486000    223.71896   -297.73673    133669.95   -41120.547    2783.4892   -43904.036    321.49621   0.93434232 
488000    225.46695     -791.044    134750.95   -41006.967    2805.2375   -43812.204    324.10666   0.92684684 
490000    227.12693   -830.11492    134457.01   -40939.028    2825.8908   -43764.918    324.90036   0.92887304 
492000     222.7516   -768.99286    134588.65   -41003.612    2771.4534   -43775.066    326.63562    0.9279645 
494000    221.96783   -875.12311    134624.49   -41034.438    2761.7017    -43796.14    327.47763   0.92771747 
496000    223.72645   -903.27673    134032.98   -40969.796    2783.5824   -43753.378     327.1052   0.93181166 
498000    220.12819   -713.56351    134720.82   -41028.495    2738.8131   -43767.308    329.56994   0.92705409 
500000    222.49393   -983.54028    134566.72   -40992.581    2768.2475   -43760.829     330.6668   0.92811577 
502000    229.82036   -743.46127    134142.62   -40957.337    2859.4023    -43816.74     330.9131   0.93105002 
504000    224.92511   -787.80678    134388.48   -40917.206     2798.496   -43715.702    332.69909   0.92934673 
506000    225.51256   -696.79655    134378.61   -40999.617     2805.805   -43805.422    334.29812   0.92941498 
508000    223.69402   -533.20324    134339.32   -40977.457    2783.1789   -43760.636    334.93989   0.92968676 
510000    227.39024   -617.74752    134562.18   -40920.761    2829.1668   -43749.928    336.31213   0.92814703 
512000    228.29816   -900.18132    134452.15    -40950.96    2840.4631   -43791.423     337.3249   0.92890661 
514000    224.35492   -680.21651    134267.78    -40995.71    2791.4017   -43787.112    337.45881   0.93018216 
516000    224.11449   -764.64612    134858.11   -41006.742    2788.4104   -43795.152    339.97069   0.92611033 
518000    223.62516   -674.84269    134597.96   -41014.796    2782.3221   -43797.118    339.41944    0.9279003 
520000    227.11512   -471.49617    134172.33    -41036.19    2825.7439   -43861.934    339.67104   0.93084386 
522000    223.84333   -829.08083    134783.27   -41035.302    2785.0366   -43820.339    341.42149   0.92662458 
524000    224.96661   -604.73018     134823.3   -40996.922    2799.0123   -43795.934    343.21608   0.92634946 
526000    225.42983   -377.02392    134186.23   -40975.035    2804.7756    -43779.81    342.75912   0.93074744 
528000    224.43166   -552.36402    134433.87   -40895.849    2792.3566   -43688.206    344.70555   0.92903293 
530000    223.45436   -894.29507    134488.29   -41042.065     2780.197   -43822.262    345.55228   0.92865697 
532000    226.46358   -579.58879    134527.23   -40977.483    2817.6375    -43795.12    345.64423   0.92838818 
534000    227.19043   -735.05291    134967.28   -41016.601    2826.6809   -43843.282    347.85864   0.92536128 
536000    227.06095   -387.49552    134321.76    -40991.07    2825.0699    -43816.14    348.01588   0.92980835 
538000    221.76165   -592.24715    134702.05   -41085.552    2759.1366   -43844.689    349.75167   0.92718332 
540000    221.34383     -573.072    135171.28   -41019.654    2753.9381   -43773.592    351.80232   0.92396471 
542000    224.90316   -936.96999    135409.85   -41007.135    2798.2229   -43805.358    352.94347   0.92233683 
544000    223.36767   -856.44786    134932.66   -41097.255    2779.1185   -43876.373    353.23636   0.92559867 
546000    224.87528   -415.45942    134457.86    -41048.59    2797.8759   -43846.466    353.47065   0.92886718 
548000    225.17909    -882.6642     135045.4   -41041.895    2801.6559    -43843.55    355.35219   0.92482596 
550000    223.52472   -1003.1224    135020.63   -41036.835    2781.0725   -43817.908    356.19037    0.9249956 
552000    226.22699   -578.11088    134671.43   -40999.276    2814.6938    -43813.97     356.2022   0.92739411 
554000    226.78344   -876.42192    134985.23   -40962.789    2821.6172   -43784.406     358.5782    0.9252382 
556000    224.69261     -782.118    135006.92   -41090.499    2795.6032   -43886.102    358.93506   0.92508957 
558000    224.84167   -751.81143    134861.27     -41064.9    2797.4578   -43862.358    359.74448   0.92608866 
560000     229.3039    -616.7894     134356.7    -41005.57    2852.9764   -43858.547    359.25839   0.92956652 
562000    230.53977   -625.06087    134925.55   -41066.966     2868.353   -43935.319     361.1132   0.92564744 
564000    222.69843    -461.5585    134543.51   -41089.614    2770.7919   -43860.406    360.15767   0.92827584 
566000     226.2827   -558.60986    134701.23   -41068.679    2815.3869   -43884.066    361.76811   0.92718898 
568000    227.04499   -758.16942    135322.09    -41064.21    2824.8713   -43889.081     363.5827   0.92293501 
570000     230.2293   -583.30292    134983.98   -41133.975    2864.4902   -43998.465    364.05479    0.9252468 
572000    228.20689   -561.94815    135215.93    -41190.34    2839.3276   -44029.668    364.65827   0.92365959 
574000     226.3052    -662.2627    134765.29   -41068.394    2815.6669   -43884.061    365.30826   0.92674818 
576000    224.82215   -923.62644     134788.1   -41063.847    2797.2149   -43861.062     366.3789   0.92659135 
578000    222.19237   -1020.8757    135217.39   -41112.524    2764.4955   -43877.019     367.2178   0.92364963 
580000    223.84223   -769.97202    134907.15   -41094.606    2785.0229   -43879.629    367.61696   0.92577367 
582000    220.73744    -648.6913    134673.11   -41044.253    2746.3934   -43790.647    368.31552   0.92738255 
584000    222.20634   -619.81242    134294.84   -41021.372    2764.6694   -43786.041    368.53481    0.9299947 
586000    223.93975   -631.74485    134604.92   -41008.545    2786.2363   -43794.781    370.15538   0.92785236 
588000    219.45309   -516.11828    133556.54   -41003.229    2730.4136   -43733.642       368.91   0.93513572 
590000    225.63056   -592.94317     134149.5   -40981.521    2807.2731   -43788.794    370.89142   0.93100226 
592000    224.54692   -876.57627    134443.91   -40963.333    2793.7906   -43757.123    372.91543   0.92896351 
594000    223.34786   -484.50424    133919.09   -40915.609     2778.872   -43694.481    372.65882   0.93260411 
596000    224.96487   -1078.0917    134529.59   -40954.192    2798.9906   -43753.183    375.19126   0.92837191 
598000    227.20016   -429.37098    134761.63    -40934.72    2826.8019   -43761.521    376.17783   0.92677335 
600000    221.33324   -523.17365     134172.2   -41067.305    2753.8063   -43821.111    375.78224   0.93084475 
602000    220.50089   -773.87795    134449.17   -41063.038    2743.4503   -43806.488    377.86634   0.92892719 
604000    222.97677   -671.03178    134669.26   -40944.336     2774.255   -43718.591     379.6864   0.92740907 
606000    230.17644   -557.61254    134124.64   -41042.698    2863.8325    -43906.53    378.92604   0.93117488 
608000    225.24456    -821.9818    134385.13   -41100.658    2802.4706   -43903.128    379.79033   0.92936987 
610000    224.61855   -552.54498    134360.32   -41114.564    2794.6818   -43909.246    381.04425   0.92954152 
612000    227.27031    -467.1979    134389.27   -41093.127    2827.6748   -43920.802    382.21933   0.92934123 
614000    222.09974   -628.61571    134752.35    -41165.53     2763.343   -43928.873    382.89757   0.92683721 
616000    223.75258   -1050.5129    135289.65   -40932.237    2783.9074   -43716.145    383.51628   0.92315629 
618000    220.64191   -685.15793     134506.1   -41003.233    2745.2049   -43748.438    383.64866   0.92853401 
620000    226.15812   -784.27971    134208.22   -40835.065     2813.837   -43648.902     384.0784   0.93059493 
622000    223.55188    -934.3042    133926.46   -40798.921    2781.4105   -43580.332    384.50452   0.93255274 
624000    225.81699   -1166.4203    134615.27   -40824.296    2809.5927   -43633.888    387.77742   0.92778101 
626000    228.07264   -316.65632    133469.22   -40834.533    2837.6573   -43672.191    386.99472   0.93574752 
628000     223.5583   -964.38507    134109.06   -40831.945    2781.4903   -43613.435    389.02186   0.93128302 
630000    225.39883   -717.64171    134158.03   -40910.488    2804.3899   -43714.878    391.37261   0.93094309 
632000    224.22651   -696.32436     133908.6   -40942.408     2789.804   -43732.212    391.99568   0.93267716 
634000    228.04717   -599.14975    134140.97    -40892.62    2837.3403    -43729.96    393.46269   0.93106146 
636000    228.05335   -763.01352    133794.02   -40980.117    2837.4173   -43817.535    393.91249    0.9334759 
638000    217.81307   -772.87998    134264.99   -41037.978    2710.0087   -43747.986    395.99824   0.93020149 
640000    224.03847   -527.87874    133839.46   -40970.975    2787.4645   -43758.439     396.1503   0.93315895 
642000    221.75508   -452.06561    133631.74   -40978.051    2759.0548   -43737.106    396.73638   0.93460947 
644000    225.72424   -366.85434    133210.97   -40993.746    2808.4387   -43802.185    397.39196   0.93756161 
646000    222.08164   -478.80161    133825.56   -40994.078    2763.1178   -43757.196    399.29046   0.93325591 
648000    221.93404   -936.27667    134122.91   -40972.866    2761.2814   -43734.147      401.206   0.93118688 
650000    226.20982   -748.28777    134475.07   -40922.694    2814.4802   -43737.175    402.92528    0.9287483 
652000     219.9806   -464.58711    133368.06   -40915.843    2736.9769    -43652.82    401.77603   0.93645731 
654000    230.72078   -611.98893    133685.54   -40861.797    2870.6051   -43732.402     404.5177   0.93423339 
656000    222.48278   -874.51928    134016.82   -40990.287    2768.1088   -43758.396     405.2822   0.93192399 
658000    222.55112   -723.71694    134066.87   -41013.681     2768.959    -43782.64    406.02408    0.9315761 
660000     230.1472   -634.27127    134183.57   -40983.548    2863.4687   -43847.016    407.17839   0.93076587 
662000    224.13344     -553.347     134495.6   -41007.483    2788.6461   -43796.129    409.29917   0.92860652 
664000    224.90673   -695.44703    134202.49   -41050.797    2798.2673   -43849.064    409.84529   0.93063468 
666000    226.63172   -880.61246    134482.15   -41092.062    2819.7295   -43911.792    411.29369   0.92869942 
668000    225.19479   -506.96166    134238.16   -41057.668    2801.8513   -43859.519    411.29081   0.93038742 
670000    224.50925   -687.51213    134467.74   -41058.281    2793.3219   -43851.603    412.65007   0.92879891 
672000    227.78465   -911.68554     135111.8   -41012.209    2834.0742   -43846.283    414.37927   0.92437149 
674000    226.14238   -642.63947    134636.21   -40957.357    2813.6411   -43770.999     412.9445   0.92763669 
676000    225.36008   -913.64677    134438.95   -40942.999    2803.9079   -43746.907    413.25905   0.92899782 
678000    225.17162   -493.12498    134139.48    -40987.45    2801.5631   -43789.013    413.74092   0.93107182 
680000    226.00314   -490.42537    134199.39   -40951.666    2811.9087   -43763.574    415.16813   0.93065617 
682000    222.68942   -970.91596    134885.67   -40957.013    2770.6798   -43727.693    418.17375   0.92592112 
684000    228.47048   -644.26845    134312.15    -40849.11    2842.6071   -43691.717    417.81673   0.92987484 
686000    227.69069   -600.50495    133975.72   -40900.799    2832.9051   -43733.704    418.79114    0.9322099 
688000    222.02286   -770.91845    133737.13   -40910.171    2762.3865   -43672.557    420.24209   0.93387298 
690000    226.59138   -752.43169       134045   -40893.263    2819.2275   -43712.491    421.76807   0.93172808 
692000    224.09983   -938.69358    134237.44   -40809.567    2788.2279   -43597.795    423.53023   0.93039239 
694000    226.66989   -497.80905    134049.78   -40859.887    2820.2043   -43680.091    423.98935   0.93169487 
696000     221.6375   -632.88061    134074.45   -40948.651    2757.5918   -43706.242    424.87733   0.93152346 
698000    223.35244   -288.37029    133297.36   -40922.501     2778.929    -43701.43    424.72442   0.93695395 
700000    224.00275   -1029.2445    134192.47   -40909.803      2787.02   -43696.823    427.80988   0.93070418 
702000    223.14942   -719.31326    133438.46   -40880.401     2776.403   -43656.804    428.07043   0.93596322 
704000    229.84084    -674.3363    133611.77   -40786.703     2859.657    -43646.36    430.11917    0.9347492 
706000     225.4488   -570.08079    133901.25   -40747.205    2805.0117   -43552.216    432.35924   0.93272836 
708000    226.26187    -448.2419    133318.16   -40874.089    2815.1278   -43689.217    431.28521   0.93680782 
710000    224.36713    -560.3448    133618.63   -40954.949    2791.5536   -43746.502    432.61285   0.93470118 
712000    221.73782   -972.47447    134426.76   -40931.041      2758.84   -43689.881    435.14256   0.92908208 
714000    226.11621   -709.22649     133734.2   -40861.636    2813.3155   -43674.952    434.49997    0.9338934 
716000    226.34276   -719.31766     134001.2   -40833.538    2816.1342   -43649.673    435.80452   0.93203262 
718000    225.59183   -768.37111    134171.62   -40870.389    2806.7912    -43677.18    437.54259   0.93084883 
720000    225.60064   -776.06334       134504   -40808.405    2806.9008   -43615.306    438.91563   0.92854854 
722000    228.45017   -883.13608    134534.81   -40842.013    2842.3544   -43684.367    441.36827   0.92833588 
724000    227.50526   -491.27248    133961.72   -40862.078    2830.5979   -43692.676     441.1693   0.93230734 
726000    224.36353   -744.31141    134032.63   -40920.844    2791.5089   -43712.353    443.01666   0.93181407 
728000    221.65803   -872.65739    134215.37   -40949.863    2757.8473    -43707.71    444.33808   0.93054538 
730000    226.15473   -620.09523    134421.74   -40860.604    2813.7948   -43674.399     446.2779   0.92911678 
732000    232.05478   -682.10711    134483.04   -40850.749    2887.2026   -43737.952    446.73748   0.92869325 
734000    224.33741   -454.86241    134307.74   -40899.188    2791.1838   -43690.371    448.98852   0.92990538 
736000    226.57202   -634.41152    134221.32   -40928.618    2818.9867   -43747.604    448.52126    0.9305041 
738000    227.18757   -1002.2603    134235.85    -40875.13    2826.6453   -43701.775    449.96425   0.93040336 
740000    226.46802   -483.11178    134190.76   -40890.879    2817.6928   -43708.571    450.28141   0.93071604 
742000    224.98258   -809.89314    134228.31   -40825.149     2799.211    -43624.36    452.11916   0.93045566 
744000    226.81412   -785.08709    134896.05    -40859.94    2821.9988   -43681.939    454.24234   0.92584988 
746000    223.86632   -974.41303    134265.92   -40915.691    2785.3227   -43701.014    453.79579   0.93019503 
748000    221.97854   -258.98828    133955.86   -40938.355     2761.835    -43700.19    452.96471   0.93234811 
750000    226.27035   -531.99607    134162.72     -40937.3    2815.2333   -43752.534    454.48199   0.93091058 
752000     226.3737   -757.28496    134319.62   -40905.807    2816.5192   -43722.326    455.10666   0.92982315 
754000    228.61127   -342.04385    134131.69   -40890.942    2844.3588   -43735.301    455.96539   0.93112593 
756000    225.91338   -694.66238    134313.87   -40923.573     2810.792   -43734.365     457.5935   0.92986293 
758000    221.60152    -770.0117    134236.24    -40900.54    2757.1442   -43657.684    458.61674   0.93040071 
760000    223.90827   -356.80321     133377.3   -40882.514    2785.8446   -43668.358    456.76657   0.93639238 
762000    223.41739   -607.11387    134020.06   -40905.413    2779.7371    -43685.15    459.09459    0.9319015 
764000    219.96347   -722.55929    134084.12   -40903.141    2736.7638   -43639.904     460.9332   0.93145623 
766000    226.24353   -862.80527     134353.7   -40888.767    2814.8996   -43703.667     463.2268    0.9295873 
768000    219.69715   -552.24181    133997.79   -40963.607    2733.4503   -43697.057    462.98393   0.93205637 
770000    222.38661   -844.28436    133771.76   -40942.985    2766.9122   -43709.897    464.32771   0.93363123 
772000    223.56008   -642.31009    133718.64   -40876.423    2781.5124   -43657.936    466.39157    0.9340021 
774000    225.93488   -614.77928    133783.93   -40832.811    2811.0594    -43643.87     466.5993   0.93354629 
776000    227.37314   -606.32206     133872.2   -40811.966    2828.9542    -43640.92     467.9725   0.93293077 
778000    225.41123   -686.84031    134100.38   -40839.005    2804.5442   -43643.549    468.91341   0.93134333 
780000     225.7797   -864.14763    134230.64   -40865.773    2809.1287   -43674.901    470.34596   0.93043953 
782000    225.37174    -1014.521     134128.9   -40859.842    2804.0529   -43663.895    471.41847   0.93114528 
784000    227.01604   -456.18311    133536.89   -40783.714    2824.5112   -43608.225    470.84175   0.93527331 
786000    223.32108   -755.31708    133765.81   -40829.437    2778.5387   -43607.976    473.14715   0.93367276 
788000    226.38532   -817.95293     134368.8   -40772.629    2816.6638   -43589.293    474.89679   0.92948283 
790000    224.61372   -603.49693    134404.93   -40902.096    2794.6217   -43696.718    475.56502   0.92923298 
792000    224.79991   -537.57437    134558.57   -40931.169    2796.9383   -43728.107    477.31437   0.92817197 
794000    227.04851   -852.57368    134287.96   -40881.399    2824.9151   -43706.314    478.35484   0.93004234 
796000    222.43586   -508.73691    133596.56   -40843.758     2767.525   -43611.283    477.72548   0.93485559 
798000    227.02646   -851.67339    134057.07   -40780.977    2824.6408   -43605.618    479.35201   0.93164418 
