94000    224.06261   -415.22246    133850.11   -40989.494    2787.7649   -43777.259    124.81641   0.93308474 
96000    227.59136    -409.2677    133934.28   -40995.071    2831.6692    -43826.74    125.47548    0.9324983 
98000    226.71279   -711.94965    134475.06   -40994.748    2820.7382   -43815.487    127.68093   0.92874837 
100000    224.41702   -86.476411    133723.95    -41026.33    2792.1744   -43818.504    127.84669     0.933965 
102000    222.69337   -850.45142    134298.77   -41016.577    2770.7289   -43787.306    128.84122   0.92996749 
104000    226.40103   -649.38629    134000.25   -40923.743    2816.8592   -43740.602    130.03715   0.93203926 
106000    222.58297     -846.597    134241.08   -41010.054    2769.3553    -43779.41    131.31793   0.93036714 
108000    220.78525   -819.76951    133960.01   -41002.369    2746.9883   -43749.358    131.98365   0.93231924 
110000    222.36093   -733.39079    133623.21   -40964.619    2766.5927   -43731.211    132.61638   0.93466915 
112000     219.3577    -305.9509    133557.99   -41040.048    2729.2269   -43769.274    133.40442   0.93512554 
114000    223.70677   -410.15504    133825.15   -41030.037    2783.3375   -43813.375     133.8126   0.93325874 
116000    222.59942   -472.18475    133961.27   -40931.812      2769.56   -43701.372    135.49814   0.93231043 
118000    224.53669   -722.58974    134344.69   -40900.149    2793.6632   -43693.812     136.5247   0.92964962 
120000    221.42551   -462.14617    133237.49   -40979.421    2754.9543   -43734.375    137.05086   0.93737497 
122000    221.46601    -505.4459    133741.13   -40906.041    2755.4582   -43661.499     138.0726   0.93384503 
124000    223.76192   -608.25495    133609.55   -40927.338    2784.0237   -43711.362    139.42312   0.93476469 
126000    225.02281   -544.61193    134202.51   -40936.637    2799.7116   -43736.348      141.507   0.93063455 
128000    226.02285   -763.05596    134801.28   -40999.706     2812.154    -43811.86    142.95448   0.92650077 
130000     230.5013    -145.1438    134372.72   -40948.816    2867.8744   -43816.691    144.08157   0.92945569 
132000    228.06095   -902.98595    134920.48   -40945.551    2837.5118   -43783.063     144.9767   0.92568226 
134000    227.00077   -779.59014    134783.01   -40956.897    2824.3211   -43781.218     145.1303    0.9266264 
136000    229.46277   -592.63825    134191.46   -40934.501    2854.9531   -43789.454    145.97976   0.93071118 
138000    228.94839   -145.53694     134150.4   -40880.648    2848.5532   -43729.201    146.97682   0.93099604 
140000    227.64225   -460.38364    133882.02   -40853.916    2832.3023   -43686.218     148.0388   0.93286234 
142000    221.00186   -568.08058    134178.54   -40935.081    2749.6833   -43684.764    149.58813   0.93080078 
144000    224.88953    -689.6048    133918.16   -40985.124    2798.0532   -43783.177    150.44575   0.93261057 
146000    227.23167   -574.37045    133705.77   -40964.532     2827.194   -43791.726    151.75181   0.93409202 
148000    222.31507    -411.3036    133861.37   -40985.444    2766.0221   -43751.466    153.12434   0.93300621 
150000    220.86313   -725.84381    133881.94   -41031.131    2747.9573   -43779.088    153.77228   0.93286284 
152000    224.76116   -661.59417    133833.82    -40932.29    2796.4562   -43728.746     154.7954   0.93319825 
154000    227.97427   -592.26446    133790.21   -40828.849    2836.4334   -43665.282    156.75421   0.93350248 
156000    226.66345   -620.90699     133704.9   -40833.078    2820.1242   -43653.202    157.59784   0.93409807 
158000    230.59363   -589.65626    134071.27   -40834.734    2869.0231   -43703.758    158.51251   0.93154554 
160000    227.96139   -780.89382    133985.33   -40877.348    2836.2731   -43713.621    160.05732     0.932143 
162000    224.16708   -569.02378    133318.63    -40930.07    2789.0647   -43719.134     160.8762   0.93680447 
164000    225.32098   -201.60403    132976.57   -40752.699    2803.4213    -43556.12     162.1334   0.93921423 
166000    223.74476   -754.51812    133654.77   -40833.116    2783.8102   -43616.926    163.87519   0.93444846 
168000    225.61215   -588.35641    133657.98   -40820.039    2807.0441   -43627.083     164.8077   0.93442602 
170000    230.70247   -941.80177    134251.16   -40726.692    2870.3774    -43597.07    167.43519   0.93029731 
172000    225.28074   -662.17898    134286.46   -40745.593    2802.9207   -43548.513    168.46208   0.93005273 
174000    225.93919    -622.7644    133771.95   -40688.014    2811.1131   -43499.127    168.98046   0.93362991 
176000    223.76827   -798.49208    133833.93   -40766.469    2784.1026   -43550.572    170.22834   0.93319755 
178000     223.7783   -550.13041    133279.55   -40793.814    2784.2275   -43578.042    171.62964   0.93707918 
180000    224.84413   -830.79183       133472   -40688.206    2797.4884   -43485.694    172.29608   0.93572804 
182000    224.63552   -532.77865    133006.09   -40797.295     2794.893   -43592.188    173.83121   0.93900581 
184000    221.09126   -749.16595    133190.51   -40864.245    2750.7956   -43615.041     175.7945   0.93770564 
186000    223.86467   -208.40196    133118.66   -40850.097    2785.3021     -43635.4    177.60725   0.93821176 
188000    225.29921   -771.17968    133541.16   -40834.536    2803.1506   -43637.687    178.95596    0.9352434 
190000    226.24193   -640.54167    133438.16   -40842.803    2814.8797   -43657.682    179.42325   0.93596532 
192000    229.54198   -583.07247    134172.83    -40904.61    2855.9386   -43760.549    182.55772   0.93084038 
194000    226.05182   -371.10472    133737.37   -40865.309    2812.5144   -43677.823    183.17907    0.9338713 
196000     223.3754   -484.03815    134383.03   -40908.133    2779.2147   -43687.347    185.41553   0.92938439 
198000    226.74156   -806.24931    134094.13   -40804.794    2821.0961    -43625.89    185.47276   0.93138671 
200000     218.5177   -915.58677    134052.52   -40903.854    2718.7756    -43622.63    187.20123   0.93167585 
202000    226.53316    -612.5436     133838.1   -40881.697    2818.5032     -43700.2    188.77988   0.93316841 
204000    226.04546   -1095.8287    133977.44   -40859.901    2812.4352   -43672.336    189.51915   0.93219793 
206000    227.87284   -603.02436    133894.96   -40843.829    2835.1714   -43679.001    191.48608   0.93277219 
208000    226.61661    -526.7026    133331.56   -40897.372    2819.5415   -43716.913     192.1396   0.93671362 
210000    224.01448   -448.23557    133104.16   -40895.432     2787.166   -43682.598    193.18047   0.93831396 
212000    225.24391    -284.0264    133353.04   -40820.282    2802.4625   -43622.744    195.32535   0.93656276 
214000     225.6742   -657.74996    133340.54   -40731.282    2807.8161   -43539.098    196.87126   0.93665056 
216000    223.05386   -409.36546    132888.69   -40860.354    2775.2141   -43635.568    197.19262   0.93983535 
218000    223.33961   -528.26899    133460.14   -40898.006    2778.7694   -43676.775     199.9754   0.93581116 
220000    226.17518   -655.48175    134210.33   -40944.597    2814.0492   -43758.646    202.32682   0.93058035 
222000    223.60194   -999.33131    134544.82   -40881.755    2782.0332   -43663.788    203.84108   0.92826678 
224000    225.69769   -769.09296    134309.85   -40886.281    2808.1083   -43694.389     204.8353   0.92989076 
226000    225.29626   -579.42676    134013.52   -40877.242    2803.1138   -43680.356    206.29782   0.93194692 
228000    220.11498   -731.18654    134091.23   -40975.776    2738.6489   -43714.425    207.40473   0.93140688 
230000    221.87639   -782.86394    133942.84   -40963.808    2760.5641   -43724.373    208.98877   0.93243871 
232000    220.84112   -297.48579    133889.25   -40952.834    2747.6834   -43700.517    209.25017   0.93281191 
234000    222.82044   -525.59327    133888.66   -40931.696    2772.3099   -43704.006    211.32626   0.93281605 
236000    220.27744   -655.16818       134286   -40997.648    2740.6702   -43738.319      212.594   0.93005592 
238000    222.01343   -438.89664    133436.71    -41024.54    2762.2691    -43786.81    212.74055   0.93597553 
240000    222.13817    -942.1169    133958.74   -40968.269    2763.8211    -43732.09    214.84316   0.93232802 
242000    226.16067    -709.0111    133910.56   -40975.322    2813.8687   -43789.191    216.04969   0.93266347 
244000     227.6838   -781.52696    134270.14   -40963.929    2832.8194   -43796.749    217.04864   0.93016579 
246000    221.41295   -622.17506    134002.27   -40937.946     2754.798   -43692.744    218.07773    0.9320252 
248000    224.06463   -817.42837       134642   -40898.321      2787.79   -43686.111    220.21376   0.92759685 
250000    223.47427   -652.33027    134184.77   -40941.578    2780.4448   -43722.022    220.76285   0.93075758 
252000    221.28409    -555.5819    133648.08   -40940.775    2753.1947    -43693.97    220.60982   0.93449522 
254000    227.21682   -708.97965    134023.84    -40933.72    2827.0092   -43760.729    221.29173    0.9318752 
256000    220.66914   -690.85016    133770.61   -40986.353    2745.5436   -43731.897    222.45785   0.93363924 
258000     224.5022   -458.46861    134000.37   -40873.718    2793.2342   -43666.952    223.83067   0.93203842 
260000    227.30039   -967.00502    134450.65   -40895.158     2828.049   -43723.207    225.32777   0.92891698 
262000    227.54984   -793.04256     134306.6   -40890.589    2831.1527   -43721.742    226.18669   0.92991327 
264000    221.01208    -622.2691    134131.13   -40887.052    2749.8104   -43636.863    227.24651   0.93112976 
266000    224.44729   -129.88883     133995.6   -40888.102     2792.551   -43680.653    228.29033   0.93207158 
268000    226.33738   -612.72713    134875.26   -40834.882    2816.0674   -43650.949    230.28954   0.92599257 
270000    220.19457     -621.693    134263.71   -41024.978    2739.6391   -43764.617    230.69983   0.93021037 
272000    216.37827   -425.71987    133781.58   -41027.271    2692.1571   -43719.428    230.88726   0.93356271 
274000    220.72129   -623.34765    134176.14   -41063.561    2746.1925   -43809.754    232.30708   0.93081747 
276000    224.79684   -471.28119    133572.19   -40864.156    2796.9001   -43661.056    232.41292   0.93502613 
278000    224.34159   -762.39688    134106.54   -40887.118    2791.2358   -43678.353    234.11572   0.93130052 
280000    225.57632   -690.28882    134503.08   -40871.269    2806.5983   -43677.868    236.56513    0.9285549 
282000    224.35479   -552.52228    134108.43   -40837.108    2791.4001   -43628.508    237.61027    0.9312874 
284000    226.16803   -780.53628    134120.89   -40926.976    2813.9603   -43740.936     238.3654   0.93120087 
286000    226.33839    -547.5356    134344.74   -40948.379    2816.0798   -43764.459    240.00217   0.92964926 
288000    227.02243   -709.15925    134471.44   -40946.453    2824.5907   -43771.044    241.53453   0.92877337 
290000    225.50234   -440.70372    133868.25   -40957.249    2805.6778   -43762.927    241.89475   0.93295825 
292000    222.68992   -789.92867    134446.43    -40945.15     2770.686   -43715.836    243.54159   0.92894612 
294000    220.52681    -949.0005    134474.73   -40982.933    2743.7728   -43726.706    244.73618   0.92875061 
296000    226.37395   -772.84481    134487.25   -40917.409    2816.5224   -43733.931    245.59637   0.92866421 
298000    227.68378   -337.56676    133942.65   -40925.133    2832.8191   -43757.952    246.47933   0.93244007 
300000     225.2505   -450.50721    133752.23   -40979.833    2802.5444   -43782.378    247.99086   0.93376754 
302000    226.14853   -568.38848    134283.07   -41055.526    2813.7177   -43869.244    249.25866   0.93007622 
304000    224.04688   -595.85568    134448.65   -41025.634    2787.5691   -43813.203    250.57241   0.92893079 
306000     224.8937   -758.94519    134399.94   -41030.574    2798.1051    -43828.68    251.84819   0.92926744 
308000    222.50126   -905.30192    134730.55   -41177.196    2768.3387   -43945.534    252.46204   0.92698714 
310000    221.47667   -590.18397    134413.63   -41190.836    2755.5908   -43946.427    252.56308    0.9291728 
312000    223.63878   -769.01748    134660.66   -41151.881    2782.4916   -43934.373    254.53642   0.92746828 
314000     224.0096   -607.86771    134512.87    -41161.64    2787.1053   -43948.745    254.69222   0.92848729 
316000    225.86837    -861.1619     134928.4   -41180.571    2810.2319   -43990.803    254.98906    0.9256279 
318000    223.21001   -730.25867    134880.21   -41269.574    2777.1569   -44046.731    256.44197   0.92595862 
320000    221.24343   -481.43015    134898.01   -41277.369    2752.6889   -44030.058    257.47546   0.92583644 
322000    221.47085   -575.34285     134787.4   -41150.876    2755.5185   -43906.395    257.80738   0.92659616 
324000    228.09969   -745.38326    135026.89   -41120.959    2837.9938   -43958.953     258.7431   0.92495273 
326000    222.52325   -1008.9581    135329.85   -41153.924    2768.6123   -43922.536    259.12274   0.92288204 
328000    217.52781   -430.11815    134626.27   -41308.666    2706.4595   -44015.125     258.6518   0.92770522 
330000    229.83955   -836.40422    134704.37   -41139.003    2859.6409   -43998.644    258.79481    0.9271673 
332000    223.16028   -1098.2054    134635.47   -41111.634    2776.5382   -43888.173    260.13919   0.92764181 
334000    223.40546   -538.77883    134244.03   -41131.401    2779.5887    -43910.99    259.96158   0.93034673 
336000    222.72144   -668.21732       134783   -41163.449    2771.0782   -43934.527     261.2259   0.92662643 
338000    223.76727   -823.68971    134879.74   -41171.533    2784.0903   -43955.623    262.64636   0.92596186 
340000    223.37802   -842.10061    134699.22   -41238.358    2779.2473   -44017.605    262.50361   0.92720277 
342000     226.0615   -534.35444    134562.13   -41094.711    2812.6348   -43907.346     263.0435   0.92814737 
344000    220.31155   -643.77616    134271.29   -41070.706    2741.0945   -43811.801    263.69412   0.93015784 
346000    220.65302   -658.21009    134388.41    -41087.62     2745.343   -43832.963    264.80121   0.92934719 
348000    220.40138   -322.59593       134239   -41136.163    2742.2122   -43878.375    265.50394   0.93038159 
350000    230.18871   -775.32586    134934.77   -40989.199    2863.9851   -43853.184    267.54678   0.92558417 
352000    227.95164    -425.5441    133741.26   -40981.848    2836.1518       -43818    267.39557   0.93384415 
354000     224.6152   -984.57401    134774.14   -40940.609    2794.6402   -43735.249    269.17209   0.92668737 
356000    223.11319   -151.75458    133763.02    -41033.25    2775.9523   -43809.203     267.7468   0.93369223 
358000    224.96663    -728.4424    133936.79    -41037.63    2799.0126   -43836.643    268.51785   0.93248082 
360000    229.83498   -683.71442    134597.35   -40967.103     2859.584   -43826.687    270.53109   0.92790451 
362000    218.84872   -520.67871     133951.8   -41014.966    2722.8941    -43737.86    270.50995   0.93237638 
364000    221.80701   -583.39504    133761.85   -40973.416    2759.7009   -43733.117    272.62557    0.9337004 
366000    228.23218   -453.91999     133908.4   -40967.836    2839.6422   -43807.478    272.94008   0.93267853 
368000    226.57349   -623.85111    133668.13   -41033.631    2819.0049   -43852.636    274.37303   0.93435502 
370000    225.44344   -313.12782    133558.42    -41014.88    2804.9451   -43819.825    274.88299   0.93512258 
372000    227.25324   -422.09284    134194.49   -40961.078    2827.4623   -43788.541    276.95743   0.93069013 
374000    222.55106   -569.23914    134500.32    -41038.78    2768.9583   -43807.738    278.01883   0.92857396 
376000    225.41834   -338.97715    134288.21   -41058.617    2804.6327    -43863.25    278.87693   0.93004062 
378000    228.80121    -353.5439    134245.64   -40966.206     2846.722   -43812.928    279.84471   0.93033555 
380000    223.27025   -766.05778    134289.58   -40975.309    2777.9064   -43753.215    279.39732   0.93003115 
382000     225.4133   -589.35097    133521.51   -40849.076      2804.57   -43653.646    280.73841   0.93538107 
384000    224.89457   -866.50795    134131.26   -40913.638     2798.116   -43711.754    282.86055   0.93112886 
386000    225.10101   -655.75657       133620   -40848.348    2800.6845   -43649.032    283.65123   0.93469158 
388000    220.48534   -530.11675    133612.05   -40956.366    2743.2569   -43699.623    285.27183   0.93474719 
390000    220.95673    -583.1192    134052.55    -41005.72    2749.1218   -43754.842     287.1048   0.93167558 
392000    222.05353     -697.476    134348.22   -41046.535    2762.7681   -43809.303    289.03261    0.9296252 
394000    219.36635   -327.59579    133772.15   -41002.718    2729.3345   -43732.053    288.96301   0.93362848 
396000     224.5773   -905.07995    134344.03   -41014.381    2794.1686    -43808.55    291.38458    0.9296542 
398000    223.70393   -726.61019    134346.79   -41056.118    2783.3022    -43839.42    291.33289   0.92963512 
400000    223.24324   -750.97439    134184.47   -40989.916    2777.5703   -43767.486     292.1505   0.93075964 
402000    224.24968    -807.5935     134537.4   -40996.648    2790.0924   -43786.741    292.83169   0.92831798 
404000    225.93104   -494.64456    133892.83   -40975.326    2811.0117   -43786.338    292.80241   0.93278697 
406000    224.78536   -698.75386    133955.92   -40895.775    2796.7573   -43692.532    294.70091   0.93234769 
408000    231.36604   -528.34181    134250.63   -40794.587    2878.6334    -43673.22    296.12272   0.93030095 
410000    226.82597   -499.90171     133609.7   -40907.025    2822.1463   -43729.172    295.83461   0.93476362 
412000    228.35641   -957.38041    134457.47   -40859.645    2841.1878   -43700.833    298.12419   0.92886989 
414000    227.29156   -806.97294    134156.77   -40924.961    2827.9391     -43752.9    298.93103   0.93095184 
416000    224.53344   -360.75472    133878.42   -40993.279    2793.6228   -43786.901    299.69357    0.9328874 
418000    224.76536   -489.72222    133918.28     -40910.8    2796.5084   -43707.308    300.22632   0.93260975 
420000    225.41667   -548.87337    134000.98   -40854.509    2804.6119   -43659.121    301.53383   0.93203416 
422000    222.03284   -763.60904    134121.21   -40924.874    2762.5106   -43687.384    301.92319   0.93119867 
424000    224.78665   -865.96553    134538.93   -40915.155    2796.7732   -43711.928    304.03781   0.92830745 
426000    224.50442   -724.03569    134446.62   -40995.249    2793.2618    -43788.51    305.50119   0.92894485 
428000    227.46674   -254.61867    134221.92    -41000.68    2830.1187   -43830.798    306.09931   0.93049993 
430000    226.20266   -542.09054    134027.71   -40993.732    2814.3911   -43808.123    307.39867   0.93184825 
432000    227.17934   -851.78837    134237.95   -40861.245    2826.5429   -43687.788    307.69802   0.93038885 
434000    224.89611    -769.5278    134068.74   -40916.705    2798.1352    -43714.84    309.03529    0.9315631 
436000    220.94419   -631.25686     134351.4   -41000.927    2748.9658   -43749.893    310.18155   0.92960322 
438000    225.68306   -580.29593       133908   -40966.886    2807.9264   -43774.813    310.33532   0.93268134 
440000    222.67742   -1092.3031    134531.43   -40935.806    2770.5305   -43706.337    312.18446   0.92835923 
442000    224.79521   -617.94399    134054.96   -40965.815    2796.8798   -43762.695    312.51693   0.93165887 
444000    223.06147    -689.6285    134034.98   -40944.599    2775.3087   -43719.908    313.70181   0.93179772 
446000    223.95345   -827.56553       134502   -40928.268    2786.4067   -43714.674    314.98706   0.92856235 
448000    223.06551   -1113.0096    134900.54   -40966.935     2775.359   -43742.294    315.87671   0.92581903 
450000    229.47713   -1061.5686    134555.76   -40885.838    2855.1317    -43740.97    316.84453   0.92819135 
452000    227.40081   -510.47812    134023.35   -40878.475    2829.2983   -43707.774    317.79655    0.9318786 
454000     224.7706   -963.71576    134033.42   -40870.688    2796.5736   -43667.262    319.31312   0.93180859 
456000    227.90469   -990.44953    134203.75   -40866.927    2835.5677   -43702.495    321.54255   0.93062591 
458000    224.64572   -628.48811    133758.84   -40947.078    2795.0199   -43742.098    323.33304   0.93372143 
460000    229.94826   -538.80565    134009.78   -40921.739    2860.9935   -43782.732    324.03277   0.93197293 
462000    222.23525   -433.76977    134236.72   -41015.437     2765.029   -43780.466    326.78744    0.9303974 
464000    226.55141   -640.47243    134380.99   -40977.773    2818.7302   -43796.503     328.0729   0.92939849 
466000    220.35353   -481.39516    133690.19   -40924.422    2741.6169   -43666.039    327.90256   0.93420084 
468000     227.7652   -657.95559    133990.72   -40923.683    2833.8322   -43757.515     329.0369   0.93210552 
470000     225.0219   -798.43472    134266.98   -40995.491    2799.7002   -43795.191    330.88209   0.93018765 
472000    227.06183   -626.40316    134080.78   -40996.762    2825.0809   -43821.843    330.07142   0.93147947 
474000    222.23844   -593.14066    134053.94   -40943.005    2765.0687   -43708.074    331.36854   0.93166597 
476000    224.98573   -655.36452    133733.89   -40910.274    2799.2502   -43709.524    332.38241   0.93389561 
478000    218.88712   -942.20121    134354.08   -40976.005     2723.372   -43699.377    334.49598   0.92958463 
480000    227.14832   -771.73139    133816.14   -40925.697    2826.1569   -43751.854    334.65953    0.9333216 
482000    223.25539   -608.38948    133427.18   -40825.141    2777.7215   -43602.863    336.14026   0.93604233 
484000    223.64579    -675.4002       133801   -40841.083    2782.5788   -43623.661    337.97393   0.93342721 
486000    222.64865   -491.50487    133257.96   -40912.716    2770.1724   -43682.888    338.87919   0.93723103 
488000      225.559   -473.51012    133539.99    -40800.53    2806.3827   -43606.912    340.70287   0.93525161 
490000    226.90992   -211.18753    132971.55   -40706.915    2823.1908   -43530.106    341.83613   0.93924972 
492000    225.86447   -951.87919    134172.12   -40789.852    2810.1834   -43600.035    345.15488   0.93084532 
494000    224.15728   -321.27742     133572.6   -40858.975    2788.9427   -43647.918    345.34035   0.93502328 
496000    227.17192   -850.14986     133536.3   -40811.923    2826.4506   -43638.374    345.52009   0.93527748 
498000    224.25379   -614.92783    133591.99   -40894.814    2790.1435   -43684.957    346.35854   0.93488755 
500000    219.99361   -1046.3549    133995.66   -40848.168    2737.1387   -43585.306    348.58179   0.93207119 
502000    226.42707   -397.16252    133749.85   -40812.214    2817.1833   -43629.397    348.51697   0.93378413 
504000    229.40532   -279.37659    133796.73   -40795.958    2854.2384   -43650.197    350.02706   0.93345699 
506000    221.02567     -781.703    133602.88   -40837.501    2749.9796   -43587.481    351.31132   0.93481139 
508000    222.35712   -727.23396    133615.89   -40785.034    2766.5453   -43551.579    353.61432   0.93472038 
510000    229.17134   -354.87566    132989.78   -40755.223    2851.3272    -43606.55    354.52638   0.93912096 
512000    227.09412   -628.18752    133452.61   -40778.558    2825.4826    -43604.04    357.09947   0.93586396 
514000     222.2494   -870.15291    133336.95   -40830.202     2765.205   -43595.407    357.56326   0.93667576 
516000    219.76294   -566.11497    132963.57   -40840.309    2734.2688   -43574.578    358.47693   0.93930611 
518000    224.62218   -590.25017    132948.42   -40810.217     2794.727   -43604.944    358.29523    0.9394131 
520000    225.09732   -536.82128    133242.52   -40789.231    2800.6385   -43589.869    360.00494   0.93733961 
522000     227.6903   -712.71789    133559.46   -40774.646    2832.9002   -43607.546    363.02301    0.9351153 
524000    232.01702   -761.63479    133622.79   -40724.191    2886.7328   -43610.924    364.88567   0.93467208 
526000    221.59575   -913.44019    133759.71   -40704.368    2757.0724    -43461.44    366.86683   0.93371534 
528000    229.27903   -282.87297    132925.13   -40646.061     2852.667   -43498.728    366.93524   0.93957772 
530000    220.86456   -683.75121     133837.9   -40788.452     2747.975   -43536.427     370.0801   0.93316981 
532000    224.75757   -631.81041    133456.68   -40761.241    2796.4115   -43557.653     370.4012   0.93583547 
534000    222.95728   -877.00102    133650.14   -40797.995    2774.0125   -43572.008    373.55101   0.93448083 
536000    223.37997   -655.17499    133721.91   -40738.948    2779.2716    -43518.22    374.23444   0.93397928 
538000    218.92517   -634.27208    133518.69   -40818.224    2723.8454    -43542.07    375.54283   0.93540081 
540000    224.81177   -420.12435    133072.76   -40767.321    2797.0858   -43564.407    376.46757   0.93853537 
542000    221.62048   -813.28866    133246.23   -40751.129    2757.3801   -43508.509    378.26964   0.93731351 
544000    224.65837   -351.32951    132731.72   -40846.121    2795.1773   -43641.299     379.1305   0.94094681 
546000    224.26512   -452.18954    132577.05   -40791.765    2790.2845   -43582.049    381.10026   0.94204457 
548000    218.83002   -655.27286    133057.94   -40781.961    2722.6614   -43504.623    383.90501   0.93863989 
550000    223.66779   -791.94515    133429.69   -40791.394    2782.8526   -43574.247     386.3587   0.93602472 
552000    228.82043     -957.809    134095.32   -40783.852    2846.9612   -43630.813    388.46528   0.93137845 
554000    227.95357   -1009.3403     134012.1   -40776.606    2836.1757   -43612.782    390.18317   0.93195681 
556000    220.85393    -731.1977    133565.44   -40861.206    2747.8428   -43609.049    389.93837   0.93507339 
558000    226.40972   -650.81817    133874.72   -40845.068    2816.9673   -43662.036    392.33001   0.93291319 
560000    226.42758   -605.45377    133936.52   -40780.229    2817.1895   -43597.418    394.34281   0.93248275 
562000    225.97265   -788.38472    134472.76   -40825.097    2811.5294   -43636.626    396.39672   0.92876425 
564000    228.46681   -640.66049    133818.25   -40855.203    2842.5614   -43697.764    396.10811   0.93330687 
566000    229.10505   -528.48679    134224.71   -40834.054    2850.5024   -43684.556    397.91569   0.93048061 
568000    226.56416   -733.61369    133771.91   -40808.768    2818.8889   -43627.656    398.49876    0.9336302 
570000    223.52896   -765.93042     133438.1   -40854.859    2781.1253   -43635.984    398.08316   0.93596576 
572000    222.59554   -585.20992     133274.2   -40853.513    2769.5117   -43623.024    399.32949   0.93711679 
574000    227.02758   -697.66052    133905.02   -40726.892    2824.6547   -43551.547    401.92769   0.93270207 
576000    226.18393    -516.2175    133823.45   -40746.527    2814.1581   -43560.685    403.90122   0.93327062 
578000    225.82239   -685.22127    133999.07   -40784.256    2809.6599   -43593.916    405.48106   0.93204742 
580000    228.99266   -781.48813    133852.67   -40793.943    2849.1041   -43643.047    406.65796   0.93306689 
582000    226.41978   -514.21759    133303.53   -40827.486    2817.0925   -43644.579    406.69668   0.93691059 
584000    224.92936   -929.41814    133346.32   -40867.431    2798.5488    -43665.98    407.85391   0.93660996 
586000    225.17424   -511.11199    133160.36   -40868.603    2801.5956   -43670.198    407.92903   0.93791795 
588000    225.29334   -539.34207    133187.81   -40846.106    2803.0775   -43649.184     409.8831   0.93772461 
590000    221.47976   -640.21063    133439.78   -40804.311    2755.6292    -43559.94    411.80685   0.93595397 
592000    222.11147   -606.32494    133107.15   -40807.089    2763.4889   -43570.578     413.1728   0.93829287 
594000    225.84629   -444.38539    133246.86    -40745.79    2809.9572   -43555.747    414.76009   0.93730911 
596000    226.46365   -740.94495    134312.42   -40792.256    2817.6383   -43609.894    418.83171   0.92987298 
598000    228.34677   -815.83046     134069.6   -40788.806     2841.068   -43629.874    420.92608    0.9315571 
600000    226.44082   -627.62021    133799.23   -40936.858    2817.3543   -43754.212    421.41546   0.93343953 
602000    222.01361   -704.57274    133728.97   -40950.658    2762.2714    -43712.93    422.21965   0.93392994 
604000    229.59471    -531.5672     133395.6   -40847.878    2856.5947   -43704.472    422.71587   0.93626396 
606000    222.33152   -381.17476    133625.48   -40929.685    2766.2268   -43695.912     423.5931   0.93465325 
608000    223.06754   -670.28466    133721.49   -40971.318    2775.3843   -43746.703     424.4367   0.93398219 
610000     225.3891   -723.18463    134523.26   -40998.373    2804.2688   -43802.642    428.16073   0.92841561 
612000    225.45509   -975.37865    134451.04   -40993.606    2805.0899   -43798.696    428.73458   0.92891431 
614000    215.09509   -920.49105    134667.18   -41060.913    2676.1918   -43737.105    431.44777   0.92742339 
616000    226.05149    -920.8245    134716.23   -40876.514    2812.5103   -43689.025    432.28176   0.92708571 
618000    223.94293   -560.07258    134119.86   -41013.563    2786.2758   -43799.839    432.08761   0.93120806 
620000    228.25603   -476.56212    134204.03   -40893.717     2839.939   -43733.656    432.56231   0.93062402 
622000    226.58771   -902.70558    134006.65   -40883.216    2819.1818   -43702.398    433.77303   0.93199473 
624000    224.26267   -645.29048    133801.57   -40921.541     2790.254   -43711.795    433.91128   0.93342323 
626000    227.49445   -463.56245    133439.57   -40931.719    2830.4635   -43762.182    433.99784   0.93595541 
628000    225.55255   -1039.8427    134285.73   -40925.193    2806.3026   -43731.495    437.17965   0.93005782 
630000    223.11725    -777.3006    133624.12   -40986.116    2776.0027   -43762.119    436.41287   0.93466277 
632000    223.08711   -553.04341    133858.29   -40984.116    2775.6277   -43759.744     438.4272   0.93302771 
634000    226.79254   -748.97255    134501.57   -40911.927    2821.7303   -43733.657    441.06016   0.92856529 
636000    224.41579   -564.35784    134498.54   -41037.941    2792.1591     -43830.1    442.83269   0.92858625 
638000    224.74378   -702.51078    135131.81   -41125.018    2796.2399   -43921.258    444.59711   0.92423458 
640000    228.27243   -747.14703     135119.8   -41072.022    2840.1431   -43912.165    445.07203    0.9243167 
642000    223.72631   -635.23776    134942.98    -41112.32    2783.5806   -43895.901    445.68918   0.92552791 
644000    225.27636   -665.27234     134685.4   -41129.977    2802.8663   -43932.843    445.55813    0.9272979 
646000    223.08565   -790.64964    134752.16   -41110.864    2775.6097   -43886.473    446.41219   0.92683848 
648000    222.64464   -707.89935    134684.02   -41098.317    2770.1226    -43868.44    446.98965    0.9273074 
650000     224.0475   -749.94551    134623.87   -41049.067    2787.5768   -43836.644    447.67793   0.92772177 
652000     224.7364   -558.50687    134631.64   -41046.663    2796.1481   -43842.811    448.39437   0.92766819 
654000    231.39689   -605.78012    133999.87   -41037.049    2879.0173   -43916.066    448.22565   0.93204191 
656000    217.83398   -598.16472    133981.81   -41135.218    2710.2688   -43845.487    448.88816   0.93216754 
658000    220.97771   -527.86338    133934.78    -41116.02    2749.3829   -43865.403    449.02005   0.93249486 
660000    224.62977   -646.92524    134220.74   -41064.109    2794.8214   -43858.931    449.60071   0.93050815 
662000    228.11473   -248.20019     134122.7   -41053.466    2838.1809   -43891.647    450.10122   0.93118828 
664000    221.50386   -597.46787    134227.85   -41034.749    2755.9292   -43790.678    451.48533   0.93045883 
666000    220.38737   -744.33548    133782.25   -41014.753    2742.0379   -43756.791    450.77692     0.933558 
668000    218.99026   -744.03839    133507.91   -40936.614    2724.6552   -43661.269    451.97819   0.93547638 
670000    225.44291   -886.39994    134109.35   -40929.588    2804.9384   -43734.527    453.87032   0.93128101 
672000    223.93986     -848.021    134500.36   -40890.979    2786.2376   -43677.216    456.48638   0.92857369 
674000    223.71143   -785.57348    134127.75    -40824.79    2783.3954   -43608.186    457.29134   0.93115323 
676000    229.81617   -730.95443    133747.14   -40821.729    2859.3501   -43681.079    458.37634   0.93380306 
678000    228.73017   -710.24512    133614.31   -40887.308    2845.8382   -43733.146    458.69137   0.93473138 
680000    226.32216   -574.23928    133560.03   -40914.987    2815.8779   -43730.865    460.16302    0.9351113 
682000     225.4877   -652.40086    133718.21    -40943.21    2805.4957   -43748.705    461.64089   0.93400514 
684000    231.73292   -827.25231    134209.41   -40873.376    2883.1981   -43756.574    464.11338    0.9305867 
686000    226.67959    -438.4714    133718.43   -40977.323     2820.325   -43797.648    464.43468    0.9340036 
688000    225.24483   -929.35322    134601.49   -40991.892    2802.4739   -43794.366    467.74015   0.92787598 
690000      231.204   -462.39358    134240.02    -40964.83    2876.6173   -43841.448    467.73019   0.93037451 
692000    225.76549   -501.73847    133860.53   -40902.448    2808.9519     -43711.4    467.38715   0.93301205 
694000     224.1125   -820.24179    134111.76   -40930.965    2788.3856   -43719.351    468.68808   0.93126429 
696000     223.8943   -420.69997    133727.26   -41010.014    2785.6707   -43795.685    469.22769    0.9339419 
698000    223.98991   -595.55048    134126.25   -40983.035    2786.8604   -43769.896    471.55866    0.9311637 
700000    227.19163   -710.39704    134256.75   -40979.895    2826.6958   -43806.591    471.80615   0.93025857 
702000    222.29981   -982.02378    134870.24   -40924.496    2765.8322   -43690.329     473.7875   0.92602704 
704000    227.50162   -881.00991    134364.24   -40867.267    2830.5526    -43697.82    473.96975   0.92951434 
706000    228.21776    -856.1784    134399.44   -40827.349    2839.4628   -43666.812    475.60673   0.92927095 
708000    229.62373   -639.29508    134248.61   -40920.896    2856.9558   -43777.852    477.07538   0.93031498 
710000    221.27676   -741.65212    134096.37   -41000.945    2753.1036   -43754.049    476.51275   0.93137116 
712000    224.71509   -738.36949    134579.45   -40976.796     2795.883   -43772.679    478.27122   0.92802792 
714000    226.66652   -660.28154    133908.24    -40957.47    2820.1625   -43777.632    478.57796   0.93267964 
716000    220.92821   -664.69886    134211.42   -40994.566    2748.7669   -43743.333    479.59711   0.93057273 
718000    227.34387   -728.57261    134935.33   -40992.639    2828.5899   -43821.229    481.81926   0.92558033 
720000    226.46231   -973.14794     134389.5   -40922.098    2817.6217    -43739.72    480.21742   0.92933962 
722000    229.62204   -533.27163    134178.78   -40967.725    2856.9347    -43824.66    481.12078   0.93079914 
724000    225.30483   -757.33937    134534.93    -40969.67    2803.2204   -43772.891     483.3904   0.92833507 
726000    221.54135   -554.87662    133780.19   -40987.859    2756.3955   -43744.254     482.4599   0.93357241 
728000    220.58174   -339.26763     133892.4   -40971.869    2744.4562   -43716.325    482.92602   0.93278999 
730000    227.17599   -306.01243     133644.8   -40876.385    2826.5013   -43702.886    484.24568   0.93451812 
732000    227.67686   -633.80054    133933.43   -40869.191     2832.733   -43701.924    486.15033   0.93250423 
734000    224.84587   -451.09269    133699.75   -40921.435    2797.5101   -43718.946    486.54244   0.93413408 
736000    225.41358   -846.30778    134171.34    -40940.78    2804.5735   -43745.354    488.49956   0.93085073 
738000    226.98636   -568.72209    134102.75   -40873.803    2824.1419   -43697.945    489.93938   0.93132684 
740000    226.05718   -544.23261    133965.46   -40878.663    2812.5811   -43691.244    490.38891   0.93228132 
742000    224.76909   -931.16976    134488.55   -40805.467    2796.5548   -43602.022    493.59173   0.92865519 
744000    228.66411   -574.83091    134157.85   -40841.469    2845.0163   -43686.485    493.83872   0.93094431 
746000    227.06341    -673.3153    134010.21   -40907.788    2825.1005   -43732.889    494.65218   0.93196995 
748000    225.30836   -864.48083    134082.79   -40935.896    2803.2643    -43739.16    495.80827    0.9314655 
750000    226.41806   -612.40376    133857.11   -40964.791    2817.0711   -43781.862    496.09247   0.93303594 
752000    224.70722   -683.79759    133759.26   -40916.156     2795.785   -43711.941     496.8429   0.93371846 
754000    226.87501   -505.72999    133719.66   -40906.954    2822.7565   -43729.711    497.73254   0.93399495 
756000    219.59638    -960.1764    134121.48   -40933.064    2732.1964   -43665.261    500.86759   0.93119679 
758000     225.1967   -434.90417    134263.13   -40918.471    2801.8751   -43720.346    502.01117   0.93021435 
760000    225.18561   -351.18505    133617.82   -40929.446    2801.7371   -43731.183    501.38281   0.93470685 
762000    225.64698   -528.55131    134098.82   -40986.739    2807.4775   -43794.217    503.43208   0.93135414 
764000    226.30951   -1015.6999    134393.27   -41006.514    2815.7205   -43822.235    505.11999   0.92931356 
766000    225.33057   -670.04169     134702.7   -41020.985    2803.5407   -43824.525    506.74373   0.92717885 
768000     218.6287   -906.22281    134746.28   -41065.671    2720.1567   -43785.828    507.76748   0.92687895 
770000    225.44852   -668.55174    134693.23   -41065.363    2805.0081   -43870.371    509.81655   0.92724402 
772000    223.11253     -869.564    134607.33   -41063.264     2775.944   -43839.208    510.72536   0.92783577 
774000    226.14551   -357.67721    134881.95   -41024.644    2813.6801   -43838.325    512.40687   0.92594663 
776000    225.88198   -643.49534     134767.6   -41022.288    2810.4013   -43832.689     513.1869   0.92673233 
778000    224.65282   -951.81416    134771.38   -41036.361    2795.1081   -43831.469    514.25953    0.9267063 
780000    226.01888    -656.0117    134568.74   -41050.984    2812.1046   -43863.088    515.00719   0.92810179 
782000    227.09096   -440.71047     133990.1   -41025.469    2825.4433   -43850.913    515.80074   0.93210984 
784000    226.53029   -524.29694    133858.29   -40917.752    2818.4675   -43736.219    515.95593    0.9330277 
786000    229.06858   -544.97602    133667.11   -40936.016    2850.0487   -43786.065    517.22473   0.93436218 
788000    223.63909   -858.67726    134482.53   -40908.351    2782.4954   -43690.846    520.05031   0.92869674 
790000    225.72623   -844.84277    134087.78   -41028.494    2808.4634   -43836.957    519.90673   0.93143079 
792000    225.76496   -534.60825    134299.39   -41078.078    2808.9454   -43887.024     521.0859    0.9299632 
794000    224.03149   -833.40187    134391.13   -41021.547    2787.3777   -43808.925    522.13372   0.92932839 
796000    223.25541   -645.39564    134020.92    -41011.18    2777.7218   -43788.901    523.36575   0.93189552 
798000    231.14213   -555.44574    133852.47   -40969.472    2875.8476    -43845.32    525.27684   0.93306823 
