94000    228.56123    212.63019    127004.28   -39896.741    2843.7362   -42740.478    449.00983   0.98338017 
96000    225.52678    609.64723    126877.25   -39955.288    2805.9819    -42761.27    454.79923    0.9843647 
98000    224.65531   -226.61206    128255.99   -40014.172    2795.1392   -42809.312      463.676   0.97378294 
100000    227.61143   -18.679548    127908.84   -40083.997    2831.9189   -42915.916    467.21023    0.9764258 
102000     224.4457    217.83564    127531.45    -40144.26    2792.5312   -42936.791    471.69091   0.97931522 
104000    228.05679    523.95593    127398.92   -40069.511      2837.46   -42906.971    477.23493   0.98033397 
106000    222.99422    482.07494    127196.77   -40184.652     2774.472   -42959.124    481.18419   0.98189198 
108000    222.94382    219.14572    127809.44   -40191.977     2773.845   -42965.822    487.43958   0.97718517 
110000     224.2043    -85.67349    128213.65   -40183.231    2789.5277   -42972.759    493.47414   0.97410448 
112000    219.77395    106.39667    128149.37    -40280.41    2734.4058   -43014.815    495.90151   0.97459307 
114000     221.7824    569.88512    127432.14   -40249.859    2759.3947   -43009.254    498.42378   0.98007845 
116000    223.16687    71.189222    127652.75   -40111.402    2776.6202   -42888.023    502.55099   0.97838463 
118000    226.52233    136.44324    127638.73   -40108.046    2818.3685   -42926.414     505.8374   0.97849214 
120000    223.86995    160.71827    127505.89   -40202.656    2785.3678   -42988.024    507.80748   0.97951151 
122000    223.74192    496.78388    127581.73   -40169.315    2783.7748    -42953.09    511.05598   0.97892927 
124000    224.81805    266.28304    128149.94    -40189.41    2797.1639   -42986.574    517.86599   0.97458874 
126000    225.00375    393.19788    128070.81   -40231.547    2799.4744   -43031.021    522.59355    0.9751909 
128000    220.91337   -161.48433     127707.1   -40265.646    2748.5823   -43014.228    525.54074   0.97796829 
130000    224.56137    53.822006    128097.71   -40188.486    2793.9704   -42982.457    529.61834   0.97498612 
132000    227.32045   -87.831432    127769.78   -40130.142    2828.2986   -42958.441    533.82108   0.97748852 
134000     225.6072    478.16258    127259.07   -40074.585    2806.9824   -42881.567    536.01024    0.9814113 
136000     227.0629   -34.971426    127228.26   -40005.909    2825.0942   -42831.003    540.36184   0.98164896 
138000    229.22331    188.01945    126906.14    -39951.37    2851.9738   -42803.344    543.60933   0.98414069 
140000    226.65389   -106.76167    126924.92   -39924.488    2820.0053   -42744.493    548.30331   0.98399501 
142000    221.75482    237.97673     127596.5   -40054.283    2759.0515   -42813.334    553.64538   0.97881593 
144000    224.40547    18.654134    127754.41   -40115.973    2792.0307   -42908.004    557.64473    0.9776061 
146000    223.48951    126.73111    127672.54   -40099.901    2780.6344   -42880.535    561.97791   0.97823301 
148000    222.26551   -11.733445    127185.95   -40111.336    2765.4054   -42876.741    566.05789   0.98197552 
150000    220.14767   -58.165997    127911.44   -40165.454    2739.0555    -42904.51    572.51618   0.97640593 
152000    221.57523   -174.33032    128013.55   -40090.514    2756.8171   -42847.331    577.04765   0.97562712 
154000    223.44352    62.448065    127693.31   -40013.131    2780.0622   -42793.194    581.65188   0.97807391 
156000     229.9774    335.48767    127415.19   -40016.403    2861.3561   -42877.759    585.28043   0.98020878 
158000    231.50278   -228.94858    127725.28   -40018.682    2880.3347   -42899.017    592.79061   0.97782907 
160000     223.4831    52.391859    127016.07   -40013.577    2780.5546   -42794.132    596.04302   0.98328891 
162000    225.24785     532.7308    126892.16   -40102.072    2802.5115   -42904.584    599.52136   0.98424904 
164000    226.18831    67.489904    127828.54   -39956.216    2814.2126   -42770.428     605.4525   0.97703916 
166000    220.70574   -218.74116    127528.58   -40035.328     2745.999   -42781.327    609.48448   0.97933727 
168000    224.31404    145.23635    127174.16   -40037.755    2790.8931   -42828.648    615.02135   0.98206654 
170000     226.5089    386.47104    127135.18   -39919.934    2818.2013   -42738.135    621.36833   0.98236769 
172000    228.14563    227.66945    127206.31   -39945.685    2838.5654   -42784.251    627.23954   0.98181838 
174000    229.13307    150.73039    127260.02   -39916.523     2850.851   -42767.374    631.15078   0.98140402 
176000    224.82519   -163.84495    127038.09   -40011.183    2797.2528   -42808.436    633.46887   0.98311844 
178000    222.15435    209.06051    127318.61   -40044.877    2764.0225     -42808.9    641.36921   0.98095235 
180000    226.64364    435.27099    127414.03    -39971.52    2819.8777   -42791.398    648.26798   0.98021774 
182000    224.87394    207.25625    126921.19   -40081.858    2797.8593   -42879.717    652.49445   0.98402397 
184000     225.2468    103.88201    127680.75    -40137.84    2802.4984   -42940.338    659.81469   0.97817006 
186000    226.31672   -8.7716742    127272.14   -40110.365    2815.8102   -42926.175    663.69169   0.98131056 
188000    221.20523     556.3053    126911.44   -40083.347    2752.2136   -42835.561    668.86106   0.98409954 
190000    225.25826   -234.04724    127948.26   -40065.617     2802.641   -42868.258    677.87325   0.97612496 
192000    222.90096   -36.954413    127363.97   -40119.433    2773.3117   -42892.745    678.00119   0.98060301 
194000    230.60171   -42.400203    127769.52   -40035.513    2869.1237   -42904.636    685.90834   0.97749048 
196000    225.15154    246.83718    127723.27   -40074.788    2801.3133   -42876.102    690.62096   0.97784445 
198000    226.96001   -113.42466    127338.02   -39971.799     2823.814   -42795.613    695.24668   0.98080283 
200000    222.68199   -118.59387    127238.62   -40084.349    2770.5873   -42854.937    699.50366   0.98156904 
202000    230.25376    342.78417    127504.64   -40053.337    2864.7945   -42918.132    705.03874   0.97952113 
204000    220.32067    261.57033    126778.01   -40034.587     2741.208   -42775.795     706.5842   0.98513527 
206000    226.48278    321.80502    126509.72   -40007.719    2817.8764   -42825.596      712.542   0.98722447 
208000     220.8768    438.08395    127053.95   -40061.556    2748.1273   -42809.683    718.54243   0.98299577 
210000    225.79193    132.75117    127613.77   -40112.101    2809.2809   -42921.382    723.63878   0.97868353 
212000    226.59151    87.207611    127943.77   -40061.393    2819.2292   -42880.622    729.17073   0.97615919 
214000    226.78773    271.69848    127301.17   -40008.523    2821.6705   -42830.193    733.73119   0.98108677 
216000    221.71707    75.622424    128096.25   -40149.526    2758.5818   -42908.108    739.73053   0.97499726 
218000    222.09928   -18.655317    127941.31   -40193.484    2763.3372   -42956.821    741.34403   0.97617797 
220000    223.35207    340.56238    127329.76   -40192.402    2778.9243   -42971.326    745.07815   0.98086648 
222000    225.03268   -302.50382    127942.89   -40122.183    2799.8344   -42922.017    751.28789   0.97616594 
224000    221.00435    377.25238    127087.75     -40101.4    2749.7143   -42851.114     752.4086   0.98273434 
226000    227.77739    221.76077     127392.7   -40077.575    2833.9838   -42911.559    757.43729   0.98038187 
228000    224.75193    135.92925    127927.09   -40190.251    2796.3413   -42986.593    762.72769    0.9762865 
230000    217.67846    158.25731    128689.91   -40247.173    2708.3338   -42955.507    770.52792   0.97049946 
232000    224.78234    232.19409    127776.08   -40269.045    2796.7196   -43065.765    768.72958   0.97744028 
234000    220.06536   -122.43457    127862.84   -40228.672    2738.0314   -42966.703    774.29185   0.97677709 
236000    222.68068    187.23773    127572.02   -40289.053     2770.571   -43059.624    776.84325    0.9790038 
238000    223.40644   -104.00559    128477.04   -40289.264    2779.6009   -43068.865    782.52456   0.97210747 
240000    226.58125    180.30981    127518.98    -40221.34    2819.1015   -43040.441     782.9732   0.97941101 
242000    223.01058     56.98437    127818.82   -40242.623    2774.6756   -43017.299    789.45564   0.97711344 
244000    219.13568    307.94012    127770.82   -40200.465    2726.4644    -42926.93    793.96314   0.97748057 
246000    225.64505    301.25278    127351.07   -40181.876    2807.4534    -42989.33      795.073   0.98070236 
248000    223.90629   -27.254843    128035.11    -40128.67    2785.8199    -42914.49     801.4693   0.97546281 
250000    220.51083    410.79382    127115.82   -40162.561     2743.574   -42906.135    802.16729   0.98251728 
252000    225.88988    26.138947     127760.6   -40146.742    2810.4996   -42957.242    810.78903   0.97755878 
254000    221.82026   -372.06331    127946.76   -40130.323    2759.8657   -42890.188    816.76531   0.97613642 
256000     218.7715    479.03421    127293.54   -40153.419    2721.9334   -42875.352    819.15054   0.98114559 
258000    222.46657    222.96405    126366.11   -40043.704    2767.9071   -42811.611    818.98781   0.98834641 
260000    224.99125    70.369482    127048.55   -40024.079    2799.3189   -42823.398    828.87698   0.98303754 
262000     226.2964    250.64528    126694.84   -39991.407    2815.5574   -42806.965     835.9806   0.98578196 
264000    223.39066    111.09786    126710.81   -40007.081    2779.4045   -42786.486    840.15146   0.98565774 
266000    224.62507    310.90433    126619.49   -40002.582    2794.7629   -42797.345    847.11787   0.98636861 
268000    225.04965    219.48395    127308.06   -39952.776    2800.0455   -42752.821    855.11891   0.98103366 
270000    221.03843    251.71177    127748.64   -40170.247    2750.1383   -42920.385    862.24678   0.97765028 
272000    220.72229    191.71659     127830.1   -40214.409     2746.205   -42960.614    866.51057   0.97702725 
274000    222.56138   -192.35906    127781.23   -40310.995    2769.0867   -43080.081    871.03104   0.97740089 
276000    227.83997    245.82171    128001.77   -40125.078    2834.7624    -42959.84    875.18163   0.97571691 
278000    225.35706   -42.644004    127657.46   -40169.876    2803.8703   -42973.747    877.89679   0.97834851 
280000    224.94874    507.35125     127290.5   -40146.493      2798.79   -42945.283    879.91411   0.98116902 
282000    225.05216   -73.027182    128346.68    -40126.38    2800.0767   -42926.456    889.51892   0.97309483 
284000    225.12312    166.59822    127720.33   -40182.959    2800.9596   -42983.918    892.99968   0.97786695 
286000    226.44251    95.172997    128084.53   -40191.399    2817.3754   -43008.774    897.41274   0.97508647 
288000    221.89283    297.88708    126923.65   -40141.102    2760.7686    -42901.87    898.23277   0.98400487 
290000    222.06337    221.27796    127876.98   -40116.294    2762.8906   -42879.185    907.34771   0.97666906 
292000    221.79883   -215.52748    127907.57   -40148.209    2759.5992   -42907.808    910.41223   0.97643549 
294000    222.44115    145.15479     127434.7   -40200.533    2767.5908   -42968.124    912.80398   0.98005876 
296000    225.20182    19.824134    127822.07   -40153.651    2801.9388    -42955.59    919.94376   0.97708867 
298000     227.6283    248.41226    126817.36   -40117.088    2832.1288   -42949.217    918.82406   0.98482958 
300000    224.74535     410.4039    127548.31   -40147.061    2796.2595   -42943.321    924.27302   0.97918581 
302000    218.97546    110.40692    127360.23   -40183.398     2724.471   -42907.869    927.95977   0.98063183 
304000    225.99679   -35.163757    127441.22   -40139.624    2811.8297   -42951.454    933.08031   0.98000862 
306000    227.14052    434.46181    127460.25   -40138.836    2826.0599   -42964.896    937.59579   0.97986227 
308000    223.42456    181.48677    127660.38   -40253.369    2779.8262   -43033.195    943.88103   0.97832616 
310000      222.526    284.53898    127419.31   -40257.525    2768.6465   -43026.171     947.0787   0.98017713 
312000    221.16037    198.47365    127839.26   -40248.311    2751.6555   -42999.966    951.54452   0.97695725 
314000    226.77138    243.41504    127586.17   -40236.193    2821.4671    -43057.66    953.68274   0.97889521 
316000    220.48009   -46.584617    127397.01   -40194.216    2743.1915   -42937.407    956.68335   0.98034872 
318000    224.67252    242.62872    127476.05   -40203.946    2795.3533   -42999.299     964.4111   0.97974083 
320000    221.41401    162.45129    128358.59   -40218.357    2754.8113   -42973.168    972.15989   0.97300451 
322000    225.74869      432.512    127567.23   -40092.458    2808.7429   -42901.201    971.50885   0.97904052 
324000    225.48543    98.933925    127352.61   -40075.735    2805.4674   -42881.202    972.42606   0.98069049 
326000    228.09387   -108.14369    127809.49   -40140.125    2837.9214   -42978.047    982.70109   0.97718481 
328000    221.05084    249.63812    127663.09   -40275.096    2750.2927   -43025.388    985.50165   0.97830537 
330000    225.27933   -235.76968    127624.01    -40099.25    2802.9032   -42902.153    990.89802   0.97860497 
332000    224.22082    358.91922    127582.29   -40071.849    2789.7333   -42861.583    993.68142   0.97892498 
334000    224.52484    -121.8256    127732.09   -40071.878    2793.5158   -42865.394    1001.3158   0.97777693 
336000    227.76021    392.36907    126867.42   -40143.138    2833.7701   -42976.908    1004.5239   0.98444101 
338000    217.87579    337.30156    127483.89   -40172.002    2710.7891   -42882.791    1012.9527   0.97968061 
340000    224.52272    530.04948    127518.42   -40269.644    2793.4895   -43063.134    1015.5268   0.97941532 
342000     222.5888     228.8067    127257.94   -40153.612    2769.4279    -42923.04    1017.1122   0.98142007 
344000    221.42326    443.95761    126560.49   -40078.877    2754.9264   -42833.804    1019.0184   0.98682846 
346000     222.2813    93.595305    127227.22   -40077.705    2765.6019   -42843.307     1026.351   0.98165696 
348000    225.37413    189.45897    126863.94   -40144.529    2804.0826   -42948.611    1027.3342   0.98446798 
350000    228.61458     34.23553    127599.84   -39990.136       2844.4   -42834.536    1036.1141   0.97879034 
352000     226.2182    -54.61668     127757.3   -39963.704    2814.5845   -42778.288    1041.7317   0.97758402 
354000    225.17775   -101.78796    127533.98   -39938.813    2801.6393   -42740.453    1047.3275   0.97929579 
356000    222.22179    79.551785    127201.43   -40014.648    2764.8616    -42779.51    1049.9761   0.98185605 
358000    224.92588    150.30909    126778.72   -40034.366    2798.5055   -42832.872    1049.9456    0.9851298 
360000    227.63632      122.615    126929.58   -39981.156    2832.2287   -42813.384    1056.6371   0.98395888 
362000    221.94531    99.622521    127016.02   -40027.017    2761.4216   -42788.439    1061.8546   0.98328931 
364000    229.70128    195.70348     127330.8    -40024.41    2857.9206   -42882.331    1068.4563   0.98085844 
366000    225.22907    91.186006    127634.82   -40038.712    2802.2778    -42840.99    1076.0172   0.97852211 
368000    225.74892     293.9041    127145.58    -40104.24    2808.7457   -42912.986     1077.156   0.98228734 
370000    223.18261    536.61329    127498.75   -40105.677     2776.816   -42882.493    1082.9886   0.97956639 
372000    228.18213   -117.13562    127956.64   -40059.931    2839.0195   -42898.951    1089.3514   0.97606101 
374000    224.28457    683.24165    126692.69   -40121.398    2790.5265   -42911.925    1087.5831   0.98579874 
376000     225.6565    543.31948    127934.93   -40162.966    2807.5958   -42970.562    1096.2647   0.97622667 
378000    229.17865    142.96977    127717.75   -40092.883    2851.4181   -42944.302    1100.1391   0.97788675 
380000    225.27848    161.91394       127700   -40164.462    2802.8926   -42967.354    1104.7027   0.97802264 
382000    222.11743   -217.69633    127859.44   -40037.177    2763.5632    -42800.74    1109.8887   0.97680307 
384000    225.67785    114.45246    127440.54   -40097.673    2807.8615   -42905.535    1113.8638   0.98001383 
386000    231.39292    232.05088    128103.21   -40047.829    2878.9679   -42926.797    1121.9702   0.97494424 
388000    223.09915    126.52624     127096.5   -40153.121    2775.7775   -42928.898    1120.0145   0.98266665 
390000      220.895    196.91349    127385.09   -40221.994    2748.3538   -42970.348    1123.9088   0.98044045 
392000    219.76256    160.60875    127064.36   -40235.123     2734.264   -42969.387    1126.7034    0.9829152 
394000    226.30693    153.35628    127830.46   -40174.487    2815.6884   -42990.175    1136.1923    0.9770245 
396000    223.22824   -173.11242    127890.27   -40167.003    2777.3837   -42944.387    1141.5562   0.97656757 
398000    223.86798   -134.09764    127810.66   -40203.068    2785.3433   -42988.411    1144.1198   0.97717584 
400000    228.64261    211.85943    127143.35   -40148.829    2844.7487   -42993.577    1145.2445   0.98230454 
402000     222.8699    617.23098    127092.24   -40169.474    2772.9252   -42942.399    1147.9398   0.98269959 
404000    224.70243    83.079146    127536.85   -40154.987    2795.7254   -42950.712    1153.8685    0.9792738 
406000    228.23627    589.55652    127766.24   -40083.172    2839.6932   -42922.865    1159.1878   0.97751557 
408000    226.18242     381.3044    127619.55    -40013.96    2814.1393     -42828.1    1161.3169   0.97863918 
410000    226.40791    174.87968    127339.92   -40096.925    2816.9449    -42913.87    1163.4703   0.98078821 
412000    221.54526    130.64054    126975.89   -40054.119    2756.4442   -42810.563     1167.003   0.98360002 
414000    224.69917    76.292143    127159.75   -40091.951    2795.6848   -42887.636    1171.9924   0.98217786 
416000    222.93827    432.26737    127451.04    -40143.95    2773.7759   -42917.726    1179.4678   0.97993307 
418000    225.73141    59.485196    127520.34   -40067.697    2808.5278   -42876.225    1186.9544   0.97940051 
420000     228.3483    156.27314    127979.44   -40050.697     2841.087   -42891.784     1193.785   0.97588715 
422000    224.22359    356.05686    127581.46   -40149.157    2789.7678   -42938.925    1197.4851   0.97893138 
424000    225.74498   -71.650967    127857.36   -40145.362    2808.6968   -42954.058    1205.1979   0.97681896 
426000    219.20234   -136.36486     128110.6   -40187.867    2727.2939    -42915.16    1213.4871     0.974888 
428000    222.13377    61.412624    127956.06   -40155.009    2763.7664   -42918.775    1217.9585   0.97606545 
430000    221.77873    562.90998    126891.36   -40137.207     2759.349   -42896.556    1218.1629   0.98425527 
432000    225.98519    665.72443    126407.02   -39991.551    2811.6853   -42803.237    1220.8803   0.98802653 
434000    227.61063    56.646676    127268.63   -39995.682     2831.909   -42827.591    1232.4564   0.98133761 
436000     226.5937   -59.552364    127777.26   -40063.808    2819.2564   -42883.065    1240.6562   0.97743131 
438000    226.34242    206.43944     127948.2   -40051.665      2816.13   -42867.795    1248.1875   0.97612541 
440000    230.44616    214.13343    127617.47   -40058.419    2867.1884   -42925.607    1249.1845   0.97865511 
442000    222.71647    432.08159    127257.79    -40103.45    2771.0163   -42874.466    1251.9493   0.98142119 
444000    223.66978    38.297199    127477.78   -40083.859    2782.8773   -42866.736    1258.7589   0.97972757 
446000    226.46371    177.87358    127853.56   -40090.532    2817.6391   -42908.171    1266.2024   0.97684799 
448000    226.16863    -129.7008    127905.68    -40130.21    2813.9678   -42944.178    1272.4361   0.97644995 
450000    224.77817   -139.98237    127020.31   -40033.615    2796.6678   -42830.283    1268.9966    0.9832561 
452000    224.44913    28.983583    127650.28   -40006.712    2792.5739   -42799.286    1279.9694    0.9784036 
454000     227.1661   -173.55144    127726.94   -40008.445    2826.3781   -42834.824    1284.4178   0.97781635 
456000    223.96818    293.94099    127520.51   -40016.876    2786.5899   -42803.466    1290.9235   0.97939928 
458000    224.60425    550.23789    127473.74    -40084.62    2794.5039   -42879.124    1294.5343   0.97975858 
460000    227.73274    243.34444    127581.14    -40092.95    2833.4282   -42926.378    1300.3186   0.97893378 
462000    223.85539    231.44923    127573.52   -40190.072    2785.1867   -42975.259    1303.9919   0.97899228 
464000    222.65453    59.727825    127553.39   -40136.509    2770.2457   -42906.755    1310.5453   0.97914678 
466000    225.13827    61.982117    127275.34   -40059.358    2801.1481   -42860.506    1315.2741   0.98128585 
468000    225.40243    347.44088    127035.29   -40040.746    2804.4348   -42845.181     1319.202   0.98314012 
470000    219.23863     188.0057    127489.39   -40119.394    2727.7454   -42847.139    1326.8573   0.97963834 
472000    222.10937     100.4954    127411.21       -40153    2763.4628   -42916.463    1329.5547    0.9802394 
474000    221.92418    119.00422    127607.62   -40125.256    2761.1587   -42886.414     1336.064   0.97873064 
476000    224.08116    298.71176    127339.82   -40093.382    2787.9956   -42881.378    1343.5419   0.98078894 
478000    225.92719   -113.61171     127066.9   -40139.921    2810.9638   -42950.885    1349.0717   0.98289556 
480000    224.68663     293.9744    126847.44    -40057.29    2795.5289   -42852.819    1351.3423   0.98459605 
482000    225.65748   -322.15839    127873.67   -39993.411     2807.608   -42801.019    1361.4418   0.97669435 
484000    226.78151    250.40149    127424.99   -40082.176    2821.5932    -42903.77    1364.9302   0.98013343 
486000     222.7103     151.9806     127805.6   -40207.149    2770.9395   -42978.088    1374.9455   0.97721457 
488000     223.6534    206.46005    127705.74    -40104.19    2782.6735   -42886.864    1378.1934   0.97797871 
490000     226.7091   -199.78555    127721.29   -40023.031    2820.6923   -42843.723    1383.9072   0.97785963 
492000    228.42456    135.74988    127504.42   -40094.574    2842.0358    -42936.61    1388.9569   0.97952287 
494000    221.61572    71.061707    127230.31   -40125.489    2757.3209    -42882.81     1392.829   0.98163318 
496000    230.83989    159.82444    127696.66   -40037.949    2872.0871   -42910.036    1403.2608   0.97804823 
498000    220.65476   -49.488458    127971.08   -40122.377    2745.3647   -42867.742    1407.6527   0.97595092 
500000    222.63825   -63.150743    127259.75   -40076.166    2770.0431   -42846.209    1407.1549   0.98140608 
502000    228.05252    295.70587    127191.45   -40054.356    2837.4069   -42891.763    1413.9695   0.98193308 
504000    230.73806    278.93906    127397.06   -40020.624    2870.8201   -42891.444    1422.9033   0.98034827 
506000    226.23997    484.93568    127725.57   -40125.708    2814.8553   -42940.563     1429.557   0.97782686 
508000    226.30718    319.76322    127944.58   -40107.137    2815.6916   -42922.829    1434.5853   0.97615306 
510000    226.91302   -5.0685548    127390.41   -40055.649    2823.2294   -42878.879     1435.124   0.98039951 
512000    223.24669    17.241611    127781.72    -40071.83    2777.6132   -42849.444    1441.9504   0.97739716 
514000    223.36755    62.703236     127698.3    -40120.91    2779.1169   -42900.027     1444.382   0.97803568 
516000    223.42347    824.53086    126775.42   -40117.651    2779.8127   -42897.464    1442.5359   0.98515538 
518000     222.5641    231.67825    126878.08   -40077.166    2769.1205   -42846.287    1445.1767    0.9843583 
520000    222.47145   -203.64448     126892.8   -40055.704    2767.9678   -42823.671    1448.2181   0.98424409 
522000    226.79909   -78.455138    127227.58   -40058.269    2821.8119   -42880.081    1456.9937   0.98165423 
524000    225.87162    175.32847    127317.88   -39989.998    2810.2724    -42800.27     1463.822   0.98095798 
526000    229.28351    113.20706    126917.19    -39976.54    2852.7228   -42829.262    1470.1929   0.98405495 
528000    228.80389    326.05441    126662.62   -39943.847    2846.7553   -42790.602    1468.8241   0.98603275 
530000    217.93956    443.40133    126783.38   -40078.128    2711.5824    -42789.71    1473.3276   0.98509359 
532000    226.64085    152.10164    127206.68   -40028.278     2819.843   -42848.121    1479.9921   0.98181552 
534000    224.71072   -77.090699    127914.71   -40075.749    2795.8285   -42871.577    1488.4275   0.97638096 
536000    226.05553   -136.25894    127389.54   -40040.187    2812.5606   -42852.748    1487.3407   0.98040621 
538000    227.39025   -61.351086    127454.12   -40152.084     2829.167   -42981.251    1493.8172    0.9799094 
540000    227.40967  -0.86923858    128088.12   -40109.715    2829.4086   -42939.123    1503.8691   0.97505914 
542000    224.33888    394.42554    127290.76   -40090.984    2791.2022   -42882.186    1501.9466   0.98116699 
544000    221.11709     433.7328    127411.78   -40172.096     2751.117   -42923.213    1509.8221   0.98023504 
546000    224.27344    146.27574    127159.43   -40124.377     2790.388   -42914.765    1512.5321   0.98218031 
548000    221.91239    281.46749    127310.55   -40089.915     2761.012   -42850.927    1515.3125   0.98101444 
550000    222.17409     67.36875    127469.99   -40064.483     2764.268   -42828.751    1520.7583   0.97978743 
552000    225.83916    294.57555     127511.1   -40041.859    2809.8685   -42851.727    1526.8361    0.9794715 
554000    224.40316    55.646872    127290.28   -40014.273     2792.002   -42806.275     1528.726    0.9811707 
556000    222.76632    155.50472     127482.9   -40110.968    2771.6366   -42882.605    1533.2065   0.97968821 
558000    221.22419   -27.384422    127332.51   -40100.533    2752.4496   -42852.983    1537.2294   0.98084524 
560000    228.87125    121.33161    127830.55   -40035.927    2847.5935   -42883.521     1548.896   0.97702381 
562000    229.05529    97.859672    127720.18   -40065.368    2849.8832   -42915.251     1554.669   0.97786808 
564000    229.48671    7.7404538    127775.26    -40074.91     2855.251   -42930.161    1559.9351   0.97744656 
566000    226.34931    -211.9228    127575.35   -40071.855    2816.2157   -42888.071    1562.2227   0.97897825 
568000    232.12808   -189.70726    128297.11   -40057.164    2888.1146   -42945.279    1569.0703   0.97347077 
570000     224.9462    40.505161    128078.56   -40101.479    2798.7584   -42900.237    1570.8803   0.97513191 
572000    226.93397    212.62721    127670.35   -40177.251      2823.49   -43000.741    1569.1164   0.97824974 
574000    225.48517    532.63511    127447.78   -40088.262    2805.4642   -42893.726    1573.3129   0.97995816 
576000    228.45021     210.9978     127973.2    -40114.47     2842.355   -42956.825    1582.4328   0.97593477 
578000    224.06477   -294.91649    128099.63   -40198.244    2787.7918   -42986.036    1587.7756   0.97497155 
580000    221.79367   -442.37519    128029.66   -40171.373    2759.5349   -42930.908    1591.6623   0.97550438 
582000    224.99138    377.60583    126928.31   -40112.332    2799.3205   -42911.653    1585.7387   0.98396872 
584000    221.96653    140.75084    127401.91    -40081.06    2761.6856   -42842.745    1594.7549   0.98031094 
586000     221.8009       541.74    126725.89    -40062.55    2759.6249   -42822.175    1591.9511   0.98554047 
588000    222.15283    270.75966     126811.8   -40054.187    2764.0035    -42818.19    1594.2541    0.9848728 
590000    225.92005   -200.80393    127484.36   -40033.879    2810.8749   -42844.754    1601.7003   0.97967699 
592000    227.24335     290.0754    126739.76   -40011.824    2827.3393   -42839.164    1602.2724    0.9854326 
594000    229.00524    165.22018    127156.04   -39969.514    2849.2606   -42818.774    1609.7931   0.98220655 
596000    222.41762   -49.208756    127755.48   -40023.517     2767.298   -42790.815     1616.884   0.97759792 
598000    226.68128    43.559901    127104.91   -40012.144    2820.3461    -42832.49    1615.7495   0.98260165 
600000    219.06921    294.47464    126583.83   -40145.953    2725.6375    -42871.59    1613.2168    0.9866465 
602000    224.54511   -37.449752    127548.07   -40149.437     2793.768   -42943.205    1628.7004   0.97918762 
604000     225.9005    305.43011    126819.98   -40024.266    2810.6317   -42834.897    1625.4004   0.98480927 
606000    220.60854   -120.15317    127528.87   -40078.542    2744.7896   -42823.332    1637.9926   0.97933506 
608000    223.06611   -36.316059    127981.66    -40157.86    2775.3665   -42933.227    1645.8351   0.97587022 
610000     223.0951    88.745632    127944.84   -40161.407    2775.7272   -42937.134    1647.6687   0.97615109 
612000    222.02826    409.98138    127445.94   -40131.642    2762.4537   -42894.096    1646.8392   0.97997232 
614000    224.81575   -5.2312692    127580.18   -40214.425    2797.1353   -43011.561    1653.5238   0.97894116 
616000    225.96646   -13.992555     128100.7   -40038.104    2811.4523   -42849.557    1661.9329   0.97496339 
618000     222.6258    -23.62796    127333.49   -40122.644    2769.8883   -42892.532    1658.8297   0.98083772 
620000    228.45901   -175.87939    127916.72   -39993.668    2842.4644   -42836.132      1669.79   0.97636565 
622000    224.73114   -35.915495    127402.03   -40005.586    2796.0826   -42801.669    1669.2774   0.98031004 
624000      223.412    63.784746     127454.7   -40054.529      2779.67   -42834.199    1676.1238   0.97990498 
626000    222.80342    110.55011    126987.63   -40069.736    2772.0982   -42841.834    1677.3129   0.98350908 
628000    221.85578    163.56757    127623.14   -40037.275    2760.3077   -42797.583    1687.3894   0.97861167 
630000    224.09153    137.83043    127043.19   -40099.745    2788.1247   -42887.869     1686.691   0.98307899 
632000    224.14023    253.55081    126979.88   -40074.037    2788.7306   -42862.767    1692.8257   0.98356913 
634000     227.7534   -6.0939928    127637.13   -40002.974    2833.6852   -42836.659    1697.7544   0.97850442 
636000    226.18113   -59.984313    128236.42   -40111.518    2814.1233   -42925.642    1708.2488   0.97393152 
638000    225.35807    782.24837    127300.47   -40171.115    2803.8829   -42974.998    1703.4517   0.98109216 
640000    224.79352   -106.15548    128414.28   -40108.696    2796.8587   -42905.555    1717.5451    0.9725826 
642000    226.79229    425.74026    127732.51   -40134.435    2821.7273   -42956.163    1714.6312   0.97777369 
644000    223.94269    21.000245    128651.32   -40167.567    2786.2728    -42953.84    1727.2596   0.97079058 
646000    222.02726    208.99406    128594.07   -40181.554    2762.4412   -42943.995    1731.4898   0.97122275 
648000     223.1307     17.96838    127694.72   -40175.835    2776.1701   -42952.005    1730.7865   0.97806305 
650000    225.88722   -55.946428    127648.23     -40104.5    2810.4665   -42914.966    1732.8991   0.97841927 
652000      225.626   -4.9651361    127077.27   -40068.734    2807.2163    -42875.95    1734.9321   0.98281538 
654000    224.78981    232.04937    127374.59   -40019.278    2796.8126   -42816.091     1744.443   0.98052123 
656000    219.00768    30.421836    127395.72   -40103.283    2724.8719   -42828.155    1748.1081   0.98035858 
658000    224.93285    59.270006     126763.9   -40117.091    2798.5923   -42915.683    1748.7082   0.98524492 
660000    225.58227    130.70742    127633.37   -40081.789    2806.6723   -42888.461    1759.2734   0.97853319 
662000    221.88667   -105.74663    128460.56   -40101.497     2760.692   -42862.189    1769.0598   0.97223215 
664000    221.95421    93.666153    127454.66     -40119.9    2761.5323   -42881.433    1765.5152   0.97990529 
666000    224.48576    489.33802    127626.97   -40126.152    2793.0297   -42919.181    1772.0396   0.97858229 
668000    225.87754    86.790807    127928.33   -40111.681     2810.346   -42922.027    1780.6236   0.97627707 
670000    221.98485   -24.447554     127816.3   -40152.476    2761.9135    -42914.39    1786.6453   0.97713275 
672000     223.0847    199.53972    127809.92    -40108.16    2775.5978   -42883.758    1792.5675   0.97718151 
674000    231.42443     59.64659    127845.54   -40079.643    2879.3599   -42959.002    1801.5153   0.97690922 
676000    225.25784    113.54722    127337.32   -40101.599    2802.6357   -42904.235    1801.1616   0.98080823 
678000    224.19632    283.83208    127512.37    -40112.57    2789.4284   -42901.999    1811.5847   0.97946177 
680000    225.21188    31.979338    128082.77   -40135.113    2802.0639   -42937.177    1821.7248   0.97509984 
682000    225.37721     113.4759    128536.29   -40175.157     2804.121   -42979.278    1826.8461   0.97165935 
684000    223.55363   -61.857722    127852.95   -40118.356    2781.4322   -42899.788    1825.0836   0.97685266 
686000    222.41213    465.87951     127676.1   -40210.538    2767.2298   -42977.768    1827.0166   0.97820574 
688000    224.11598    308.55854    127741.38   -40203.473    2788.4289   -42991.902    1835.1949   0.97770586 
690000    221.06843   -30.584215    127374.03   -40180.642    2750.5116   -42931.154    1840.0859   0.98052557 
692000     226.9711   -165.31353    128148.41   -40053.395     2823.952   -42877.347     1849.996   0.97460042 
694000     225.6506    395.33013    127183.89   -40089.449    2807.5224   -42896.971    1845.8704   0.98199141 
696000    227.83872    151.52748    127804.87   -40183.201    2834.7469   -43017.947    1857.3962   0.97722011 
698000    223.17826   -202.98201    128275.89   -40161.996    2776.7619   -42938.758    1867.0848   0.97363186 
700000    225.11075    520.92062    127489.97   -40149.384    2800.8058   -42950.189    1865.5391   0.97963387 
702000    226.61916   -392.67209    128544.69   -40108.734    2819.5731   -42928.307    1881.4323   0.97159588 
704000    227.48422   -203.61728    127989.25   -40040.821    2830.3362   -42871.158    1880.1744   0.97581232 
706000    228.89604    53.123632    127579.21   -40005.004    2847.9019   -42852.906    1882.9338   0.97894863 
708000    226.78449    77.937437    127686.42   -40095.459    2821.6302   -42917.089    1888.6374   0.97812668 
710000    226.11713    24.264787    128097.55   -40175.693    2813.3269    -42989.02    1896.3256   0.97498733 
712000     222.1132    264.15779    127289.13   -40157.799    2763.5105   -42921.309    1893.5092   0.98117952 
714000    226.16574    442.21662    127543.33   -40107.258    2813.9317   -42921.189    1902.1582   0.97922404 
716000    226.54352    436.01525    127448.46   -40113.033    2818.6321   -42931.665    1902.8846   0.97995291 
718000    225.03012     74.23344    126921.96   -40079.044    2799.8025   -42878.846    1905.1371   0.98401801 
720000    226.27645   -180.55579    127447.34   -39984.419    2815.3093   -42799.729    1914.6676    0.9799615 
722000    225.25109    135.43934    127179.07     -40026.2    2802.5519   -42828.752    1916.0079   0.98202868 
724000     226.3826   -26.506657    127253.69   -40013.567    2816.6299   -42830.197    1916.9259   0.98145282 
726000     224.8306    266.68692    126730.23   -40007.909    2797.3201    -42805.23    1915.7319   0.98550674 
728000    224.31952   -120.32375    128108.23   -40061.438    2790.9613   -42852.399    1935.9072   0.97490605 
730000    228.40711   -220.63753    127571.27    -40033.13    2841.8187   -42874.949    1936.6104   0.97900955 
732000    227.38674    95.683298    128059.49   -40066.479    2829.1234   -42895.603    1945.6447   0.97527713 
734000    225.11684    44.593201    128022.84   -40134.751    2800.8815   -42935.632    1953.7148   0.97555635 
736000    224.43708     156.4813    127743.88   -40163.297    2792.4239   -42955.721    1953.0032   0.97768668 
738000    224.96308    87.729416    128076.38   -40096.859    2798.9684   -42895.827    1962.6877   0.97514849 
740000     220.7409   -470.33854    128600.91   -40111.131    2746.4364   -42857.567    1972.8457   0.97117111 
742000    224.62928    191.54903    127818.07   -40020.791    2794.8153   -42815.606     1968.104   0.97711919 
744000    225.16855    413.76519    127582.98   -40041.122    2801.5248   -42842.646    1968.0337   0.97891969 
746000    221.87762    309.29954    127097.29   -40046.629    2760.5795   -42807.208    1969.0113   0.98266052 
748000    223.21368    352.08783    126628.81   -40060.723    2777.2026   -42837.926    1969.8682   0.98629603 
750000     223.3881    183.15858    127500.73   -40068.678    2779.3727   -42848.051    1980.2674   0.97955115 
752000    228.83173    25.423979     127907.6   -40055.529    2847.1018   -42902.631    1989.5134   0.97643525 
754000     227.6748   -53.094293    127852.54   -40054.733    2832.7073    -42887.44     1997.643   0.97685574 
756000    227.23682    302.80914    127309.48   -40093.475    2827.2581   -42920.733    1995.7576   0.98102273 
758000    223.72212    8.2500998    127127.23   -40039.963    2783.5285   -42823.491    1998.7313   0.98242914 
760000    227.99983    192.47512    127296.64   -40015.378    2836.7514    -42852.13    2005.9252   0.98112168 
762000    228.01335   -62.256753    126937.85   -40037.514    2836.9195   -42874.433    2010.3561   0.98389478 
764000    220.61539    265.16079    127231.76   -40057.039    2744.8749   -42801.914     2016.039   0.98162198 
766000    226.51484   -70.473206    127349.21   -40061.042    2818.2752   -42879.317    2022.6287   0.98071666 
768000    222.77797   -275.59814    127662.32   -40118.108    2771.7815   -42889.889    2031.0183   0.97831132 
770000    220.97994     275.4399     127744.8   -40151.689    2749.4106     -42901.1    2037.1805   0.97767966 
772000    225.33117   -39.975868    127614.69   -40135.166    2803.5481   -42938.714    2041.1669   0.97867646 
774000    227.63077    152.38248    127668.48   -40087.157    2832.1595   -42919.317    2045.6628   0.97826407 
776000    223.90005   -288.62705    128143.56   -40100.325    2785.7423   -42886.068    2053.5465    0.9746373 
778000    222.83511  -0.97438886    127878.42   -40142.082    2772.4924   -42914.574    2054.6843   0.97665805 
780000    224.47522     90.78816    128040.87   -40166.112    2792.8985    -42959.01    2061.1419   0.97541893 
782000    220.42675    112.30272    127886.56   -40149.132    2742.5278    -42891.66    2066.7422    0.9765959 
784000    224.23478   -48.948239    127532.23   -40024.383    2789.9069   -42814.289    2065.6773   0.97930921 
786000    228.96739    55.405523    127681.02   -40042.546    2848.7896   -42891.335    2073.2711     0.978168 
788000    220.54935    270.78942    127035.99   -40023.305    2744.0532   -42767.358    2069.4387   0.98313471 
790000    221.76708    14.032656    127445.95   -40114.632    2759.2041   -42873.836    2077.1739   0.97997221 
792000    224.61123    703.92619    127343.04   -40161.757    2794.5907   -42956.348     2076.713   0.98076418 
794000     224.1898     269.2874    127451.91   -40129.073    2789.3473    -42918.42    2079.6601   0.97992643 
796000    226.92686   -13.525437     127658.9   -40125.748    2823.4016    -42949.15    2087.5547   0.97833751 
798000    225.61114    128.18118    127645.28   -40057.023    2807.0315   -42864.054    2092.6094    0.9784419 
