94000     217.6946    283.66497    131577.34     -41136.8    2708.5347   -43845.334      139.188    0.9492021 
96000    213.91251     293.1589    131156.38   -41131.269    2661.4783   -43792.747    140.21373   0.95224869 
98000    214.29545    -33.74725    131463.02   -41136.795    2666.2428   -43803.038    141.59797   0.95002757 
100000    216.99277      95.6399    131207.95   -41205.606    2699.8025   -43905.408    141.62928   0.95187442 
102000    215.00321    -115.1778    131596.75   -41249.429    2675.0487   -43924.478    143.40935    0.9490621 
104000     214.2543   -126.95283    131558.66   -41152.327    2665.7308   -43818.057    145.34142   0.94933692 
106000    215.91562    15.599585    131567.27   -41275.953    2686.4009   -43962.354    146.05834   0.94927475 
108000    213.68776   -23.484522    131861.96   -41288.305    2658.6819   -43946.987    147.48251   0.94715327 
110000    214.71552    140.71828    131643.66   -41275.289    2671.4693   -43946.758    147.82474   0.94872392 
112000     212.5187    151.54635    131159.49     -41363.7    2644.1366   -44007.837    148.91438   0.95222612 
114000    211.78651     304.8484    131065.95   -41354.298    2635.0268   -43989.324     149.1824    0.9529057 
116000    214.18862   -317.62321    132085.43   -41262.626    2664.9136   -43927.539    150.68021   0.94555086 
118000     216.2299    171.54099    131711.23   -41264.857     2690.311   -43955.168    151.18083   0.94823721 
120000    211.07113    128.66786    131696.05   -41372.113    2626.1261   -43998.239    152.15773   0.94834651 
122000    213.63228    49.908668    131810.76   -41343.778    2657.9918   -44001.769    153.12579   0.94752121 
124000    212.51775   -178.98425    131684.66   -41342.189    2644.1249   -43986.314     154.1018   0.94842858 
126000    214.48331   -348.18613    132739.34   -41365.763    2668.5801   -44034.343    156.30532   0.94089279 
128000    212.22574    9.5485706    132094.95   -41404.497    2640.4917   -44044.989    156.64898   0.94548272 
130000    216.11011    118.18005    131758.68   -41323.487    2688.8207   -44012.308    156.97868   0.94789571 
132000    217.11967    334.32451    131921.25    -41292.79    2701.3815   -43994.171    157.68476    0.9467276 
134000    218.53482    -352.6084    132432.28   -41266.542    2718.9886    -43985.53    159.25492   0.94307442 
136000     219.3743   -73.041989    132120.33   -41225.139    2729.4334   -43954.572     160.6494   0.94530112 
138000    217.88679    347.20566    132108.88   -41219.891     2710.926   -43930.817    161.40884   0.94538298 
140000    214.13053   -103.14084    131457.99   -41200.216    2664.1909   -43864.407    161.38286    0.9500639 
142000    213.81242   -143.11321    132030.77   -41302.182     2660.233   -43962.415    163.18153   0.94594231 
144000    215.40789     79.82398    131891.81   -41339.854    2680.0837   -44019.938    163.75218   0.94693897 
146000    214.47452    218.47643    132043.08   -41306.707    2668.4708   -43975.177    165.11987   0.94585409 
148000    213.68591    117.25741    132287.05   -41334.801     2658.659    -43993.46    166.35613   0.94410975 
150000    210.88745   -19.877508    132224.97   -41422.306    2623.8408   -44046.147    167.31844   0.94455302 
152000    212.39494    188.30303    131934.48    -41350.87    2642.5968   -43993.467    167.47598   0.94663268 
154000    216.91529    20.403469    132163.03   -41280.485    2698.8386   -43979.323    168.13437   0.94499567 
156000    218.30876     64.63271     132101.5   -41266.173    2716.1761   -43982.349    169.34454    0.9454358 
158000    214.61099      53.5353    131761.45   -41245.305    2670.1688   -43915.474    170.23409   0.94787584 
160000    214.46859   -168.16358     132033.6   -41270.483     2668.397    -43938.88    172.47371   0.94592201 
162000    212.92608    257.03592    131518.39    -41339.19    2649.2052   -43988.396    172.95952   0.94962756 
164000    218.39179    132.58586    131967.56   -41206.361    2717.2091    -43923.57    173.63933    0.9463954 
166000    215.28733    88.763474    132143.77   -41325.232    2678.5837   -44003.816    175.02362   0.94513339 
168000    216.65045    98.351541    132056.19    -41323.18    2695.5435   -44018.724    175.77857   0.94576023 
170000    218.09481    225.04719    131917.75   -41228.554    2713.5141   -43942.068    176.20595   0.94675274 
172000    217.48767    279.22322    131445.96   -41228.413    2705.9601   -43934.373    176.96011   0.95015084 
174000    212.70426    259.40057    131311.34   -41170.821    2646.4453   -43817.266    177.49279   0.95112498 
176000    217.30074   -107.54989    131597.69   -41236.459    2703.6343   -43940.093    179.48881   0.94905535 
178000    212.70239   -253.23549    131745.76   -41242.319    2646.4221   -43888.741    180.66707   0.94798873 
180000    223.18699    347.32095    131608.29   -41173.147    2776.8705   -43950.017    181.50329   0.94897892 
182000    220.00085    69.038492    131761.32   -41286.719    2737.2288   -44023.948    183.46366   0.94787676 
184000    208.48374   -44.784374    131844.93    -41354.59    2593.9341   -43948.524    184.76123   0.94727568 
186000    214.77415    94.742737    131629.84   -41307.105    2672.1988   -43979.304    185.22742   0.94882357 
188000    211.86515    142.02322    132153.66    -41334.51    2636.0052   -43970.515    185.77263   0.94506271 
190000    214.79497    379.87414    131639.36   -41339.627    2672.4578   -44012.085    186.10471   0.94875494 
192000    215.39242    464.78976    132050.28   -41398.816    2679.8912   -44078.707    188.27368   0.94580257 
194000    215.11575    511.31222    132047.85   -41321.355     2676.449   -43997.804    188.62086   0.94581995 
196000    217.83063    186.16835     132397.7   -41369.606    2710.2272   -44079.834    190.05453   0.94332073 
198000    218.24005    218.80231    131934.84   -41299.271    2715.3212   -44014.592    191.00877   0.94663012 
200000    216.24324    188.86346    131985.55   -41417.039     2690.477   -44107.516    191.73265   0.94626642 
202000    213.86613   -55.270354    132400.02   -41372.821    2660.9012   -44033.723    192.28464   0.94330415 
204000    214.34672    82.339068    131931.43    -41363.58    2666.8808   -44030.461    192.65026   0.94665457 
206000    214.91222   -240.14341     132695.2   -41351.894    2673.9166   -44025.811    194.99897   0.94120576 
208000    218.67993   -16.828897     132334.2   -41393.709     2720.794   -44114.503    194.25868   0.94377337 
210000    213.52582    230.51722    131805.42   -41406.026    2656.6671   -44062.693     195.0581   0.94755963 
212000    217.88619    213.39567    131702.21   -41313.128    2710.9184   -44024.046    195.59859   0.94830219 
214000    217.49333    100.55375    131893.38   -41244.559    2706.0306    -43950.59    197.00085   0.94692769 
216000    213.15343    96.780741    132010.85   -41374.812    2652.0339   -44026.846    197.56419   0.94608507 
218000    211.21522     183.0939    132147.12   -41395.486    2627.9188   -44023.405    198.81758   0.94510946 
220000    212.07025    180.61254    131729.96   -41382.963     2638.557    -44021.52     199.6823   0.94810242 
222000    214.58216    564.39019    131783.33   -41291.114    2669.8101   -43960.924    200.56733   0.94771846 
224000    215.93251    322.03674    131941.22   -41286.801     2686.611   -43973.412    201.89435   0.94658436 
226000    215.59044    233.28493    131746.41   -41312.664    2682.3549   -43995.019    202.20822   0.94798405 
228000    214.90426    80.728871    132603.36   -41418.588    2673.8175   -44092.406    204.44126    0.9418577 
230000    210.73329    177.07758    132608.37   -41462.052    2621.9228   -44083.975    205.62995    0.9418221 
232000    212.82551    29.978213    132712.92   -41448.425    2647.9539   -44096.379    206.42842   0.94108009 
234000     211.1342   -237.71513    132365.27   -41405.209    2626.9108    -44032.12    206.40595   0.94355182 
236000    210.64466    130.62926    131892.67   -41469.109      2620.82   -44089.929    206.38741   0.94693275 
238000    207.71593    495.22361    132158.45   -41498.364    2584.3811   -44082.745      207.704   0.94502842 
240000    209.94233    222.54365    132188.91   -41436.083    2612.0817   -44048.164    209.19294   0.94481066 
242000     213.1471    160.50136    131951.53    -41419.88    2651.9551   -44071.835    209.58542   0.94651034 
244000    214.38849    27.251594    132325.99   -41403.134    2667.4004   -44070.534    211.13947   0.94383191 
246000    212.97216     7.913514    132049.05   -41376.695    2649.7786   -44026.474    212.10235   0.94581135 
248000    216.16657    89.199339    131921.09     -41336.7    2689.5231   -44026.223    212.63945   0.94672875 
250000    217.48987    205.41711    131975.19   -41379.859    2705.9874   -44085.846    213.10018   0.94634065 
252000    218.37987    492.57932    131964.86   -41398.803    2717.0607   -44115.864    214.85654   0.94641476 
254000    214.99846    387.36446    132015.78   -41428.054    2674.9895   -44103.043    215.03425    0.9460497 
256000    213.32641    235.89867    132112.11   -41487.136    2654.1861   -44141.322    215.83072   0.94535991 
258000    215.76582     315.4249     131959.4   -41372.145     2684.537   -44056.682    216.08281    0.9464539 
260000    213.47264   -131.76669     132278.7   -41355.029    2656.0055   -44011.034    217.23753   0.94416931 
262000    214.76606   -267.21403    132591.56   -41314.627    2672.0981   -43986.725    219.24346   0.94194151 
264000     215.9275    344.88283     132250.4   -41321.322    2686.5486    -44007.87    219.98411   0.94437138 
266000    214.39772    291.18312    131838.01   -41296.073    2667.5152   -43963.588    221.01786   0.94732533 
268000    217.19818    496.48592    131592.23    -41240.95    2702.3583   -43943.309    222.61572    0.9490947 
270000    209.76529    31.567251    131656.26   -41419.789     2609.879   -44029.668    223.15618   0.94863312 
272000    209.95172    140.78821    131962.24   -41435.559    2612.1986   -44047.758    224.54775   0.94643356 
274000    211.75423    398.52097    131764.89   -41509.859    2634.6252   -44144.484    225.29325    0.9478511 
276000    219.79143    518.47926    131889.12   -41334.463    2734.6233   -44069.086     225.7147   0.94695827 
278000    213.17653    614.25429    131999.69   -41394.625    2652.3213   -44046.946    225.76835   0.94616506 
280000    217.75407    67.018326     132464.8   -41383.961    2709.2746   -44093.236    227.46718   0.94284287 
282000    213.95086    24.501466    132390.01   -41366.524    2661.9555    -44028.48    228.48499   0.94337549 
284000    216.48518   -43.121319    132356.78   -41431.506    2693.4872   -44124.993    228.41773   0.94361237 
286000    216.17093    287.67992    131796.74   -41428.757    2689.5774   -44118.335    229.31684   0.94762198 
288000    212.96195   -141.88493    132062.61   -41386.345    2649.6516   -44035.997    230.18765   0.94571421 
290000    206.65022   -14.050793    132253.75   -41382.028    2571.1216    -43953.15    231.23351   0.94434746 
292000    212.97705    387.08389    132357.57   -41398.629    2649.8394   -44048.469    231.84058   0.94360668 
294000    211.90964   -158.98777    132341.39   -41453.795    2636.5588   -44090.354    233.00023    0.9437221 
296000     217.0048    13.519412    132632.03   -41406.755    2699.9523   -44106.707    233.38718   0.94165404 
298000    218.43647    212.25264    132516.48   -41438.088     2717.765   -44155.853    233.84864   0.94247513 
300000    213.90896    143.29434    132526.85   -41482.759    2661.4341   -44144.193    234.87639   0.94240141 
302000    214.06749    351.93793    132146.35   -41534.838    2663.4065   -44198.244    235.16412   0.94511495 
304000    216.40346    169.93515    132638.22    -41478.74    2692.4705    -44171.21    236.41891   0.94161015 
306000    211.90585   -88.711906    132836.87    -41460.41    2636.5116   -44096.921     236.5621   0.94020202 
308000    211.82885   -129.06636    132758.45   -41566.911    2635.5536   -44202.465    237.16871   0.94075738 
310000    213.65744   -34.990002    132688.34   -41556.757    2658.3048   -44215.061    237.52342   0.94125444 
312000    212.01145    257.73959    132379.37   -41523.338    2637.8255   -44161.163    238.03526   0.94345129 
314000    214.86316    261.62207    132339.26   -41500.636    2673.3063   -44173.942    239.27358   0.94373729 
316000    217.06612   -19.980455     132736.3   -41477.641    2700.7152   -44178.357    240.21815   0.94091436 
318000    214.69209   -56.011806    132875.04   -41564.611    2671.1778   -44235.789    241.28403   0.93993193 
320000    210.49446     429.8747    132639.88   -41575.668    2618.9513   -44194.619    241.31333   0.94159832 
322000    214.32777    227.61699    132710.27   -41435.977    2666.6449   -44102.622    242.66355    0.9410989 
324000    214.31711   -34.582767    132493.11   -41408.311    2666.5123   -44074.824    243.30882    0.9426414 
326000    211.41947   -12.132284    133053.66   -41443.403    2630.4601   -44073.863    244.91588   0.93867012 
328000    209.72843    309.22817    132255.21   -41580.628    2609.4204   -44190.049     245.4025   0.94433703 
330000    215.15887    254.75281       132328   -41412.784    2676.9854   -44089.769    246.35238   0.94381756 
332000    214.82967    132.45815    132425.96    -41413.53    2672.8896    -44086.42    246.61114   0.94311939 
334000    219.89328    30.811786    132183.83   -41426.189    2735.8904   -44162.079    247.00612   0.94484695 
336000    215.74697    297.67937    132177.58   -41456.957    2684.3025    -44141.26    247.40156   0.94489165 
338000    211.97622   -74.686415    132476.89   -41482.237    2637.3872   -44119.624    248.13764   0.94275683 
340000    211.30298   -307.73393    132661.94   -41526.167    2629.0108   -44155.178    248.53299   0.94144179 
342000    216.58288    97.525543    132140.39   -41407.843    2694.7027   -44102.546     248.6177   0.94515756 
344000    219.38036    158.68539    132322.52   -41422.125    2729.5088   -44151.633    249.51253   0.94385668 
346000    217.12247    81.847467    132800.91   -41458.466    2701.4163   -44159.883    250.72779   0.94045656 
348000     210.6874     310.5528    131999.98   -41500.781    2621.3518   -44122.133    250.33248   0.94616297 
350000    214.30658    255.71158    132092.45   -41364.592    2666.3813   -44030.973    251.17917   0.94550063 
352000    221.24486    389.70248    132220.62    -41341.35    2752.7066   -44094.056    253.07071   0.94458406 
354000    215.13169    306.34269    131995.31   -41283.701    2676.6472   -43960.349     252.9657   0.94619645 
356000    210.34789     506.0088    131132.19   -41348.562    2617.1277    -43965.69    252.70496   0.95242439 
358000    214.83965    66.752881    131922.39   -41366.675    2673.0137   -44039.689    254.83655   0.94671941 
360000    216.14005    115.72876    132240.28   -41309.062    2689.1931   -43998.255    256.68462   0.94444362 
362000    213.94401   -201.99412     132599.9    -41368.45    2661.8702    -44030.32    258.52487   0.94188221 
364000    214.82719   -57.049045    132366.92   -41357.257    2672.8587   -44030.115    258.72731   0.94354008 
366000     214.4225    32.119454    132201.41   -41343.417    2667.8236   -44011.241    259.50201   0.94472133 
368000    214.71229    539.22304     131695.6   -41404.551    2671.4291    -44075.98    259.73057   0.94834979 
370000    210.56854    31.079711    132143.75   -41379.421    2619.8729   -43999.294    262.05601   0.94513354 
372000    213.14607    322.81457    131628.44   -41287.484    2651.9423   -43939.426    261.67999    0.9488336 
374000     215.0135    292.76537    132178.33    -41318.79    2675.1767   -43993.966    262.59089   0.94488628 
376000    211.69126    201.13315    132596.82   -41360.415    2633.8417   -43994.256    263.48943   0.94190415 
378000     217.8802    98.643746    132328.29   -41281.203     2710.844   -43992.047    263.72208   0.94381548 
380000    211.52372     220.9894     131765.7   -41290.436    2631.7572   -43922.193    263.98786   0.94784524 
382000    218.22514    374.60653    131548.07   -41195.375    2715.1356    -43910.51    264.10024   0.94941337 
384000    214.58108    254.26514     131665.6   -41256.472    2669.7965   -43926.268    266.04153   0.94856588 
386000     217.3439   -29.832672     131229.3   -41171.379    2704.1713    -43875.55    266.23616   0.95171953 
388000    210.65434    -203.2225    131221.78   -41248.611    2620.9405   -43869.552    266.98964   0.95177406 
390000    211.52699   -33.550089     131530.6   -41315.069    2631.7978   -43946.867    269.09801   0.94953942 
392000     210.4759    197.17085     131694.7   -41354.711    2618.7204   -43973.431    270.28962   0.94835623 
394000    216.11234    380.41979    131932.61    -41301.55    2688.8484   -43990.399    270.74046   0.94664611 
396000    215.72646    127.86003    131885.58   -41311.762    2684.0473    -43995.81    271.68488   0.94698365 
398000    210.74558     164.9422    131534.47   -41326.979    2622.0757   -43949.055    272.22981    0.9495115 
400000    216.69026   -95.448347    132093.41   -41292.461    2696.0388     -43988.5    273.90006   0.94549374 
402000    216.66857    33.213471    131736.84   -41295.261    2695.7689    -43991.03    274.28915   0.94805285 
404000    214.28007   -24.045338    131890.94   -41295.883    2666.0514   -43961.934    275.88267   0.94694517 
406000    215.60937    190.83919    131826.93   -41236.275    2682.5905   -43918.865    276.04405   0.94740496 
408000    214.65818    256.06988    131517.81   -41158.231    2670.7559   -43828.987    276.11718   0.94963178 
410000    217.74351    336.75582    131929.59   -41253.606    2709.1433    -43962.75    278.10962   0.94666777 
412000    210.14928    -47.19031    131798.96   -41242.702    2614.6566   -43857.358    278.94439   0.94760606 
414000    217.50885    139.03064    131929.05   -41281.853    2706.2236   -43988.076    279.51242   0.94667162 
416000    215.73192   -62.105267    132111.57    -41342.13    2684.1152   -44026.245     280.6085   0.94536379 
418000    216.13754    150.86938    132090.82   -41275.471    2689.1618   -43964.633     282.3451   0.94551228 
420000    213.59983    84.199932    131861.85   -41255.886     2657.588   -43913.475    283.05339    0.9471541 
422000    215.05601   -128.19138    132498.22   -41341.886    2675.7056   -44017.591    284.79661   0.94260504 
424000    213.69376   -30.404883    132505.35   -41340.332    2658.7567   -43999.089    285.48571   0.94255429 
426000    210.46829    96.448163    132186.83     -41396.1    2618.6257   -44014.726    286.19176   0.94482554 
428000     211.6733      67.4176    132217.88   -41380.644    2633.6183   -44014.262    287.00178   0.94460362 
430000    216.69814    256.36742    132395.52    -41383.41    2696.1368   -44079.547     288.0991   0.94333627 
432000    220.76678    461.55967     131941.9   -41291.709    2746.7584   -44038.468    288.47523   0.94657948 
434000    214.58137   -329.85283    133271.18    -41339.34    2669.8002    -44009.14    291.12609   0.93713803 
436000    216.44118   -32.871191    132677.57   -41434.013    2692.9398   -44126.953    290.58637   0.94133084 
438000    220.85628    119.72217    132797.98   -41405.714     2747.872   -44153.586    292.27667   0.94047733 
440000      217.533     228.6552     132342.4   -41397.778    2706.5241   -44104.302     291.5439   0.94371486 
442000     217.8669   -218.98487    132848.14   -41460.448    2710.6785   -44171.126    291.99838   0.94012226 
444000    215.11023    16.583943    133120.32   -41470.198    2676.3802   -44146.579    293.83883   0.93820007 
446000    216.43596    196.97496    132592.42   -41424.113    2692.8748   -44116.987    294.00754   0.94193535 
448000    213.12956    319.85966    132539.32   -41446.947     2651.737   -44098.684    294.84808   0.94231275 
450000    214.86066    190.62301    131750.55   -41333.533    2673.2751   -44006.808    294.10205   0.94795419 
452000    213.74884    119.77033     131900.5   -41285.544    2659.4419   -43944.986      295.204   0.94687654 
454000    213.31589    573.55464    131796.52   -41291.776    2654.0552   -43945.831    296.37943    0.9476236 
456000    215.08391    59.607417    132261.38   -41299.332    2676.0528   -43975.385    298.24881   0.94429297 
458000    214.63858   -166.22999    132075.45   -41371.847     2670.512   -44042.359    298.12855    0.9456223 
460000    217.91633    117.69234    132506.41   -41365.432    2711.2934   -44076.725    299.67829   0.94254675 
462000    213.30069     107.6403    132457.69   -41427.807    2653.8661   -44081.673    300.23377   0.94289346 
464000    213.37733    366.94547    132042.81   -41366.938    2654.8197   -44021.758    300.85567   0.94585604 
466000    213.77863   -68.367303    132359.44   -41336.559    2659.8125   -43996.371    301.87695   0.94359341 
468000    215.96044   -312.52898    132513.22    -41324.14    2686.9585   -44011.098    303.06729   0.94249833 
470000    214.93949    87.434576    131933.76   -41371.082    2674.2559   -44045.338    303.03305   0.94663788 
472000    212.86511   -122.23499    132283.99   -41365.526    2648.4466   -44013.972    303.73166   0.94413156 
474000    218.50137   -50.176255     132191.7   -41353.238    2718.5724    -44071.81    304.68891   0.94479074 
476000    212.51139   -257.31654     132283.3   -41353.578    2644.0458   -43997.624    306.14633   0.94413646 
478000    214.91614   -69.490319    132244.23   -41428.536    2673.9654   -44102.502    306.96526   0.94441543 
480000    215.42399    88.483233    131926.99   -41358.664     2680.284   -44038.948    307.26784   0.94668644 
482000     213.4231    154.41824    131745.04   -41282.437    2655.3891   -43937.826    307.51921   0.94799387 
484000    215.09182    -62.90606    132134.47   -41347.577    2676.1512   -44023.728    309.73361   0.94519992 
486000    206.23168   -8.4661604    131443.22   -41381.843    2565.9142   -43947.758    309.39672   0.95017064 
488000    215.18533    270.32169     131619.8   -41287.469    2677.3146   -43964.784    310.84694   0.94889593 
490000    215.28084    289.98701    131399.24   -41189.048     2678.503   -43867.551    312.17753   0.95048869 
492000    216.89377     276.6462    131148.97   -41251.653    2698.5709   -43950.223    312.22684   0.95230249 
494000    213.99438    495.51984    131399.29   -41308.454    2662.4969   -43970.951    313.64133   0.95048829 
496000    214.72659   -148.31717    132263.85   -41261.426     2671.607   -43933.033    316.89372   0.94427534 
498000    214.70209   -130.60869    131876.11   -41366.122    2671.3021   -44037.424    317.16321   0.94705168 
500000    209.85452   -55.215942    131988.03   -41348.683    2610.9892   -43959.672    317.53087   0.94624863 
502000     215.5659   -242.58202    132266.38   -41286.468    2682.0496   -43968.517    319.23207   0.94425725 
504000    214.84094   -208.44313     131880.1    -41232.15    2673.0297    -43905.18     320.2205   0.94702302 
506000    209.58975   -24.581973    131760.32   -41302.795     2607.695    -43910.49    321.64471   0.94788394 
508000    217.63645   -165.36293    131860.33   -41288.873    2707.8112   -43996.684    323.03397   0.94716499 
510000    215.91859    171.41229    131294.24   -41234.213    2686.4378    -43920.65    323.26455   0.95124882 
512000    214.34558    242.83403    131458.48    -41254.76    2666.8666   -43921.626    323.26185   0.95006039 
514000    213.69158    435.44697    131576.04   -41288.792    2658.7296   -43947.521     324.9427    0.9492115 
516000    213.47833   -92.868534    131287.62   -41284.161    2656.0763   -43940.238    325.17954   0.95129682 
518000      214.964     176.3374    131466.94   -41263.668    2674.5608   -43938.229    326.23782   0.94999925 
520000     214.8366    35.699845    131802.97   -41273.808    2672.9758   -43946.784    327.75757   0.94757721 
522000    214.79415   -59.081437    132077.77   -41282.718    2672.4476   -43955.165    329.76732   0.94560568 
524000    216.26114    336.43011    131761.29   -41236.602    2690.6997   -43927.302    329.62797   0.94787697 
526000    216.77657    318.40265     131741.1    -41239.76    2697.1127   -43936.872    330.96839   0.94802221 
528000    217.42302    324.69454    131446.77   -41213.109    2705.1557   -43918.265    331.51119   0.95014498 
530000    213.00566    280.19646    131459.74   -41315.127    2650.1954   -43965.323    332.35398   0.95005127 
532000    215.45897    373.95119    131532.89   -41240.388    2680.7193   -43921.108     333.8496   0.94952288 
534000    211.73954    256.60383    131520.93   -41248.682    2634.4424   -43883.125    335.84608   0.94960922 
536000    218.91547     82.50853    131824.18   -41203.109    2723.7247   -43926.834    337.13371   0.94742476 
538000    214.65463   -38.628311    131658.63   -41303.212    2670.7117   -43973.924     338.4608   0.94861608 
540000    216.08098    300.13845    131656.45   -41248.473    2688.4582   -43936.931    338.47433   0.94863178 
542000    213.69191   0.69764482    131937.34   -41278.366    2658.7336   -43937.099    339.36869    0.9466122 
544000    210.75252   -53.108898    132341.61   -41356.444     2622.162   -43978.606    340.60731   0.94372048 
546000     217.1183   -22.443392    132106.69   -41315.984    2701.3645   -44017.348     340.5823   0.94539867 
548000    216.97693    260.24134    131567.21   -41309.456    2699.6055   -44009.061    340.41139   0.94927524 
550000    216.25144    339.09695     131302.3   -41322.674    2690.5791   -44013.253    341.69474   0.95119045 
552000    213.28025    200.39174    131515.52   -41274.532    2653.6117   -43928.144    342.74512   0.94964834 
554000    215.66706   -136.47821    131491.69   -41205.453    2683.3082   -43888.761    344.19929    0.9498204 
556000    211.99809   -43.255333    131217.48   -41273.393    2637.6592   -43911.053    344.94928   0.95180532 
558000    211.56825      291.472    130880.25   -41244.538    2632.3112    -43876.85    344.74253   0.95425771 
560000    216.61274    66.498184     130978.2   -41147.049    2695.0743   -43842.123    345.98707   0.95354413 
562000    219.00755    288.54317    131119.37    -41182.65    2724.8703    -43907.52    347.04876   0.95251749 
564000     214.9104    253.26344    131006.95   -41189.639    2673.8939   -43863.532    348.66686   0.95333486 
566000    216.60897    99.571278    131761.02   -41165.693    2695.0275    -43860.72    350.91856   0.94787887 
568000    215.77273   -10.296672    131070.03   -41130.951     2684.623   -43815.574    351.35815   0.95287607 
570000    216.65109    266.11256    131022.76     -41196.4    2695.5514   -43891.952    352.42739   0.95321981 
572000    215.08208    36.312754    131207.82    -41248.43      2676.03    -43924.46    352.41602   0.95187536 
574000      217.713    158.94823    131586.46   -41160.776    2708.7637   -43869.539    353.42843   0.94913634 
576000    216.58266      117.998    131652.59    -41188.16       2694.7    -43882.86     354.6335   0.94865955 
578000    215.27008    270.00164    131730.71   -41255.722    2678.3691   -43934.091    356.11508   0.94809702 
580000     215.8551    492.35964    131664.85   -41271.685    2685.6478   -43957.333    356.73164   0.94857122 
582000    216.75926    -129.6913    131710.87   -41255.585    2696.8973   -43952.483     357.2061   0.94823985 
584000    220.45636    423.65167    131267.19   -41265.336    2742.8963   -44008.232     357.7079   0.95144484 
586000    215.08337    320.74458    131512.45   -41265.648     2676.046   -43941.694    359.67081   0.94967046 
588000    214.68253    121.05231    131461.22   -41272.357    2671.0589   -43943.416    362.24125   0.95004057 
590000    218.53065   -135.85988    132206.26   -41279.642    2718.9368   -43998.579    364.73463   0.94468664 
592000    218.30209    175.88459    131907.43   -41277.949    2716.0931   -43994.042    365.41411   0.94682684 
594000    219.77437    508.04457    131833.19   -41256.114    2734.4109   -43990.525    365.89553   0.94736001 
596000    213.32846   -87.407597    131948.91    -41281.38    2654.2116   -43935.592    367.37602   0.94652917 
598000    216.64204    104.07916    131898.32   -41253.579    2695.4388   -43949.018     368.3402    0.9468922 
600000    210.28399    153.81924    131629.42   -41394.594    2616.3326   -44010.927    368.23316   0.94882661 
602000    213.01702   -100.11596    132571.79   -41398.049    2650.3367   -44048.385    371.46422   0.94208193 
604000    213.31777    89.701014    131921.39   -41266.736    2654.0787   -43920.814    369.57313   0.94672658 
606000    211.47993    143.61149    132037.65   -41324.808    2631.2123    -43956.02    371.73756   0.94589303 
608000    212.61461     31.44646    131943.43   -41345.292      2645.33   -43990.622    372.19481   0.94656844 
610000     211.5528    140.37377    131581.34   -41333.605    2632.1191   -43965.724    373.05516   0.94917325 
612000    211.10955     -452.423    132400.98   -41282.326    2626.6042    -43908.93    376.27114    0.9432973 
614000    212.53299    261.35272    131456.89   -41364.451    2644.3144   -44008.765      375.863   0.95007182 
616000    216.29653   -258.13043    131980.96    -41188.13      2691.14    -43879.27    378.51336   0.94629928 
618000    218.03772    135.39693    131662.86   -41299.686    2712.8037   -44012.489    378.70093    0.9485856 
620000    213.83702    237.56436    131424.18   -41156.036    2660.5391   -43816.576    380.66822   0.95030831 
622000     219.7059   -45.674093    131433.92   -41148.681    2733.5591    -43882.24    382.97762    0.9502379 
624000    217.10032   -43.752429    131531.84   -41189.368    2701.1407   -43890.508     383.1791   0.94953047 
626000    216.12866   -71.800125    131826.13   -41194.946    2689.0514   -43883.997    386.10353   0.94741071 
628000    217.08235    246.04792    131194.41   -41187.521    2700.9171   -43888.438    385.25617   0.95197267 
630000    216.03599    221.64995    131494.31   -41263.019    2687.8985   -43950.918    386.76962   0.94980149 
632000    216.60695    4.9571473    131428.33   -41257.357    2695.0023    -43952.36    387.47367   0.95027828 
634000    214.39711   -153.16967    132087.43   -41161.997    2667.5077   -43829.504    389.69501   0.94553652 
636000    212.61403     59.10752    131823.41   -41244.678    2645.3227   -43890.001    390.33443   0.94743026 
638000    215.82562    309.59036    131299.17   -41321.632     2685.281   -44006.913     390.1132   0.95121312 
640000    214.92087    212.14995    131551.02   -41267.218    2674.0242   -43941.242    391.70909   0.94939206 
642000    210.84701   -69.660762    131774.05   -41324.851    2623.3376   -43948.189    392.95526   0.94778518 
644000    215.04546   -123.74225    132223.98   -41354.236    2675.5743   -44029.811    395.23635    0.9445601 
646000    213.56841    112.74377    132088.25   -41380.475     2657.197   -44037.672    395.27414   0.94553066 
648000    215.23864    -138.2328    131997.64   -41376.371    2677.9778   -44054.349    395.97308   0.94617974 
650000    212.57225    82.787587    132169.31   -41327.081     2644.803   -43971.884    398.20616   0.94495075 
652000    217.40338    188.05507    132771.72   -41334.163    2704.9114   -44039.074    399.76191   0.94066337 
654000    217.98323    36.038985    132419.78   -41317.806    2712.1258   -44029.932    400.12375   0.94316339 
656000    214.55893   -18.135428    132663.23   -41451.087     2669.521   -44120.608    401.47031    0.9414326 
658000    216.75379    194.11184    131913.41   -41447.367    2696.8293   -44144.197    399.96719   0.94678391 
660000    213.90675    157.53478    132316.84    -41422.56    2661.4067   -44083.967    401.68743   0.94389716 
662000    216.32671    175.20476    131951.24   -41424.548    2691.5155   -44116.063    401.34203   0.94651246 
664000    215.48026    103.78681    131556.04   -41403.665    2680.9841   -44084.649    402.15953   0.94935581 
666000    212.70293    127.37396    132365.25    -41428.11    2646.4288   -44074.539    404.18326   0.94355195 
668000    218.55336   -242.40259    132743.34    -41408.07    2719.2193   -44127.289    405.97015   0.94086444 
670000    215.24658    146.69667    132569.52   -41446.152    2678.0767   -44124.229    405.78824   0.94209812 
672000     213.4296     4.961961    132403.99   -41404.673    2655.4699   -44060.143    405.92772    0.9432759 
674000    220.36381     5.073851    132430.76   -41359.224    2741.7447   -44100.969    406.16426   0.94308523 
676000    216.11262    -342.6272    132622.57   -41368.975    2688.8518   -44057.827     407.4919   0.94172122 
678000    216.10511   -93.358514    132311.55   -41407.136    2688.7584   -44095.895    407.29871   0.94393492 
680000    221.19512    251.03304    132447.06   -41396.661    2752.0878   -44148.749    408.86694   0.94296913 
682000    216.30496    207.79894    132081.64     -41416.4    2691.2449   -44107.645    409.34211   0.94557799 
684000    213.24723    60.364138    132451.68   -41333.688     2653.201   -43986.889    411.39448   0.94293623 
686000    212.51785    76.434234    132478.68   -41409.864    2644.1261    -44053.99     411.9065   0.94274407 
688000    213.40909    57.329505    132199.34   -41418.116    2655.2148   -44073.331    412.09309   0.94473611 
690000    216.00609    288.31429    131946.56   -41390.925    2687.5264   -44078.451    412.66662   0.94654603 
692000    211.80283    115.79206    131908.76   -41276.537    2635.2299   -43911.767    414.00538    0.9468173 
694000    213.75209   -51.672833    132501.21   -41303.588    2659.4823    -43963.07    414.88378   0.94258379 
696000    210.91415    25.789016    131956.96   -41399.243     2624.173   -44023.416    415.31753   0.94647141 
698000    215.91804    155.85603    131925.24   -41364.976     2686.431   -44051.407    416.63422   0.94669902 
700000    214.76683   -72.876704    131612.04   -41354.087    2672.1076   -44026.194    416.87779   0.94895183 
702000    212.02275    -141.3386    131920.73   -41288.741    2637.9661   -43926.707    417.85274   0.94673139 
704000    220.47174    395.35547    131737.75   -41246.603    2743.0876   -43989.691     418.1192   0.94804634 
706000    219.39733    230.93548    131852.87   -41237.778    2729.7199   -43967.497    419.50201   0.94721859 
708000    217.60871    159.26617    131801.52   -41309.673    2707.4661   -44017.139    421.69215   0.94758767 
710000    214.25496    322.39638    131546.27   -41364.589    2665.7391   -44030.328    421.45013   0.94942631 
712000    213.10099    327.41476    131464.94   -41316.122    2651.3815   -43967.504     422.9504   0.95001367 
714000     217.7538    328.13545    130942.63   -41260.024    2709.2713   -43969.295    422.68186   0.95380316 
716000    214.24305   -27.966621     131990.5    -41283.04    2665.5909   -43948.631    426.76469   0.94623093 
718000    214.22842    174.09614    131603.69   -41313.188    2665.4089   -43978.597    426.35675   0.94901205 
720000    216.72436    224.56287    131519.33   -41251.482    2696.4631   -43947.945    428.90152   0.94962078 
722000    219.47563    51.886999       131454   -41298.811    2730.6941   -44029.505    429.94918   0.95009272 
724000    213.98296    148.99463    131186.82   -41270.977    2662.3549   -43933.331     429.5933   0.95202775 
726000    214.80207    310.35524    131192.88   -41289.736    2672.5461   -43962.283    430.59722   0.95198376 
728000    216.96873     121.5006    131403.79   -41299.999    2699.5035   -43999.503    431.73377    0.9504558 
730000    212.92858   -3.4438913    131696.19   -41234.441    2649.2364   -43883.677    433.51945   0.94834552 
732000    215.05542   -11.033055    131294.27   -41241.145    2675.6983   -43916.844    433.25932   0.95124864 
734000    213.33535    20.120369    131708.79     -41305.7    2654.2973   -43959.998    434.75357   0.94825479 
736000    211.38192   -128.61199    131419.57   -41330.816     2629.993   -43960.809    435.14725   0.95034165 
738000    213.30062    241.88015    131184.15    -41252.94    2653.8652   -43906.806    435.66736   0.95204714 
740000    212.71709    262.16411    130994.78   -41258.701     2646.605   -43905.306    436.48542   0.95342342 
742000    216.98465    124.75842    131474.71   -41158.552    2699.7015   -43858.253    439.38969   0.94994312 
744000    216.85311    303.27314    131795.08   -41163.713     2698.065   -43861.778    441.68692   0.94763396 
746000    212.35556    527.87819    131561.01   -41227.964    2642.1069   -43870.071    442.00638   0.94931991 
748000    215.74284    112.00385    131770.22   -41248.851    2684.2511   -43933.102    444.34911   0.94781273 
750000    216.12782   -3.3884207     132110.7   -41273.965     2689.041   -43963.006    445.92276   0.94536999 
752000    216.85548    210.10158    131556.96   -41275.677    2698.0944   -43973.771    446.39375    0.9493492 
754000    213.43888   -56.345624    131866.52   -41250.626    2655.5855   -43906.212    448.80487   0.94712056 
756000    214.11532    154.23987    131606.21   -41265.568    2664.0017    -43929.57    448.81937    0.9489939 
758000    212.77584    589.21733       131326   -41238.887     2647.336   -43886.223    448.75401   0.95101876 
760000    216.71244     249.0851    131596.86   -41219.908    2696.3147   -43916.222    450.92672    0.9490613 
762000    214.41287    94.210365    131813.71   -41281.242    2667.7037   -43948.945    452.12508   0.94750003 
764000    212.73403   -39.025971    131933.52   -41283.662    2646.8157   -43930.477    453.52305   0.94663961 
766000    214.81141     157.1426    131793.76   -41266.641    2672.6623   -43939.304    454.42009   0.94764347 
768000     215.3772   -18.003073    131628.18   -41301.707    2679.7018   -43981.409    454.14189   0.94883553 
770000    215.26168   -103.94835    131937.66   -41311.615    2678.2645    -43989.88    455.32032   0.94660986 
772000    216.75025    210.99007    131742.36   -41279.058    2696.7851   -43975.843    455.56074   0.94801317 
774000    214.48142    259.54888    131273.65   -41254.006    2668.5566   -43922.562    455.73517   0.95139805 
776000    216.01257    411.34075    131548.85   -41265.639    2687.6071   -43953.247    457.08469    0.9494077 
778000    214.65333     254.4581    131478.68   -41289.555    2670.6955   -43960.251     457.3842   0.94991441 
780000    214.01945    304.92341    131588.79   -41327.265    2662.8089   -43990.074    457.84385    0.9491195 
782000    217.14841    163.16397    131487.14    -41317.05     2701.739   -44018.789    459.48025   0.94985325 
784000    216.18762    325.34751    131814.25   -41200.336     2689.785   -43890.121    460.35324   0.94749612 
786000    216.13068   -126.74452    131732.72   -41216.091    2689.0766   -43905.168    462.37185   0.94808256 
788000    218.78846   -104.04303    132163.25    -41197.95    2722.1444   -43920.095    464.09599   0.94499409 
790000    218.36271   -317.63333    132451.81   -41303.948    2716.8472   -44020.795    464.65002   0.94293533 
792000    214.11626    137.98743     131522.8   -41341.002    2664.0133   -44005.015    463.87119   0.94959578 
794000    216.14724   -112.99473     132209.6   -41304.352    2689.2826   -43993.634    467.00098   0.94466279 
796000    217.09796   -251.38784    132359.36   -41308.916    2701.1114   -44010.028    467.39613   0.94359393 
798000    220.18599    372.64323    131720.85   -41284.117    2739.5323   -44023.649    467.77065     0.948168 
