94000    230.92644   -615.54858    132725.18   -40311.279    2873.1639   -43184.443    229.09656   0.94099322 
96000    234.08532   -808.61916    133008.38   -40326.242    2912.4664   -43238.709     232.4069   0.93898962 
98000    227.67287   -695.36088    132306.76   -40324.114    2832.6833   -43156.797    233.31429   0.94396911 
100000    225.29849   -1017.4137    132474.45   -40348.176    2803.1416   -43151.317    235.81262   0.94277418 
102000    228.64524   -922.90585    132154.55   -40357.699    2844.7815    -43202.48    238.27558   0.94505632 
104000    229.82434   -794.03322    132695.31   -40279.852    2859.4517   -43139.304    241.86028   0.94120501 
106000    227.21554   -824.96487    132667.29   -40379.064    2826.9933   -43206.057     244.3636   0.94140379 
108000    225.63426   -881.34195    133862.32   -40389.016    2807.3192   -43196.335      248.378    0.9329996 
110000    227.87816   -684.11601    133013.61   -40375.738    2835.2375   -43210.976     249.7041    0.9389527 
112000    227.87183   -1013.3119    133044.57    -40474.16    2835.1588   -43309.318    252.14174   0.93873425 
114000    229.93259   -719.82912    133106.82   -40491.538    2860.7985   -43352.337    255.13065    0.9382952 
116000    227.69558   -812.36553     133245.2   -40384.289    2832.9659   -43217.255    256.54393   0.93732073 
118000     233.0615   -791.69337    133261.77   -40371.728    2899.7282   -43271.456    259.61148   0.93720423 
120000     228.1344   -969.50129    133743.34   -40510.099    2838.4257   -43348.525     262.1254   0.93382963 
122000    227.62556   -913.91795    133349.85   -40482.334    2832.0947   -43314.429    262.84772   0.93658519 
124000    227.71699    -825.9657    133501.89   -40505.418    2833.2323    -43338.65    264.33049   0.93551855 
126000     227.4572   -821.25848    132972.13   -40497.769         2830   -43327.769    266.30556   0.93924563 
128000    226.51816   -621.07645    133654.49   -40500.364    2818.3165    -43318.68     268.4339   0.93445038 
130000    232.51065   -991.50975    133491.37   -40437.632    2892.8745   -43330.507     270.3047   0.93559228 
132000    231.20977   -859.36657    133254.66   -40380.593     2876.689   -43257.282    272.13327   0.93725421 
134000    232.96157   -470.27952    132756.68   -40341.198    2898.4848   -43239.683    276.02576   0.94076994 
136000    231.44875   -785.65432    133386.01   -40344.931    2879.6624   -43224.594    277.32877   0.93633126 
138000    234.11167   -746.21197    133516.44   -40337.515    2912.7943   -43250.309    278.95608   0.93541658 
140000    232.50287   -877.72413    133384.57    -40342.55    2892.7777   -43235.328    281.31264   0.93634137 
142000    226.18665   -794.53365    132893.38   -40443.052    2814.1919   -43257.244    283.24954   0.93980221 
144000    228.25245    -727.7651    133153.19    -40472.59    2839.8945   -43312.485    285.33995   0.93796843 
146000    232.30331   -786.73871    132899.57   -40432.482    2890.2948   -43322.776    287.92686   0.93975842 
148000     230.4245    -472.1982    132724.72   -40464.621    2866.9189    -43331.54    290.17283   0.94099645 
150000    228.12254   -725.72242    133280.18   -40553.254    2838.2781   -43391.532    292.94717   0.93707477 
152000      229.534   -738.54555    133138.85   -40467.164    2855.8393   -43323.003    295.38869    0.9380695 
154000    230.78463   -1019.0124    133487.49   -40350.125    2871.3996   -43221.525    297.15456   0.93561947 
156000    234.36513   -1080.6565     133420.6   -40341.543    2915.9477   -43257.491    298.48049   0.93608855 
158000    229.14391   -612.53653    132834.53     -40319.4    2850.9859   -43170.386     300.0031   0.94021857 
160000    235.46299    -865.8978    133037.77    -40355.66    2929.6073   -43285.267    302.58361   0.93878221 
162000    229.59136    -951.9892    132547.67   -40437.923     2856.553   -43294.476    301.95428   0.94225342 
164000    230.33845   -908.30208    132858.05   -40254.076    2865.8482   -43119.924    304.91112    0.9400521 
166000    228.38479   -443.10613    132528.69   -40343.376     2841.541   -43184.917    306.27431   0.94238834 
168000    232.89799   -849.72649    132767.15   -40302.199    2897.6937   -43199.893     308.1745   0.94069575 
170000    234.04667   -592.33642    131923.46   -40193.806    2911.9856   -43105.791     309.8791    0.9467118 
172000    230.28139   -809.75413     132054.1   -40183.806    2865.1383   -43048.944    313.36043    0.9457752 
174000    229.93457   -677.49019    132408.32   -40139.438    2860.8232   -43000.261    316.16768   0.94324504 
176000    233.50855   -628.58213    132060.29   -40233.109    2905.2903   -43138.399    316.96466   0.94573088 
178000    228.28768   -954.62839    132367.08   -40256.978    2840.3327   -43097.311    320.49187   0.94353892 
180000    231.04289   -635.08407    132740.44   -40192.506    2874.6128   -43067.119    323.89643   0.94088504 
182000    227.70567   -530.33444    132119.19   -40298.205    2833.0914   -43131.296    326.52429   0.94530927 
184000      231.636   -1000.7414     132755.9   -40377.036    2881.9922   -43259.028    330.47665   0.94077542 
186000    230.20824    -870.3502    133164.78   -40375.003    2864.2281   -43239.231    333.24216   0.93788682 
188000    233.89689   -634.24496    133436.52   -40414.019    2910.1219   -43324.141    335.42788   0.93597685 
190000    228.21109   -877.03683    132953.71   -40412.109    2839.3798   -43251.489    337.08576   0.93937573 
192000    226.68729   -1128.8824    133077.55   -40447.578    2820.4209   -43267.999    338.62543   0.93850159 
194000     233.5109   -708.59411    132839.26   -40360.897    2905.3195   -43266.216    339.23997   0.94018509 
196000    228.26261   -330.85216    132324.51   -40363.612    2840.0209   -43203.633    340.42947   0.94384246 
198000    235.77238   -868.21021    132087.35   -40241.298    2933.4567   -43174.754    342.21653   0.94553712 
200000    231.68753   -563.94323    132160.14   -40323.193    2882.6334   -43205.826    344.73141   0.94501636 
202000    227.70599    -1102.818    132436.34   -40253.572    2833.0954   -43086.667    347.77937   0.94304545 
204000    233.01619   -1242.9771    133601.81   -40213.681    2899.1644   -43112.845    352.65742   0.93481885 
206000    231.41175   -986.37245    132852.36    -40228.68    2879.2021   -43107.882     353.4568   0.94009235 
208000    229.86523   -575.91118     132522.1   -40280.544    2859.9604   -43140.504    355.97952   0.94243517 
210000    231.66548   -335.27297    132129.13    -40331.42     2882.359   -43213.779    359.41675   0.94523813 
212000    230.61556   -912.59407    132553.46   -40244.741     2869.296   -43114.037    362.15272   0.94221225 
214000    229.57511   -861.30002    132758.43   -40198.222    2856.3509   -43054.573    366.30244   0.94075754 
216000     230.6194   -626.71315    132083.33   -40365.941    2869.3438   -43235.285     367.0599   0.94556592 
218000     229.5366   -783.93198    132592.63   -40435.091    2855.8717   -43290.962    372.23466   0.94193391 
220000    228.59932   -546.69938    133025.93   -40494.936    2844.2101   -43339.146    375.07988   0.93886578 
222000    232.21784   -889.02731    133431.63   -40448.972    2889.2314   -43338.203    377.35342   0.93601111 
224000    229.61536   -649.65967    133161.56     -40443.6    2856.8516   -43300.452    378.94262   0.93790952 
226000     230.9394   -396.85732    132753.35   -40436.746    2873.3252   -43310.071    381.41168   0.94079352 
228000    231.92443   -971.35521    133552.76   -40575.126    2885.5808   -43460.707    384.69196   0.93516221 
230000    231.07997   -1072.5093    133980.24    -40623.36    2875.0742   -43498.434    386.97585   0.93217847 
232000    227.03044   -1104.0581    133971.99   -40629.694    2824.6902   -43454.384    387.89886   0.93223587 
234000    231.15179   -755.31115    133776.82   -40639.371    2875.9677   -43515.339     389.0715   0.93359589 
236000     225.7512   -844.60297    133474.52   -40712.252    2808.7741   -43521.026    389.67506   0.93571036 
238000    226.35665   -662.38175    133230.19   -40698.866    2816.3071   -43515.173    389.97375   0.93742632 
240000     226.4706   -744.22121     133812.2   -40626.605    2817.7248    -43444.33    393.63405   0.93334909 
242000    228.40158   -991.89302    133810.72   -40584.426    2841.7499   -43426.176    395.37839   0.93335942 
244000    233.40675   -620.93939    133574.12   -40569.059    2904.0238   -43473.082     397.1525   0.93501264 
246000    226.96044   -516.68094    133194.51   -40561.435    2823.8193   -43385.255    398.51831   0.93767746 
248000    230.98035   -844.98747    133301.59   -40511.863    2873.8346   -43385.698    400.81879   0.93692425 
250000     234.0129   -681.59191    133384.26    -40562.59    2911.5654   -43474.156    403.31525   0.93634351 
252000    235.70228   -880.54491    133603.64   -40578.512    2932.5845   -43511.096    405.57557   0.93480604 
254000    229.12873   -732.01385     133284.8   -40556.938     2850.797   -43407.735    406.07084    0.9370423 
256000    229.85503   -483.86194     133515.5   -40605.358    2859.8335   -43465.191    408.08588   0.93542318 
258000    228.68707    -686.3128    133832.74   -40523.112    2845.3019   -43368.413    410.14871   0.93320581 
260000    227.56361   -706.72637    133386.61   -40543.217     2831.324   -43374.541    411.13744   0.93632705 
262000    229.75122   -769.13396    133538.64   -40543.057     2858.542   -43401.599    413.92395   0.93526105 
264000    226.51033   -841.02327    133469.44   -40539.306    2818.2191   -43357.525    416.31437   0.93574594 
266000    231.47304   -738.17463    132911.77   -40520.281    2879.9646   -43400.246    418.29104   0.93967217 
268000    231.99794    -739.3468    133406.06   -40447.307    2886.4954   -43333.803    422.04136   0.93619054 
270000    222.69129   -739.59263    133502.78    -40657.34     2770.703   -43428.043    422.99491   0.93551231 
272000    223.10727   -731.60467    133802.33   -40681.415    2775.8786   -43457.294    425.43433   0.93341789 
274000    225.50299   -682.00248    133573.49   -40729.528     2805.686   -43535.214    426.54962   0.93501704 
276000    234.45857   -748.74765    133595.58   -40507.124    2917.1104   -43424.234    428.10367   0.93486244 
278000     231.8408   -814.39677    133305.31   -40519.325    2884.5403   -43403.865    429.71678   0.93689813 
280000    231.36433   -495.29204    133382.74   -40475.324    2878.6121   -43353.936    432.54208   0.93635421 
282000    232.82488   -860.55331    133937.38   -40412.122    2896.7841   -43308.906    435.06456   0.93247674 
284000    227.80343   -803.60291    134153.25   -40507.093    2834.3077   -43341.401    437.08866   0.93097625 
286000    227.28047   -732.10713    133550.47   -40547.443    2827.8011   -43375.244    437.92041   0.93517826 
288000    229.01594   -659.27304    133284.15   -40538.421    2849.3937   -43387.814    439.87799   0.93704683 
290000    231.81805   -662.85891    132778.28   -40552.881    2884.2572   -43437.138     440.7423   0.94061689 
292000    222.60074   -952.72471    133067.66    -40546.29    2769.5764   -43315.866    441.23436   0.93857135 
294000    224.77643   -915.39973    133400.63   -40607.454    2796.6461     -43404.1     444.6276   0.93622862 
296000    228.28221   -853.59267    133317.52   -40566.885    2840.2647   -43407.149    445.95898   0.93681227 
298000     228.5833   -887.82347    133089.35   -40545.933    2844.0108   -43389.944    447.45452   0.93841835 
300000    225.01811   -685.26617    132979.53   -40553.005    2799.6531   -43352.658    448.04135   0.93919334 
302000    225.79445   -744.79877    133594.93   -40565.522    2809.3122   -43374.834    451.49014   0.93486698 
304000    223.31909   -594.52912    133233.68   -40495.266    2778.5141    -43273.78    452.07418   0.93740178 
306000    229.52813   -808.65352    133914.22   -40479.469    2855.7664   -43335.236    455.69144   0.93263803 
308000    231.01992   -700.12731    133723.53   -40619.257     2874.327   -43493.584     456.6813   0.93396795 
310000    227.87584   -940.27872    133788.39   -40659.696    2835.2086   -43494.905    457.64831   0.93351519 
312000    227.14379   -513.37609    133530.71   -40637.053    2826.1006   -43463.154    458.67346   0.93531659 
314000    229.37755   -675.72763    133539.02   -40614.162    2853.8928   -43468.055    459.76726   0.93525838 
316000    228.60714   -659.62851    133596.59   -40592.833    2844.3074    -43437.14    461.85648   0.93485538 
318000    227.60252   -553.68911    132824.68   -40633.792     2831.808     -43465.6    461.99391   0.94028828 
320000     222.0696   -377.64942    133202.63   -40604.939     2762.968   -43367.907     465.6509    0.9376203 
322000    235.09898   -526.15363    133497.17   -40473.097    2925.0782   -43398.175    468.33475   0.93555161 
324000    231.53033   -975.22232    133154.64   -40469.502    2880.6775    -43350.18      468.973   0.93795824 
326000    232.16027   -692.46924    133638.86   -40519.341    2888.5151   -43407.856     472.3037   0.93455971 
328000    223.64674   -674.24994    133042.51   -40695.258    2782.5907   -43477.849    472.99819   0.93874874 
330000    237.18232   -859.38886    133155.47   -40536.352    2950.9989   -43487.351    474.59818   0.93795242 
332000    222.91468   -781.77307    132322.67    -40495.46    2773.4824   -43268.942     475.3068   0.94385559 
334000    228.79349    -702.1432    133046.59   -40459.259     2846.626   -43305.884     479.2726   0.93871995 
336000     229.2392   -728.27077    132841.02   -40527.601    2852.1715   -43379.773    480.21181   0.94017266 
338000    228.51509   -460.06655    133431.95   -40527.064    2843.1622   -43370.227     484.7975   0.93600885 
340000    227.99808   -800.96819    133452.32   -40590.977    2836.7296   -43427.706     487.6935   0.93586601 
342000    235.01079   -820.88648    133467.47   -40476.807     2923.981   -43400.788    488.54302   0.93575981 
344000    229.15106   -480.84596    133295.07   -40442.497    2851.0748   -43293.572    490.05308   0.93697009 
346000     227.6732    -1042.346    133800.89   -40449.843    2832.6874    -43282.53     493.6696   0.93342796 
348000    226.97583   -499.60862    132617.69   -40527.984    2824.0108   -43351.994    492.23062   0.94175588 
350000    230.35273   -551.50905    133257.19   -40359.653    2866.0259   -43225.679    496.86923   0.93723644 
352000    234.72797   -507.73664    132730.08   -40336.324    2920.4622   -43256.787    495.65504   0.94095842 
354000    227.89677    -927.9163    133256.75   -40270.125    2835.4691   -43105.595    498.44259    0.9372395 
356000    229.62258    -638.2379    132717.46    -40337.13    2856.9415   -43194.072     499.7455   0.94104794 
358000    229.39366   -573.20317    132468.79   -40345.736    2854.0933   -43199.829    501.51998   0.94281445 
360000    234.96137   -371.90358    132320.98   -40305.179    2923.3661   -43228.546    502.15016   0.94386763 
362000     231.9886   -872.97643    132855.58   -40364.298    2886.3792   -43250.677    507.33872   0.94006961 
364000    234.09221   -716.91447     133015.6    -40391.12    2912.5521   -43303.672    509.86026   0.93893869 
366000    231.01368   -450.17914     132571.9   -40386.486    2874.2493   -43260.736    511.04305    0.9420812 
368000    229.72138   -853.75577    133347.56   -40467.856    2858.1707   -43326.027    514.54464   0.93660125 
370000    228.63475   -828.71926       133421    -40462.36     2844.651   -43307.011    516.44606    0.9360857 
372000    229.22238   -878.28743    132790.22   -40392.132    2851.9622   -43244.095    517.28683   0.94053227 
374000    228.13912   -516.63345    132793.76   -40435.303    2838.4844   -43273.787    519.10888   0.94050723 
376000    229.62915   -661.68125    133187.24   -40429.964    2857.0232   -43286.987    522.62101   0.93772863 
378000     232.3317   -759.22937    133056.12   -40337.345    2890.6481   -43227.993    524.97252   0.93865277 
380000     229.9207   -709.48873    132983.27   -40361.067    2860.6506   -43221.718    528.36526   0.93916691 
382000    237.29659   -663.22462    132586.07    -40278.62    2952.4207   -43231.041    529.52883   0.94198046 
384000    229.88917   -849.03283    132890.56   -40371.746    2860.2584   -43232.004    532.55393   0.93982213 
386000    230.06938    -779.1358    132196.53   -40299.286    2862.5004   -43161.787    532.57376   0.94475622 
388000    225.81874   -817.36552    133440.17     -40381.8    2809.6144   -43191.414    538.67648   0.93595123 
390000    228.63425   -605.88742     133107.6   -40459.611    2844.6447   -43304.256    540.32258    0.9382897 
392000    226.25389   -520.41388    132941.54   -40550.156    2815.0286   -43365.185    542.13174   0.93946177 
394000    227.89301   -635.52108     133384.3   -40479.047    2835.4223   -43314.469     545.2868   0.93634325 
396000    223.23785   -807.75711    133324.04   -40492.852    2777.5032   -43270.355    546.73592    0.9367665 
398000    225.19775   -874.88458     133301.8   -40496.127    2801.8881   -43298.015    548.19798   0.93692276 
400000    230.31499    -890.1417    133612.83   -40432.217    2865.5564   -43297.773    551.17701   0.93474175 
402000    225.63946   -867.56884    133224.63   -40466.008    2807.3838   -43273.392    551.51099   0.93746547 
404000    227.76589   -661.09992     133015.4   -40468.748    2833.8407   -43302.589    553.14606   0.93894007 
406000    228.42499   -878.29924    133696.08   -40369.339    2842.0412   -43211.381    557.60723   0.93415974 
408000    233.59402   -861.78887    133586.73   -40315.464    2906.3537   -43221.818    559.98553   0.93492439 
410000    228.82751   -744.64411    133373.89   -40425.362    2847.0492   -43272.411     562.2103   0.93641632 
412000    227.24424    -585.7957    133301.54   -40412.769    2827.3504    -43240.12    562.87562   0.93692459 
414000    229.52039   -1098.9551    133162.26   -40458.875      2855.67   -43314.545    565.05718   0.93790459 
416000    229.24225   -1041.0646    133610.16   -40521.821    2852.2094    -43374.03    567.59899   0.93476042 
418000    232.00226   -529.29991    133253.62   -40448.032    2886.5492   -43334.581    568.84501   0.93726155 
420000    232.91159   -972.19615    133384.99   -40412.353     2897.863   -43310.216    571.72228   0.93633841 
422000    228.23228   -922.00694    133099.68   -40495.637    2839.6435   -43335.281    572.26421   0.93834552 
424000    227.51808   -905.56448    132749.97   -40475.969    2830.7575   -43306.727    574.20194   0.94081746 
426000    226.47966   -514.71521    132773.12    -40521.72    2817.8375   -43339.557    575.81864   0.94065341 
428000    227.71418   -862.43851    133466.08   -40463.403    2833.1973   -43296.601    580.34857   0.93576953 
430000    228.31254   -876.06034    133553.95   -40442.839     2840.642   -43283.481    583.09759   0.93515388 
432000    233.89869   -614.18566    133407.52   -40327.504    2910.1443   -43237.648     585.2211   0.93618026 
434000    232.90484   -716.76115    133435.25   -40351.778     2897.779   -43249.557    587.40168   0.93598577 
436000    233.15349   -730.95726    133230.07   -40466.401    2900.8727   -43367.274    586.63689   0.93742721 
438000    230.69688   -690.73287    133364.41     -40451.9    2870.3078   -43322.208    588.61723   0.93648289 
440000    231.03012   -833.56219    133294.39   -40435.785    2874.4539   -43310.239    589.09167   0.93697488 
442000    232.59687   -771.23217    132970.07    -40500.46    2893.9473   -43394.407    590.20676   0.93926015 
444000    234.48192   -733.21171     133556.3   -40476.023    2917.4009   -43393.424    594.25203   0.93513742 
446000    230.58491   -620.48506    133395.83   -40456.574    2868.9146   -43325.488    596.45149   0.93626235 
448000    228.58325   -843.74949    133743.28   -40539.056    2844.0102   -43383.067    599.64397   0.93383004 
450000    235.60994   -740.29878    132969.52   -40462.022    2931.4356   -43393.457    599.80472   0.93926408 
452000    230.70103   -692.40256     132556.8   -40456.004    2870.3594   -43326.364    599.31772   0.94218852 
454000    234.09027   -520.58309    132333.99   -40444.521     2912.528   -43357.049    601.16837   0.94377488 
456000    229.89022   -549.16568    133127.02   -40428.812    2860.2714   -43289.084    605.63331   0.93815287 
458000    232.10351   -809.99399    133368.52   -40472.599     2887.809   -43360.408     608.8001   0.93645403 
460000    230.37626   -749.15392    132640.62   -40420.277    2866.3187   -43286.596    608.40231   0.94159305 
462000    229.50908   -873.70313    133139.04   -40472.399    2855.5293   -43327.929    611.14119   0.93806813 
464000    233.28994   -274.92875    132656.11   -40405.887    2902.5704   -43308.458    613.03304   0.94148311 
466000    229.68355   -815.69248    133143.74   -40364.839       2857.7   -43222.539    618.92238     0.938035 
468000    232.87271   -1062.2922     133195.6   -40356.664    2897.3793   -43254.044    621.01336   0.93766979 
470000    230.32728    -477.4505    132956.22   -40456.472    2865.7092   -43322.181    622.77428   0.93935801 
472000    231.89666   -718.59436    133183.83   -40463.955    2885.2354   -43349.191    625.06165   0.93775268 
474000    223.53597   -804.48061    133117.88    -40408.89    2781.2124   -43190.102    626.09503   0.93821726 
476000    227.46926   -565.76136    132727.92   -40401.725      2830.15   -43231.875    628.42281   0.94097376 
478000    230.23191   -673.06765    132443.48     -40463.9    2864.5227   -43328.423    628.48658   0.94299464 
480000    233.33625   -788.34177     133579.2   -40407.219    2903.1465   -43310.366    636.09194   0.93497708 
482000    229.71161   -593.68933     133024.8    -40369.58    2858.0491   -43227.629    636.18058   0.93887377 
484000    227.95663   -733.44235    133173.33   -40449.435    2836.2139   -43285.649    638.37033   0.93782659 
486000    226.69853   -934.55687    134094.11   -40581.899    2820.5607    -43402.46    643.61929   0.93138688 
488000    234.29009   -637.73055    133592.61   -40530.417    2915.0141   -43445.431    643.81758   0.93488321 
490000    230.84823   -821.19174    133769.27   -40495.079    2872.1908    -43367.27    645.43839    0.9336486 
492000    229.49785   -817.14196    133680.55    -40565.41    2855.3896     -43420.8    646.58515   0.93426823 
494000    230.42828   -984.28818    134157.63   -40617.053    2866.9659   -43484.019    649.72516   0.93094586 
496000    233.35416   -447.73964    133462.57   -40551.168    2903.3693   -43454.537    648.70942   0.93579414 
498000    223.17294   -769.79122    133213.12   -40602.507    2776.6957   -43379.202    650.99815   0.93754644 
500000    229.24624    -1001.684    133433.82    -40532.26    2852.2591   -43384.519    653.03842   0.93599576 
502000    232.19216   -790.12998    133876.61   -40470.848    2888.9119    -43359.76    655.85914   0.93290003 
504000      233.267   -1027.0456    133799.74   -40422.383     2902.285   -43324.668     657.4834   0.93343598 
506000    225.27578   -735.75134    133253.75   -40489.298     2802.859   -43292.157    658.24637   0.93726062 
508000    230.33175   -629.10836    133385.25   -40430.072    2865.7649   -43295.837    659.92543   0.93633659 
510000    228.49147    -804.9017    133584.26   -40369.962    2842.8683    -43212.83    663.13323   0.93494169 
512000    229.76099   -670.61392    133290.99   -40425.346    2858.6636    -43284.01    664.66117   0.93699873 
514000    232.85335   -566.84099    133104.52    -40479.98    2897.1384   -43377.118    665.61573    0.9383114 
516000    229.90158   -535.71579    132851.12   -40488.759    2860.4127   -43349.172    666.75257   0.94010112 
518000    233.39246   -946.16415    133421.95   -40470.884    2903.8459    -43374.73     670.2137   0.93607906 
520000    229.64762   -531.43101    132817.62   -40498.101     2857.253   -43355.354    671.08607   0.94033828 
522000    229.68048   -924.44771    133336.87   -40506.475    2857.6619   -43364.137    674.84474   0.93667632 
524000    230.37007    -954.5074    133160.47   -40441.784    2866.2416   -43308.025    675.40213    0.9379172 
526000    227.91447   -811.30418    133873.33   -40442.419    2835.6894   -43278.108    679.39328   0.93292289 
528000    226.79906   -817.15605    133341.95   -40394.979    2821.8115   -43216.791    679.53106   0.93664068 
530000     229.6326    -1120.134    132902.75   -40504.124    2857.0661   -43361.191    679.44256   0.93973596 
532000    226.56546   -995.81825    132919.16   -40417.938    2818.9051   -43236.843    680.83237    0.9396199 
534000    235.12643   -451.65691    133621.65   -40461.758    2925.4198   -43387.178    685.04271   0.93468007 
536000    233.56486   -599.12104    133057.62   -40460.567    2905.9909   -43366.558    685.44545   0.93864214 
538000    229.54543   -429.54571    133019.54   -40555.137    2855.9816   -43411.118    686.52985    0.9389109 
540000    228.16155   -812.14478    133479.93   -40498.348    2838.7634   -43337.111    690.64257   0.93567243 
542000    228.30531    -700.2576    133165.76   -40500.414    2840.5521   -43340.966    691.52715   0.93787991 
544000    227.85705   -722.01486    133193.86   -40562.944    2834.9748   -43397.918    693.05057   0.93768203 
546000    227.05913   -970.55633    133498.44   -40506.921    2825.0473   -43331.969    697.57895   0.93554269 
548000    233.36511   -910.10391     133115.3   -40502.701    2903.5057   -43406.206    698.59066   0.93823541 
550000    226.85514   -633.04801    133068.01   -40496.858    2822.5092   -43319.367    700.59208   0.93856888 
552000    232.89177   -629.73715     133008.3    -40469.62    2897.6164   -43367.236    702.61106   0.93899019 
554000    228.46732   -1119.4294    132935.53   -40430.299    2842.5678   -43272.866    704.02196    0.9395042 
556000    229.56186   -381.19493    132904.91   -40497.531    2856.1859   -43353.717    705.64905   0.93972064 
558000     232.3159   -881.17636    132994.23   -40455.211    2890.4515   -43345.663    706.34492   0.93908953 
560000    234.15117    -685.3257     133344.4   -40357.012    2913.2858   -43270.298    708.41668   0.93662343 
562000    227.48384   -778.15885    133346.66    -40399.57    2830.3315   -43229.901    709.17651    0.9366076 
564000    228.55599   -494.27751    133082.01   -40410.471    2843.6711   -43254.142    711.69655    0.9384701 
566000    233.53699   -1055.2852    132803.42   -40378.192    2905.6442   -43283.836    712.90798   0.94043879 
568000    228.64819   -539.52352    132842.33    -40325.63    2844.8182   -43170.448    716.47824   0.94016337 
570000    230.70619   -521.40875    132541.42   -40377.253    2870.4237   -43247.677     716.9275   0.94229783 
572000    227.68886   -1020.3531    133548.57   -40417.208    2832.8823   -43250.091    723.49036   0.93519155 
574000    231.70562   -645.31314    132484.11   -40343.854    2882.8584   -43226.712    721.68603   0.94270546 
576000    227.16262   -775.20929    132735.65   -40335.694    2826.3349   -43162.029    725.08544   0.94091898 
578000    233.69029   -748.31483    133214.38   -40411.213    2907.5514   -43318.764    730.79662   0.93753764 
580000     230.9828    -757.3154     133046.5   -40433.582    2873.8652   -43307.447    732.76121    0.9387206 
582000    228.88451   -479.11341    132908.92   -40438.895    2847.7585   -43286.653    734.22759   0.93969235 
584000    233.09507   -402.63455    132674.06   -40433.297    2900.1459   -43333.443    735.76729   0.94135576 
586000    224.54957   -589.77151    132945.41   -40426.367    2793.8235    -43220.19    739.65551   0.93943438 
588000    230.49971   -729.06045    132754.12   -40429.995    2867.8546    -43297.85    741.74348   0.94078804 
590000    234.69183   -679.09642     132860.2   -40392.619    2920.0126   -43312.631    745.25719    0.9400369 
592000    231.32393   -883.86112    133228.73   -40379.323    2878.1095   -43257.432    747.54957   0.93743664 
594000    232.51146    -367.9668    132781.27   -40319.874    2892.8847   -43212.759    749.10664   0.94059569 
596000    229.44375   -718.01732    132593.57   -40356.125    2854.7165   -43210.841    751.40251   0.94192718 
598000     234.2804   -877.58723    132778.34   -40328.959    2914.8935   -43243.853    754.23771   0.94061644 
600000      229.018   -739.72974    132781.87   -40463.991    2849.4193    -43313.41    755.83459   0.94059142 
602000    226.13492   -609.99502    133001.67   -40486.813    2813.5483   -43300.361    757.03493   0.93903705 
604000    223.87296   -546.79781    131971.97   -40379.782    2785.4052   -43165.187    753.77056   0.94636375 
606000    225.24217   -463.27607    132872.89   -40420.826    2802.4408   -43223.267    760.94622   0.93994713 
608000    226.42194   -638.60897    133478.36   -40445.736    2817.1194   -43262.856    764.81045   0.93568345 
610000    231.54265   -825.00072    133128.57   -40440.345    2880.8307   -43321.176     766.4448   0.93814195 
612000      231.276   -704.41124    133074.99   -40430.204    2877.5132   -43307.717    768.24435   0.93851967 
614000    225.89153   -683.82023     133489.4    -40508.06    2810.5201    -43318.58    770.27167   0.93560607 
616000    236.30034   -740.05617    132971.82   -40340.962    2940.0254   -43280.988    769.62686   0.93924782 
618000    230.23846   -483.23102    132805.24   -40448.953    2864.6042   -43313.558    771.74186    0.9404259 
620000    235.61064   -1052.2592    133497.22   -40301.364    2931.4444   -43232.809    778.00979   0.93555126 
622000    233.04822   -964.44272    133371.69   -40320.495    2899.5629   -43220.057    778.86607   0.93643181 
624000    230.77595   -896.63058    133385.75   -40390.376    2871.2916   -43261.667    779.85443   0.93633311 
626000    230.34979   -1098.4322    133390.01   -40427.039    2865.9894   -43293.028    780.70511   0.93630321 
628000    231.59676     -855.978    133101.69   -40475.665    2881.5039   -43357.169    782.41204    0.9383314 
630000    227.27118   -479.39919    132826.75   -40553.952    2827.6855   -43381.638    783.54098   0.94027367 
632000    234.56216   -939.60793    133489.79   -40562.955    2918.3992   -43481.354    787.87117   0.93560335 
634000    234.52625   -677.69662    133035.27   -40491.105    2917.9524   -43409.058     788.4787   0.93879985 
636000    230.28086    -611.5011    132885.58   -40560.303    2865.1316   -43425.434    791.41264   0.93985738 
638000    227.39946   -336.72584    132887.32   -40621.809    2829.2816    -43451.09    793.57307   0.93984509 
640000    227.38604   -866.57642    133516.96   -40538.143    2829.1146   -43367.258    798.64219   0.93541292 
642000     225.3494   -590.07148    132618.87   -40549.295    2803.7749    -43353.07    796.85613   0.94174749 
644000     227.6191   -892.49294    133582.97   -40555.661    2832.0143   -43387.675    802.47863   0.93495069 
646000    223.72842   -874.43454    133702.67   -40544.178    2783.6068   -43327.784    804.25208   0.93411368 
648000    227.46224   -653.52417    133310.74   -40545.674    2830.0627   -43375.737    803.73582    0.9368599 
650000    229.74249   -660.52393    133537.45   -40487.415    2858.4334   -43345.848    806.22638   0.93526941 
652000    236.17187    -710.5124     133705.5   -40461.568    2938.4271   -43399.995    808.70265   0.93409388 
654000    233.76134   -663.72797    133075.93   -40438.108    2908.4355   -43346.543    807.70637   0.93851299 
656000    226.57711   -656.02758    132944.34   -40555.694    2819.0501   -43374.744    809.36104   0.93944197 
658000    230.93127   -720.78157    134142.82   -40574.264     2873.224   -43447.488    815.35808   0.93104865 
660000    229.88536   -940.36419    134159.72   -40577.901    2860.2109   -43438.112     816.7228   0.93093137 
662000    228.08421   -801.30479    133448.55   -40568.203    2837.8012   -43406.004    814.67463   0.93589247 
664000    230.49335   -590.12814    133085.68   -40552.301    2867.7754   -43420.076    814.71307   0.93844423 
666000    229.32045   -694.87406    133091.44   -40566.017    2853.1824   -43419.199    816.76582   0.93840365 
668000    234.55213   -969.43866    133898.36   -40542.412    2918.2744   -43460.686    821.71662   0.93274849 
670000    227.22786   -685.49449    134089.71   -40539.489    2827.1466   -43366.636    824.06593   0.93141742 
672000     234.2019   -963.71254    133668.99   -40471.191    2913.9169   -43385.108    825.09847   0.93434904 
674000     228.6936    -715.7833    133378.92   -40403.107    2845.3832   -43248.491    826.14513   0.93638107 
676000    233.00927   -798.53851    133461.64   -40395.208    2899.0783   -43294.287    826.54641   0.93580068 
678000    232.98213    -580.5099    132876.79   -40440.201    2898.7407   -43338.941    826.85961   0.93991952 
680000    230.68767   -681.73951     132869.2   -40427.562    2870.1931   -43297.755    830.54662   0.93997322 
682000    231.65958   -1004.0122    132954.98   -40425.335    2882.2856   -43307.621     834.2618    0.9393668 
684000    230.81122    -594.5092    133052.36   -40319.683    2871.7304   -43191.413    835.06882   0.93867925 
686000    226.18833    -768.7877    132613.89   -40393.454    2814.2129   -43207.667     835.7497    0.9417829 
688000      232.593    -429.3356    132431.99   -40382.005    2893.8991   -43275.904    836.92888   0.94307648 
690000    232.46914   -1003.3143    133586.48   -40380.434    2892.3581   -43272.792    843.41513   0.93492613 
692000    233.11281   -1078.6774    134407.82   -40313.812    2900.3665   -43214.178    849.65799   0.92921297 
694000    232.60053   -508.46418    133235.24   -40401.501    2893.9928   -43295.493    847.30319   0.93739081 
696000    231.35983   -417.19077    133513.38   -40496.192    2878.5562   -43374.748    850.31843   0.93543805 
698000    229.92767    -640.1465    133300.49   -40492.094    2860.7373   -43352.832    849.78271   0.93693197 
700000    224.98544     -854.773    132825.18   -40465.864    2799.2465   -43265.111    849.07631   0.94028472 
702000    232.98369   -637.57758    132589.04   -40387.655      2898.76   -43286.415    850.72486   0.94195936 
704000    236.75861   -673.60841    132812.06   -40327.425    2945.7273   -43273.152    855.14786   0.94037766 
706000    233.37434   -526.77513    132483.21   -40287.028    2903.6204   -43190.648    856.29661   0.94271188 
708000    228.18044   -1126.8454    132905.08   -40366.437    2838.9985   -43205.436    860.30275   0.93971949 
710000    232.74809    -795.5258    132943.18   -40428.599    2895.8287   -43324.427    862.37605   0.93945015 
712000    229.32702   -877.07311    133367.28   -40461.242    2853.2642   -43314.506    865.63594   0.93646275 
714000    233.99787    -859.6966    133533.55   -40432.967    2911.3784   -43344.346    872.16378   0.93529674 
716000    232.05976   -369.05965       132668   -40453.357    2887.2646   -43340.622    871.15997   0.94139875 
718000    225.83488   -1076.0416    133397.56   -40427.713    2809.8153   -43237.528     875.2815   0.93625021 
720000    230.19822   -926.83977    132707.72   -40298.769    2864.1035   -43162.872      873.858   0.94111697 
722000    230.06759   -489.93947    132159.67   -40324.414    2862.4783   -43186.892    874.21283    0.9450197 
724000    230.34945   -749.17927    132484.42   -40280.226    2865.9851   -43146.211    878.57557   0.94270323 
726000    228.13214   -820.44934    132710.67   -40287.849    2838.3976   -43126.247    881.95252   0.94109606 
728000    228.59397   -689.41456     132379.9   -40309.345    2844.1436   -43153.488    882.80619   0.94344755 
730000    233.93171   -797.82886    132812.88   -40259.511    2910.5552   -43170.066    887.01105   0.94037184 
732000    231.92086   -773.91256    133197.31   -40302.772    2885.5365   -43188.308      892.475   0.93765779 
734000      236.536   -817.45991    133790.37   -40420.469    2942.9575   -43363.426    897.66891   0.93350137 
736000    226.84841   -591.91067    133039.91   -40484.154    2822.4255    -43306.58    894.96508   0.93876711 
738000    229.18492   -862.54883    133808.87   -40413.294    2851.4961    -43264.79    899.19206   0.93337226 
740000    228.55186   -770.03273    133305.23   -40439.851    2843.6196   -43283.471    898.89141   0.93689862 
742000     233.8829      -847.38    133356.77    -40370.88    2909.9479   -43280.828    901.70184   0.93653653 
744000     228.0793   -890.81078    133533.83   -40394.928    2837.7401   -43232.668     904.9797   0.93529473 
746000     228.8276   -646.30731       132976   -40456.473    2847.0504   -43303.523    904.20726   0.93921831 
748000    228.79244   -496.33172    133107.28    -40456.33    2846.6129   -43302.943    907.92728   0.93829195 
750000    232.07155    -595.5397    133681.62   -40463.203    2887.4113   -43350.614    913.02117   0.93426074 
752000    231.80967   -832.41862    133338.65   -40469.237     2884.153    -43353.39    913.77256   0.93666382 
754000    231.44509   -910.69788    133357.86   -40442.216    2879.6169   -43321.833    916.74279   0.93652888 
756000    233.75491   -520.45697    132954.66   -40463.449    2908.3554   -43371.804    916.02634   0.93936901 
758000       236.41   -625.97768    133645.63    -40460.44    2941.3898    -43401.83    921.45674   0.93451235 
760000    230.01359    -896.1396    133361.09   -40478.283    2861.8063    -43340.09    921.38234    0.9365062 
762000    227.07481   -734.26907    133807.58   -40506.852    2825.2423   -43332.094     924.1756   0.93338128 
764000    230.98742   -664.90551    133392.77    -40497.24    2873.9227   -43371.163    923.48819   0.93628381 
766000    231.98159   -902.45835    133217.13   -40481.737     2886.292   -43368.029    926.06811   0.93751823 
768000    228.18341   -868.05632    133037.53   -40498.965    2839.0354       -43338    927.80243   0.93878387 
770000    227.34308   -927.33288    133115.81   -40443.618    2828.5801   -43272.198    932.89543   0.93823181 
772000    228.85566   -988.35487    133634.66   -40421.937    2847.3995   -43269.336    937.10739   0.93458908 
774000    230.59822   -697.92841    133542.67   -40398.979    2869.0803   -43268.059    939.75419   0.93523288 
776000    232.36538   -962.12352     134086.7   -40391.367    2891.0671   -43282.434    945.42769    0.9314383 
778000    232.47757    -462.3281    133225.03   -40442.824     2892.463   -43335.287    941.30897   0.93746265 
780000    227.79792   -605.94831    132943.49   -40438.077    2834.2392   -43272.317    942.29739   0.93944797 
782000    227.24228    -572.2932    132741.04   -40379.039     2827.326   -43206.365    945.59597   0.94088076 
784000    229.18519   -769.17735    132257.37   -40250.741    2851.4995   -43102.241    948.34951   0.94432157 
786000    233.28008   -790.73135    132771.44     -40259.7    2902.4478   -43162.147    951.84108   0.94066531 
788000    232.21322   -800.30889    132963.71   -40258.788     2889.174   -43147.962    953.51746   0.93930511 
790000    226.38408   -718.30305    132706.68   -40372.508    2816.6484   -43189.157    955.97923   0.94112436 
792000    227.72084   -1099.9367    132887.77   -40410.934    2833.2802   -43244.214     960.6872   0.93984186 
794000    230.16218    -572.2438    132649.13   -40315.155    2863.6551    -43178.81    960.88521   0.94153268 
796000    232.65438   -860.10603     132683.4   -40301.964    2894.6627   -43196.627    962.64856   0.94128952 
798000     231.1515   -760.92188    132726.24   -40252.959    2875.9641   -43128.923    966.73458   0.94098569 
