94000    226.47685   -574.05755    134832.58   -40869.151    2817.8025   -43686.953    119.38551   0.92628573 
96000    229.61637   -417.76486    134286.94   -40914.294    2856.8642   -43771.158    120.02311   0.93004942 
98000    227.72547   -707.04201    135304.01   -40953.483    2833.3378    -43786.82     121.2887   0.92305833 
100000    223.95769   -525.92077    134294.25   -41033.995    2786.4594   -43820.454    121.80785    0.9299988 
102000    222.53085   -996.68343    135354.57   -41055.353    2768.7069    -43824.06    122.79435   0.92271348 
104000    224.64047   -658.71821    134924.54   -40971.222    2794.9545   -43766.177    124.01759    0.9256544 
106000    225.11238   -503.51541    134335.65   -41064.495     2800.826   -43865.321    124.97354   0.92971221 
108000     223.9903   -631.09431    134495.12   -41055.318    2786.8651   -43842.183    125.45497   0.92860982 
110000    224.52452    -865.1872    134839.57    -41027.96    2793.5119   -43821.472    126.72749   0.92623768 
112000    225.12142   -630.20502    134262.32    -41095.38    2800.9385   -43896.318    127.31779   0.93021995 
114000    223.10051   -688.83252     134228.8   -41095.574    2775.7944   -43871.369    127.49189    0.9304523 
116000    225.39963   -764.04171    133923.59   -40964.356    2804.3999   -43768.756    127.72275   0.93257278 
118000    224.71579   -885.64093    134755.07   -40920.869    2795.8916    -43716.76    129.11064   0.92681848 
120000    222.93156   -879.67692     134858.2   -41007.673    2773.6924   -43781.365    130.62477   0.92610975 
122000    222.54285   -733.91327    134658.13    -40978.07    2768.8561   -43746.926    131.28915   0.92748574 
124000    222.69179   -763.77468    134421.69   -40994.208    2770.7093   -43764.917    132.17453   0.92911709 
126000    227.79645   -770.14565    134496.19   -41000.474    2834.2209   -43834.695    132.84676   0.92860246 
128000    221.75951   -519.98056    133962.37   -41039.414    2759.1099   -43798.524    133.61708   0.93230279 
130000    226.17999   -886.88735    134314.67    -40930.92    2814.1091   -43745.029    134.92629    0.9298574 
132000    227.22218   -676.89365    134407.77   -40891.083    2827.0759   -43718.159    136.20233    0.9292133 
134000    222.53571   -444.50367    133752.82   -40868.562    2768.7673   -43637.329    137.53725   0.93376345 
136000     227.5955   -725.29238    134427.49   -40852.349    2831.7207    -43684.07    138.93915   0.92907699 
138000    229.95143   -921.14966    134532.85   -40816.365    2861.0329   -43677.398    140.88918   0.92834943 
140000    228.10683   -676.41945    134188.74   -40812.525    2838.0827   -43650.608    142.15178   0.93073005 
142000    223.60099   -809.77201    134726.15   -40944.027    2782.0215   -43726.049    142.85812   0.92701746 
144000    228.67314   -536.19917    134662.79   -41019.016    2845.1286   -43864.144    144.42966   0.92745359 
146000    225.68597   -1036.7034    135007.58   -41004.308    2807.9625    -43812.27    145.75154     0.925085 
148000    227.69999   -719.87704    134849.52   -41045.841    2833.0208   -43878.862    146.31242   0.92616935 
150000    220.27431   -1013.8211    134995.93   -41117.332    2740.6312   -43857.963    147.21293   0.92516489 
152000    222.09956   -995.53236    134846.41   -41045.759    2763.3408   -43809.099    147.63396   0.92619069 
154000    232.53547    -857.1342    135014.58   -40976.699    2893.1833   -43869.882    148.73171   0.92503707 
156000    226.80505   -780.24992    134635.01   -41013.244     2821.886    -43835.13    149.56525   0.92764501 
158000    228.24995   -486.83806    134568.93   -40999.007    2839.8633    -43838.87    150.09452   0.92810051 
160000    223.44715   -667.70284    134350.21   -41013.114    2780.1073   -43793.221    150.90111   0.92961142 
162000    223.48687   -630.36833    134491.81   -41057.781    2780.6016   -43838.383    151.58085   0.92863267 
164000    226.72773    -1001.373    134820.87   -40896.605     2820.924   -43717.529    152.72823   0.92636614 
166000    222.79977   -642.02124    134106.77   -40999.533    2772.0528   -43771.586     153.1475   0.93129891 
168000    225.68148   -994.65719    135381.32   -40975.761    2807.9066   -43783.668    155.51241    0.9225312 
170000    232.54813   -482.13957    134693.86     -40892.6    2893.3409   -43785.941    156.47993   0.92723967 
172000    230.97115   -807.30366    134862.28   -40914.263    2873.7202   -43787.984    158.03268   0.92608168 
174000    230.44673   -572.30375    134651.32   -40868.912    2867.1954   -43736.107    159.35618   0.92753264 
176000    226.86715   -529.56036     134609.5   -40987.148    2822.6587   -43809.807    159.91178   0.92782081 
178000    226.35845   -661.60504    134511.43   -41018.853    2816.3294   -43835.182    160.78789   0.92849721 
180000    227.21971   -361.88974    134243.05    -40926.62    2827.0452   -43753.665    160.93317   0.93035351 
182000    223.00407   -914.58288    134883.52   -41023.309    2774.5946   -43797.903    162.91808   0.92593588 
184000    223.02138   -1204.4418    135081.18   -41099.018    2774.8099   -43873.828    164.24315   0.92458101 
186000     228.1029   -829.84202    135483.03   -41099.726    2838.0337   -43937.759    165.64346   0.92183863 
188000    226.71003   -834.84453    134899.77   -41121.909    2820.7038   -43942.613    165.58753   0.92582433 
190000    218.74745   -643.91652    135143.71    -41140.34    2721.6342   -43861.974    166.95928    0.9241532 
192000    224.52684   -619.61536    135509.74   -41172.444    2793.5408   -43965.984    168.03629   0.92165692 
194000    225.07873   -672.64154    134904.24   -41075.741    2800.4073   -43876.148    167.47673   0.92579365 
196000    225.40572   -772.26858    135062.54   -41104.837    2804.4757   -43909.312    168.34364   0.92470858 
198000    228.45152   -862.59388    135403.56     -40999.7    2842.3713   -43842.071    169.20908   0.92237967 
200000    224.43459   -889.13687    135341.99    -41105.52     2792.393   -43897.913    170.20482   0.92279926 
202000    225.69278   -566.86798    134345.21   -41086.454    2808.0472   -43894.501    169.76366   0.92964604 
204000    230.97442   -758.71116    134675.89     -41073.8    2873.7609   -43947.561    170.59955   0.92736341 
206000    227.12279   -604.63862    134634.53   -41080.065    2825.8393   -43905.904    171.35937   0.92764831 
208000    225.08207   -626.56027    134531.71   -41123.935    2800.4489   -43924.384    172.54153   0.92835729 
210000    226.35478   -633.74368    134746.55   -41159.668    2816.2838   -43975.952    172.94934   0.92687709 
212000     225.6509   -779.12099    134798.04   -41059.413    2807.5262   -43866.939    174.34718   0.92652305 
214000     226.7319   -415.30851    134535.74   -41011.696    2820.9759   -43832.672    175.12901   0.92832947 
216000    222.47817   -483.84074    134823.67   -41164.514    2768.0514   -43932.565    175.78119   0.92634691 
218000    225.84746   -765.32706    134823.29   -41204.708    2809.9718    -44014.68    176.58285   0.92634952 
220000    223.98869   -490.97293    134853.12   -41204.208    2786.8452   -43991.054    177.97496    0.9261446 
222000    224.39062   -782.97354     135474.2   -41144.082    2791.8459   -43935.928    178.54247   0.92189871 
224000      226.122   -893.53115    135752.62   -41160.931    2813.3876   -43974.318    179.44551   0.92000796 
226000    228.59056   -679.30666    135510.11   -41175.339    2844.1011    -44019.44    180.14934   0.92165444 
228000    218.85081   -790.97477    134954.01   -41279.315    2722.9202   -44002.235    179.53715   0.92545224 
230000    224.49925   -371.11927    134927.22   -41283.169    2793.1975   -44076.367     180.3141   0.92563597 
232000    223.48335   -737.41227    135346.48   -41247.945    2780.5578   -44028.503     181.3472   0.92276866 
234000    224.88777   -902.40045    135628.57   -41210.289    2798.0315    -44008.32     182.2073    0.9208494 
236000    221.86481   -667.66056    135349.28   -41275.049    2760.4201   -44035.469    182.48373   0.92274956 
238000    225.85964   -682.85026    135385.57   -41285.202    2810.1234   -44095.325    184.09519   0.92250225 
240000    221.15586   -1008.3783    135516.58   -41263.524    2751.5994   -44015.123    184.35293   0.92161043 
242000    221.78792   -1105.2319    135732.03    -41275.33    2759.4634   -44034.794    185.45814   0.92014755 
244000     223.4818   -991.38572    135477.29    -41253.34    2780.5385   -44033.878    184.82931   0.92187768 
246000    223.99703   -981.55169    135565.83   -41252.771    2786.9489    -44039.72    185.28438   0.92127563 
248000    227.25341   -447.66909    135141.96   -41197.328    2827.4645   -44024.792    185.42917   0.92416516 
250000    226.18946   -914.64175     135250.8   -41224.937    2814.2269   -44039.163    186.54987   0.92342149 
252000    223.89342   -789.47657     135658.3   -41207.332    2785.6598   -43992.992    187.33803   0.92064763 
254000    223.28954   -1040.0927    135509.52   -41197.073    2778.1464    -43975.22    187.90012   0.92165842 
256000    223.22375   -736.32778    135303.29   -41266.864    2777.3279   -44044.192    188.66895   0.92306321 
258000    228.02949   -664.77935    135273.44   -41177.766    2837.1204   -44014.887    188.94571   0.92326691 
260000     224.2744   -942.05796    135368.64   -41192.484    2790.3999   -43982.884    190.03519    0.9226176 
262000    224.37209   -551.69902    134685.05   -41171.688    2791.6154   -43963.303    190.02678   0.92730034 
264000    227.08159   -601.39302    135306.39   -41159.599    2825.3267   -43984.926    191.34303   0.92304206 
266000    225.30064   -513.51692    134887.07   -41128.384    2803.1683   -43931.552    191.61864   0.92591154 
268000    227.70565   -715.51035    135039.42   -41060.922    2833.0911   -43894.013    192.48938   0.92486693 
270000    220.98675    -575.0184     134887.3   -41241.342    2749.4953   -43990.837    192.81454    0.9259099 
272000    221.92133   -938.98957    135385.32   -41232.922    2761.1232   -43994.045    193.70647   0.92250396 
274000     218.5249   -613.90917    135104.07   -41286.971    2718.8652   -44005.836    194.35651   0.92442437 
276000    230.16009   -782.62584    135575.11   -41065.011    2863.6291    -43928.64     195.6539   0.92121255 
278000    224.17506    -1075.305    134854.33   -41096.237     2789.164   -43885.401    195.42973   0.92613633 
280000    226.74684   -360.10962    134521.99   -41070.024    2821.1618   -43891.186    196.27633   0.92842436 
282000    227.06084   -729.49279    134783.83   -41027.845    2825.0686   -43852.913    196.75334    0.9266207 
284000    225.01918   -631.99855     134537.5   -41098.716    2799.6665   -43898.382    197.57024   0.92831732 
286000    223.45741   -596.38125     134522.8   -41125.028     2780.235   -43905.263    198.50202   0.92841877 
288000    224.88956   -797.53472    135255.31   -41131.053    2798.0536   -43929.107    199.90623    0.9233907 
290000    226.70673    -552.1539    135027.64    -41138.67    2820.6627   -43959.333    200.91708   0.92494762 
292000    222.64072   -830.77261    135292.75   -41136.684    2770.0738   -43906.758    201.87216   0.92313515 
294000    223.12156   -792.38781    135273.79   -41180.051    2776.0564   -43956.108    202.07137    0.9232645 
296000    222.69655   -728.17357    135057.31   -41136.349    2770.7685   -43907.117    202.30528   0.92474439 
298000     221.5733   -914.65497    135340.14   -41119.949     2756.793   -43876.742    203.76205   0.92281188 
300000    223.73738   -552.45316     134350.2   -41154.608    2783.7184   -43938.327      203.827   0.92961147 
302000    223.03849   -839.73276    135247.44   -41186.585    2775.0228   -43961.608    205.56458   0.92344438 
304000    222.99866     -1015.41    135713.53   -41130.339    2774.5273   -43904.866    206.18862   0.92027294 
306000    221.81399   -1151.7077    135842.91    -41125.61    2759.7877   -43885.397    207.38406   0.91939644 
308000    225.19994   -563.69823    135175.33   -41263.114    2801.9153    -44065.03    207.59202   0.92393704 
310000     218.0047    -511.9392    135624.39   -41278.172    2712.3929   -43990.565    208.68909   0.92087782 
312000      223.205   -662.37356    135727.11   -41269.757    2777.0945   -44046.852    209.48192   0.92018084 
314000    224.58689   -482.61325    135200.82   -41247.183    2794.2879   -44041.471    208.73441   0.92376282 
316000    227.68453   -733.83625    135521.47   -41228.233    2832.8284   -44061.061    209.73951   0.92157714 
318000    223.40709   -646.54144    135332.89   -41267.736    2779.6089   -44047.345     210.1352   0.92286134 
320000    221.43007   -908.65455    135495.77   -41247.265     2755.011   -44002.276    211.25615   0.92175198 
322000     230.4668   -935.85838    135053.26   -41102.553    2867.4451   -43969.999    210.76569   0.92477213 
324000    229.55691    -617.8863    135065.71   -41072.573    2856.1244   -43928.698    211.50234   0.92468687 
326000    225.98553   -685.74842    134999.14   -41128.575    2811.6896   -43940.264     212.2856   0.92514289 
328000    221.79834   -718.18186    134714.48   -41289.283    2759.5931   -44048.877    212.37352   0.92709775 
330000    222.77614   -882.99623    135073.21   -41149.851    2771.7587   -43921.609     213.4737   0.92463552 
332000    226.24747   -667.93432    134912.45   -41167.848    2814.9487   -43982.797    214.53566   0.92573735 
334000    223.47155   -820.84851    135224.65   -41210.515    2780.4109   -43990.926    215.81968   0.92360006 
336000    221.40634   -705.18117    135358.11   -41260.799    2754.7158   -44015.515    216.60271   0.92268936 
338000    222.55039   -696.57626    135476.33   -41245.149      2768.95   -44014.099    216.88349   0.92188425 
340000    221.47233   -706.03752    135083.56   -41268.279    2755.5369   -44023.816    216.79241   0.92456467 
342000    225.62612   -572.14906    134888.41   -41117.377    2807.2179   -43924.594    217.03216    0.9259023 
344000    229.46582   -235.51416    134308.05   -41080.568     2854.991   -43935.559    217.19965   0.92990328 
346000    225.11219   -209.35589    134380.22   -41101.695    2800.8236   -43902.518    218.28785    0.9294038 
348000    222.82219    -618.9708    134470.14   -41181.928    2772.3317    -43954.26     218.5506   0.92878231 
350000    229.93655   -523.45182    134593.37   -41030.023    2860.8478   -43890.871    219.59488   0.92793195 
352000    230.75608   -573.29242    134998.86   -41017.793    2871.0443   -43888.837    221.36281   0.92514482 
354000    225.82608   -778.03238    134859.96   -41003.531    2809.7058   -43813.237    221.55775   0.92609764 
356000    230.19491   -709.69709    134333.14   -41088.719    2864.0624   -43952.781    222.32937   0.92972957 
358000    228.75175   -871.18993    135166.08   -41120.852    2846.1067   -43966.958    224.28448   0.92400022 
360000    224.03206    -562.9553     134546.9   -41086.473    2787.3847   -43873.858    224.56552   0.92825245 
362000    228.51288   -745.99048    135410.71   -41159.018    2843.1347   -44002.152    226.59454   0.92233093 
364000    225.95431   -866.10689    135256.41   -41179.024    2811.3012   -43990.325    227.38454   0.92338314 
366000    227.04074   -528.48475    135266.28   -41196.965    2824.8184   -44021.783    228.00049   0.92331578 
368000    224.17471   -762.89803    135449.35   -41267.445    2789.1596   -44056.605    227.82541   0.92206786 
370000    221.20815   -482.62758     135109.1   -41259.846    2752.2499   -44012.096    228.44026   0.92438991 
372000     229.4101   -688.25927    135358.57   -41199.601    2854.2978   -44053.899    228.54903   0.92268622 
374000     223.5546    -755.7868    135143.45   -41252.276    2781.4442    -44033.72    228.67552   0.92415494 
376000    221.11563   -485.81449    134961.22   -41245.198    2751.0989   -43996.297    229.25913   0.92540281 
378000    228.06879   -552.77013     135378.4    -41141.77    2837.6093   -43979.379    230.14779   0.92255109 
380000    224.31808    -1009.121    135824.61   -41173.123    2790.9434   -43964.066    231.81491   0.91952031 
382000    229.16039   -702.16421    135188.91    -41071.99    2851.1909   -43923.181    231.36492   0.92384417 
384000    226.42881    -782.0709    135516.99   -41164.189    2817.2048   -43981.394    232.03043   0.92160761 
386000    229.19966   -753.28876     135660.8   -41120.945    2851.6795   -43972.625     232.2969   0.92063063 
388000    226.03381   -783.19935    135397.92   -41239.544    2812.2903   -44051.834    232.58464   0.92241806 
390000    219.10764   -1323.9159    136040.84   -41323.059    2726.1156   -44049.174    234.12252   0.91805884 
392000    221.27602   -757.67194    135965.77   -41368.947    2753.0943   -44122.041     234.8345   0.91856567 
394000    223.89413   -401.96002    135471.48   -41305.259    2785.6686   -44090.927    234.48112   0.92191723 
396000    227.55729   -626.79391    135582.26   -41326.091    2831.2454   -44157.336    234.72627   0.92116393 
398000    220.42047   -523.84316    135382.53   -41378.961    2742.4497   -44121.411    235.26979   0.92252293 
400000    222.96844   -1042.2983    135569.78   -41315.192    2774.1513   -44089.343    236.25221   0.92124872 
402000    221.74868   -444.87523    135278.15   -41325.264    2758.9751   -44084.239    235.77608   0.92323476 
404000     224.0182   -791.73109    135648.36   -41281.137    2787.2123   -44068.349    236.63895    0.9207151 
406000    225.54708   -901.05794    135578.68   -41214.199    2806.2344   -44020.434    237.01055   0.92118825 
408000    227.92512   -498.61147    135328.62    -41125.51    2835.8218   -43961.332    236.82284   0.92289047 
410000    222.74134   -651.76953    135236.99   -41220.365    2771.3257   -43991.691    236.80941   0.92351578 
412000    228.54557   -692.02137    134666.61   -41177.685    2843.5413   -44021.227    236.87297   0.92742731 
414000    227.66167   -620.79539    134779.33   -41206.136     2832.544    -44038.68    237.78691   0.92665169 
416000    224.97362    -633.5851    135179.86   -41234.284    2799.0996   -44033.384    238.75099   0.92390607 
418000    228.38402    -827.0071    134980.04   -41152.775    2841.5314   -43994.307    239.25772   0.92527375 
420000    223.13508   -524.72126    134882.47   -41117.555    2776.2246    -43893.78    240.30027   0.92594307 
422000    231.25791   -686.48385    134937.01   -41211.507    2877.2881   -44088.795    240.47645   0.92556885 
424000    222.43987   -624.50453    134881.81   -41183.282    2767.5749   -43950.857    241.06963    0.9259476 
426000    223.03891   -601.78819    134649.62   -41215.833    2775.0281   -43990.861    241.06135   0.92754436 
428000    223.05274   -813.51044    135113.34   -41200.974    2775.2002   -43976.174    242.11861   0.92436094 
430000    220.28038   -673.31494    134697.34   -41196.353    2740.7067    -43937.06    242.36193    0.9272157 
432000    227.99694   -782.59983    134910.94   -41052.083    2836.7154   -43888.798    243.35066   0.92574769 
434000    222.58484    -1036.858    134485.64   -41064.056    2769.3786   -43833.435    243.43362   0.92867526 
436000    219.65574   -881.70324    134433.74   -41118.738     2732.935   -43851.673    243.90319   0.92903384 
438000    226.20203   -873.41609    134699.91   -41051.078    2814.3833   -43865.461     245.1584   0.92719805 
440000    229.07966   -601.38501    134640.73   -41030.792    2850.1865   -43880.979    246.73665   0.92760554 
442000    225.35709   -646.59261    134412.12   -41099.554    2803.8707   -43903.425    246.69867   0.92918328 
444000    226.52844   -583.49521    134915.32     -41100.3    2818.4445   -43918.744    247.83283   0.92571763 
446000    229.58874   -631.32801    134886.07    -41111.19    2856.5204    -43967.71    248.85019   0.92591837 
448000    226.13405   -756.66834    135449.81   -41168.561    2813.5375   -43982.098    250.45291   0.92206473 
450000     227.4045   -840.19555    135074.83   -41129.479    2829.3443   -43958.824    251.00644   0.92462442 
452000    225.94695    -461.5226    134279.83    -41127.18    2811.2096   -43938.389    250.69527   0.93009866 
454000    222.60253   -1125.6307     135100.4   -41105.819    2769.5987   -43875.418    252.40634   0.92444946 
456000    224.82583   -533.90759    134477.08   -41099.828    2797.2607   -43897.089    252.45424   0.92873444 
458000    224.21726   -742.73551    135224.28   -41127.525     2789.689   -43917.213    254.22374   0.92360257 
460000    225.92664   -964.59128    135086.74   -41097.123    2810.9569    -43908.08    254.97653   0.92454292 
462000    224.71029   -1110.9692    135463.16   -41179.201    2795.8232   -43975.024    256.29923   0.92197385 
464000    226.47374   -916.96264    134685.36   -41130.839    2817.7638   -43948.603    255.42208   0.92729819 
466000    231.04118   -503.45891    134737.18    -41104.94    2874.5915   -43979.532    255.64246   0.92694152 
468000    229.16291   -985.43672    135205.37   -41080.167    2851.2223    -43931.39    257.26955   0.92373171 
470000    219.04401   -1021.1802    135216.78   -41153.551     2725.324   -43878.875     257.7784   0.92365378 
472000    223.08348   -728.75473    134885.94   -41148.487    2775.5827    -43924.07    257.64218   0.92591924 
474000    222.53149   -841.72701    135512.29   -41117.484    2768.7148   -43886.198    259.80447   0.92163957 
476000    225.04534   -850.90896     134961.4   -41080.776    2799.9919   -43880.768    259.80541   0.92540153 
478000    221.54326   -841.42573     134765.7   -41159.198    2756.4194   -43915.617    260.12622    0.9267454 
480000    228.27344   -363.50311    134495.28   -41114.115    2840.1556   -43954.271    261.03794   0.92860874 
482000     227.2747   -597.22983     135000.2   -41078.977    2827.7294   -43906.706     262.1685   0.92513561 
484000    228.25279    -727.7679    134570.39   -41156.604    2839.8987   -43996.503    262.76638   0.92809046 
486000    218.66894   -592.69347     134919.8   -41248.196    2720.6573   -43968.853    263.95145   0.92568691 
488000     222.1315   -969.81548    134828.65   -41153.761    2763.7382   -43917.499    264.29021   0.92631271 
490000    223.23965   -571.91234     134638.8   -41049.311    2777.5257   -43826.836    265.08113   0.92761889 
492000      221.654     -303.777    134067.78   -41093.704    2757.7971   -43851.501    265.43751   0.93156979 
494000    220.13538   -718.36638    134477.56   -41106.114    2738.9027   -43845.017    266.81727   0.92873112 
496000    225.05159   -775.63763    135168.28   -41039.393    2800.0696   -43839.463    268.40301   0.92398524 
498000    225.27432   -604.57069    134930.67   -41149.918    2802.8409   -43952.759    268.56958   0.92561229 
500000    224.53955   -760.05474    135116.69   -41145.381    2793.6989    -43939.08    269.17658   0.92433803 
502000    224.81552   -725.63602    135225.55   -41119.145    2797.1324   -43916.277    270.30994   0.92359391 
504000    223.35937   -714.97621    134629.81   -41066.663    2779.0152   -43845.678    270.86672   0.92768083 
506000    220.23586   -916.01455     135038.1   -41111.285    2740.1529   -43851.438    271.77002   0.92487598 
508000    224.72581   -655.65448    134836.24   -41071.741    2796.0163   -43867.757     272.5774   0.92626058 
510000    223.45221   -889.44324    134714.74   -41007.636    2780.1703   -43787.807    273.51589   0.92709596 
512000    225.49923   -553.33894    134994.72   -41044.244    2805.6392   -43849.884    274.01651   0.92517315 
514000    228.09355   -729.35505    135065.42   -41091.778    2837.9174   -43929.695    275.02517   0.92468887 
516000    226.77986   -867.65988    134952.08   -41127.989    2821.5726   -43949.562    275.70036   0.92546546 
518000     224.4584   -1054.0858    135502.73   -41116.557    2792.6892   -43909.246      278.112    0.9217046 
520000    223.76096   -709.70124    134750.39   -41132.112    2784.0117   -43916.123    277.43566   0.92685068 
522000    227.19548   -967.06565    135662.49   -41145.819    2826.7437   -43972.563    280.38563   0.92061918 
524000    225.89097   -592.74964    134532.16   -41113.064    2810.5132   -43923.577    279.18563   0.92835416 
526000    226.83452   -790.27961     134985.8    -41108.16    2822.2526   -43930.413    279.91706   0.92523429 
528000    225.63196   -920.16044    135024.06    -41066.45    2807.2905    -43873.74     280.8444    0.9249721 
530000    219.90339   -1095.6371    135183.77   -41182.054    2736.0163   -43918.071    281.40905   0.92387935 
532000    222.84295   -956.69179    135501.15   -41121.533      2772.59   -43894.123    282.20144   0.92171533 
534000    222.51964    -778.1935    135108.48   -41157.032    2768.5674   -43925.599    282.57635   0.92439418 
536000     229.6942   -750.06074    135089.31   -41120.434    2857.8326   -43978.266    282.91838   0.92452538 
538000    222.69266   -1008.2058    135171.75   -41208.263    2770.7201   -43978.983     283.7784   0.92396146 
540000    224.30773   -724.09226    134890.59   -41149.819    2790.8146   -43940.634    285.04184   0.92588737 
542000    228.44008   -1013.7513    135796.67   -41159.178    2842.2289   -44001.407    286.93822   0.91970955 
544000    221.66595   -507.25981     135059.3   -41266.076    2757.9459   -44024.022    286.53339   0.92473078 
546000    225.63598   -894.12295    135422.27   -41216.467    2807.3406   -44023.808    287.53607   0.92225224 
548000    230.05074   -849.15403    136029.92   -41228.112    2862.2686    -44090.38    288.46726   0.91813248 
550000     225.4369   -790.93355    135540.82   -41225.906    2804.8637    -44030.77     288.0092   0.92144559 
552000    224.89179   -1027.0349    135755.98   -41193.961    2798.0815   -43992.042    289.05346   0.91998517 
554000    225.74839    -851.8182     135711.2   -41167.996    2808.7392   -43976.735    289.62142   0.92028877 
556000    219.95379   -909.39412    135839.76   -41247.133    2736.6433   -43983.777    290.60164   0.91941781 
558000    221.50365   -660.08453     135629.8    -41217.72    2755.9265   -43973.647    290.89876   0.92084106 
560000    227.87055   -717.32825    135010.56    -41131.37    2835.1429   -43966.513    290.26626    0.9250646 
562000     226.8221    -760.2503    135191.28   -41171.327    2822.0982   -43993.425    291.05104   0.92382803 
564000    224.20967   -554.74561    134788.55   -41151.356    2789.5946    -43940.95    291.46229   0.92658826 
566000    228.19185   -1371.2147    135624.75   -41105.218    2839.1404   -43944.359     293.1971   0.92087535 
568000    228.64458   -742.21564    135399.69   -41106.903    2844.7732   -43951.676    294.27888   0.92240604 
570000    224.49056   -894.72947    135196.56    -41154.92    2793.0893   -43948.009    294.44546   0.92379195 
572000    226.22104    -589.9083    135025.69   -41241.237    2814.6198   -44055.857    294.72359   0.92496095 
574000    231.14764   -461.52101    134941.29   -41159.605    2875.9161   -44035.521    295.42454   0.92553948 
576000    229.14175   -748.24783    135376.09   -41201.512    2850.9589   -44052.471    296.40805   0.92256683 
578000    225.87497   -679.05917    135566.07   -41257.644     2810.314   -44067.958    297.35546     0.921274 
580000    229.62861   -1039.8794    136044.17   -41260.917    2857.0165   -44117.934    298.17841   0.91803632 
582000    226.55735   -745.08068    135814.88   -41254.146    2818.8042    -44072.95    298.00255   0.91958624 
584000     223.6173   -842.53373    135799.44   -41260.409    2782.2243   -44042.633    298.98471   0.91969076 
586000     225.6447   -670.94571    135962.62    -41279.35    2807.4491   -44086.799    299.64114     0.918587 
588000    225.50913   -784.47841    136258.17   -41294.657    2805.7623   -44100.419    300.77187   0.91659455 
590000     227.6507    -977.4805    135961.52   -41294.252    2832.4075   -44126.659    300.95917   0.91859441 
592000    224.65317   -536.12707    135673.25   -41283.275    2795.1125   -44078.387    300.86195   0.92054616 
594000    230.39391   -945.29063    135706.36   -41217.655    2866.5383   -44084.193    301.47839   0.92032158 
596000    227.48279   -469.34175       135343   -41240.911    2830.3184    -44071.23    301.43779   0.92279241 
598000    224.62509   -729.34658     135700.8   -41211.886    2794.7632   -44006.649    301.75196   0.92035932 
600000    217.40324   -888.76564    135634.05   -41340.272    2704.9096   -44045.182    302.59375   0.92081224 
602000    217.05408   -960.31826    135602.97   -41332.128    2700.5654   -44032.694    303.24603   0.92102326 
604000    227.95716   -651.23888    135606.27   -41200.982    2836.2204   -44037.202    303.49302   0.92100084 
606000    221.38639   -886.94475    135693.82   -41246.621    2754.4676   -44001.089    304.10931   0.92040661 
608000    226.68321   -720.32589    135622.64   -41285.746    2820.3701   -44106.116     304.0504   0.92088971 
610000    222.22347   -1026.6248    135743.01   -41260.727    2764.8825    -44025.61     304.8389   0.92007307 
612000    223.52132   -546.88891    135088.42   -41257.137    2781.0301   -44038.168    304.48357   0.92453142 
614000    219.74705   -836.17011       135656   -41326.417    2734.0711   -44060.488    305.68211   0.92066321 
616000    223.52841   -735.11106    135361.02   -41120.152    2781.1184   -43901.271    305.64818   0.92266954 
618000    226.23591   -767.18423     135345.6   -41209.213    2814.8049   -44024.018    305.96952   0.92277467 
620000    226.90638   -514.09432    134649.57   -41069.152    2823.1468   -43892.299    305.94264   0.92754466 
622000    226.93128   -771.06881    134859.19   -41033.783    2823.4566   -43857.239    306.61069    0.9261029 
624000    223.32729   -699.13458    134820.33   -41031.533     2778.616   -43810.149    307.24449   0.92636989 
626000    224.69276   -788.41824    134829.85   -41035.513    2795.6051   -43831.118    308.08875   0.92630446 
628000    230.71608   -1032.3855    135044.28   -41047.158    2870.5467   -43917.704    309.01001   0.92483361 
630000    225.01921   -764.39604    134830.34   -41133.346    2799.6667   -43933.013    309.29327   0.92630111 
632000    222.24262   -879.82653    135243.38   -41133.276    2765.1207   -43898.397     310.0252   0.92347213 
634000     229.4122   -863.14931    135173.51   -41038.893     2854.324   -43893.217    310.66007   0.92394946 
636000    225.60465   -779.23517    134717.68   -41113.771    2806.9508   -43920.722    310.74435   0.92707576 
638000    224.86295   -736.13084    135219.96   -41181.813    2797.7226   -43979.536    312.19976   0.92363206 
640000     225.0663   -461.93965    134924.61    -41116.57    2800.2527   -43916.823    312.92694   0.92565391 
642000    227.52146   -497.18176    135055.89   -41158.398    2830.7995   -43989.198    314.25866   0.92475412 
644000    223.33923   -954.02381    135125.67   -41184.392    2778.7647   -43963.157    315.15508   0.92427658 
646000    220.64348   -686.23389    134882.37   -41176.076    2745.2244     -43921.3    315.54169   0.92594377 
648000    224.72958   -1045.7252    135415.25   -41170.131    2796.0632   -43966.194    317.41631   0.92230004 
650000    225.01271   -791.93511    134947.17   -41132.472    2799.5858   -43932.058    317.54476   0.92549916 
652000     230.1268   -754.38927    135023.95   -41106.767    2863.2149   -43969.982    318.63437   0.92497287 
654000    227.80472   -570.68624    134515.12   -41062.589    2834.3238   -43896.913    319.09014   0.92847177 
656000    226.33907   -534.55118    134488.32    -41200.67    2816.0884   -44016.758    319.42533    0.9286568 
658000    227.28666   -777.07144    135072.55   -41204.516    2827.8782   -44032.395    321.30327   0.92464006 
660000    226.30767   -653.08084     135012.6   -41171.723    2815.6977    -43987.42    321.98421   0.92505065 
662000    225.63441   -915.25589    135010.57   -41142.864    2807.3211   -43950.185    322.78877   0.92506455 
664000    224.56088   -1196.1781    135055.08    -41104.53    2793.9643   -43898.494    323.93439   0.92475967 
666000    226.47102   -575.70038    134587.25   -41105.428    2817.7301   -43923.158    324.01488   0.92797419 
668000    223.92141    -764.9869    134924.48   -41076.114     2786.008   -43862.122    325.62371   0.92565482 
670000    228.83262   -792.46024     135349.7   -41080.454    2847.1128   -43927.566     326.4066   0.92274673 
672000    228.74455   -508.31548    134939.26   -41077.707    2846.0171   -43923.724    326.79899   0.92555339 
674000    231.38677    -851.4489    135433.16   -41056.717    2878.8913   -43935.609    328.44052   0.92217806 
676000    226.15466   -719.84608    135305.76   -41093.391    2813.7939   -43907.185    328.31289   0.92304637 
678000    224.80052   -876.21136    135235.64   -41128.878    2796.9459   -43925.824    329.47749   0.92352497 
680000     228.2448   -581.76616    134714.85   -41110.817    2839.7992   -43950.616    329.51885   0.92709518 
682000    226.30947    -432.8251    134852.59   -41125.854      2815.72   -43941.574    330.68481   0.92614826 
684000    230.38387   -416.19764     134886.6   -41057.436    2866.4134   -43923.849    330.99683   0.92591476 
686000    221.35826   -1070.0463    135038.45   -41158.468    2754.1175   -43912.585    331.69088   0.92487353 
688000    225.22558   -875.39288    134955.22   -41161.019    2802.2344   -43963.253     332.3147   0.92544397 
690000    225.63647   -786.25656    134626.28   -41128.161    2807.3466   -43935.508    331.98078   0.92770511 
692000    224.80462   -669.61647    134668.42   -41050.967    2796.9969   -43847.964    333.42667   0.92741484 
694000     225.5041   -1194.5543    135268.06    -41110.58    2805.6997    -43916.28    334.79614   0.92330366 
696000     225.2325    -1110.438    135553.85   -41204.394    2802.3206   -44006.714    335.73851   0.92135699 
698000    226.54313   -493.33411    135138.26   -41192.841    2818.6273   -44011.469    336.34426   0.92419044 
700000    220.69289   -845.49828    135231.05   -41191.817    2745.8391   -43937.656    336.82165    0.9235563 
702000    229.28872   -825.04632    135520.27   -41164.168    2852.7876   -44016.956    337.56351   0.92158531 
704000    225.02853   -866.33769    135465.13   -41100.082    2799.7828   -43899.865    338.00834   0.92196045 
706000    225.99104   -707.65484    135104.59   -41068.484    2811.7581   -43880.242    337.39237   0.92442081 
708000    223.46222   -727.14043    134305.43   -41136.646    2780.2949   -43916.941    337.00246   0.92992141 
710000    222.51666   -652.87823    134674.13   -41194.666    2768.5303   -43963.196    337.82601    0.9273755 
712000     228.2919   -1000.5993    135120.39    -41178.75    2840.3852   -44019.136    340.32671   0.92431269 
714000    227.02634   -947.04642    135521.87   -41113.477    2824.6392   -43938.116     341.7363   0.92157441 
716000    225.52124   -899.85289    135311.37   -41149.941     2805.913   -43955.854     341.5334   0.92300811 
718000    224.69192   -905.41837    135409.28   -41164.155    2795.5947   -43959.749    342.19681   0.92234068 
720000    227.86034   -546.84443    135149.97   -41097.623    2835.0158   -43932.639    342.52254    0.9241104 
722000    222.05337   -405.03817    134588.62   -41135.492    2762.7661   -43898.258    342.88981   0.92796469 
724000    227.67619    -743.0199    135057.49   -41113.676    2832.7247     -43946.4    344.40428   0.92474316 
726000    227.44007   -1016.2741    135548.42   -41126.167    2829.7869   -43955.954    345.46932   0.92139393 
728000    222.60568   -1000.8857    135707.84   -41157.685    2769.6378   -43927.323    346.38675   0.92031156 
730000    230.13006   -440.44308    134958.63   -41103.802    2863.2555   -43967.058     345.4237   0.92542054 
732000    223.66492   -899.49944    135367.01   -41090.648    2782.8169   -43873.465    347.08736   0.92262874 
734000    229.85418    -586.2267    135161.56   -41136.831     2859.823   -43996.654    347.71404   0.92403114 
736000    219.33672   -810.81871    134985.58   -41190.123    2728.9657   -43919.088     347.5721   0.92523581 
738000    230.42615   -891.18151    135447.49   -41121.617    2866.9394   -43988.557    349.11692   0.92208052 
740000     228.0098   -410.71545    135116.27   -41149.901    2836.8754   -43986.777    348.29909    0.9243409 
742000    230.98233   -830.21382     135619.6   -41101.055    2873.8594   -43974.914    350.31626   0.92091034 
744000    229.28525   -1084.7132    135366.65   -41134.081    2852.7444   -43986.825    350.79536   0.92263117 
746000    224.40377   -719.58241    134883.18   -41179.958    2792.0095   -43971.967    351.35623   0.92593822 
748000    225.52049   -854.79551    135639.48   -41209.456    2805.9036    -44015.36    352.84558   0.92077534 
750000    224.93483   -683.59398    135310.58   -41221.525    2798.6169   -44020.142    352.45982   0.92301348 
752000    231.70302   -845.33276    135859.13   -41215.159     2882.826   -44097.985    354.06718   0.91928671 
754000    226.25875   -757.40386    135547.34   -41210.493    2815.0891   -44025.582    354.38212   0.92140126 
756000    226.76545     -864.748    135343.68   -41201.464    2821.3934   -44022.858    354.53688   0.92278773 
758000    224.64044   -726.68469    134626.13   -41163.527    2794.9542   -43958.481    355.16944   0.92770617 
760000    227.66551   -889.86384    134959.58   -41160.234    2832.5917   -43992.826     356.5553   0.92541403 
762000    223.76547   -1142.4715    135656.23   -41203.485    2784.0678   -43987.552    358.61035   0.92066165 
764000    223.30455   -728.09066    135087.81   -41213.749    2778.3332   -43992.082    357.54685   0.92453563 
766000    223.30257   -778.11718    135409.25   -41183.319    2778.3086   -43961.628    359.03275    0.9223409 
768000    224.45841   -691.26937    135241.24    -41226.59    2792.6894    -44019.28    359.73773   0.92348676 
770000    221.30019   -724.30799    135092.96   -41209.424     2753.395   -43962.819    360.81307   0.92450035 
772000    224.19745   -525.31291    135021.59   -41164.366    2789.4425   -43953.809    360.30007   0.92498908 
774000    225.73472   -636.72047    135346.93   -41134.899    2808.5691   -43943.468    361.43611   0.92276561 
776000     225.4114   -917.32922    135346.36    -41138.06    2804.5463   -43942.606    362.05338   0.92276947 
778000    224.69398   -810.86772    135484.63    -41152.21    2795.6203    -43947.83    362.34718   0.92182772 
780000    224.08216   -801.50066    135248.31   -41148.706     2788.008   -43936.714    362.71108   0.92343846 
782000    223.68556   -1000.0462    135521.02   -41102.864    2783.0736   -43885.938    364.05527   0.92158023 
784000    228.65092   -556.64819    135124.91   -41010.758    2844.8522    -43855.61    363.70864   0.92428177 
786000     226.3812   -834.60009    134863.69   -41048.331    2816.6126   -43864.944    364.23138   0.92607204 
788000     226.3337   -867.50947    135189.62   -41027.611    2816.0215   -43843.632    366.24248   0.92383934 
790000    219.95487   -551.06076    135104.54   -41150.724    2736.6567    -43887.38     367.7209    0.9244211 
792000    223.28108   -548.81676    134948.82   -41176.991    2778.0412   -43955.032    367.82348   0.92548786 
794000    226.23371     -603.704    134874.22    -41121.87    2814.7774   -43936.648    369.34487    0.9259997 
796000    222.25014   -666.59603    135099.29   -41119.052    2765.2143   -43884.266    370.35368   0.92445703 
798000    226.29865   -893.77661    135608.11   -41091.831    2815.5855   -43907.416    372.09244   0.92098834 
