94000    207.40313   -659.22287    136622.83   -42189.032    2580.4892   -44769.521    26.624904   0.91414806 
96000    208.37235    -460.3211     136273.1   -42226.367    2592.5482   -44818.916    26.649709   0.91649408 
98000    209.39515    -464.7721    136421.88   -42268.018    2605.2738   -44873.292    26.638525   0.91549457 
100000    204.27294   -799.70605    136768.34   -42331.836    2541.5437   -44873.379    26.887694   0.91317543 
102000    200.98339   -873.54784    136782.16   -42347.399    2500.6155   -44848.015     26.92875   0.91308319 
104000    207.44553     -841.476    136942.33   -42276.643    2581.0168    -44857.66    27.019896    0.9120152 
106000    207.60107   -774.82508    136865.07   -42369.621     2582.952   -44952.573    27.091274   0.91253008 
108000    206.22454   -966.67577    137205.49   -42373.423    2565.8254   -44939.248    27.227486   0.91026601 
110000    202.70243   -864.71465     137309.9   -42360.045    2522.0036   -44882.048    27.209271    0.9095738 
112000    200.97847   -740.04287    137241.32   -42446.615    2500.5543   -44947.169    27.215423   0.91002832 
114000    203.98914   -829.71684    137161.76   -42442.465    2538.0127   -44980.478    27.249521   0.91055618 
116000    204.31943   -798.89918    137289.68   -42343.792    2542.1222   -44885.915    27.165253   0.90970777 
118000    204.19362   -911.44887    137346.16   -42325.406    2540.5569   -44865.963    27.159261   0.90933368 
120000    200.73751   -835.38327    137028.47   -42415.969    2497.5563   -44913.526    27.198308   0.91144193 
122000    205.01247   -817.72378    137094.38   -42378.932    2550.7449   -44929.677     27.27894    0.9110037 
124000    203.37918   -703.61628    136928.73   -42398.155    2530.4236   -44928.578    27.346371   0.91210584 
126000    208.02719   -676.00474    136766.87   -42416.909    2588.2538   -45005.162    27.466424   0.91318529 
128000    202.36993   -661.65678    136713.05   -42453.431    2517.8667   -44971.298    27.545543    0.9135448 
130000    207.64536   -455.84156    136711.62   -42364.638     2583.503   -44948.141    27.576437   0.91355434 
132000    207.06361   -689.91767    137191.09   -42343.929    2576.2649   -44920.194    27.868171   0.91036155 
134000    204.45706   -771.78465    137074.88   -42341.045    2543.8345    -44884.88     27.68101    0.9111333 
136000    208.61664    -659.5175    136954.49   -42331.207    2595.5876   -44926.795    27.911502   0.91193428 
138000    208.36362   -696.31941    137125.06   -42308.605    2592.4395   -44901.045    27.893215   0.91079993 
140000    210.23097   -846.21126    137186.12   -42310.331    2615.6729   -44926.004    27.866941    0.9103945 
142000    205.08997   -614.63231    136846.88   -42435.835    2551.7091   -44987.544    27.904762   0.91265138 
144000    201.16704   -620.54995    136962.03   -42467.077    2502.9004   -44969.977    27.965451   0.91188407 
146000    205.35219   -788.40182    137283.27   -42419.966    2554.9716   -44974.937    28.015854   0.90975027 
148000    204.03735   -718.62444    137035.13   -42438.337    2538.6125    -44976.95    28.001266   0.91139765 
150000    200.79187   -869.33283    137441.65   -42489.287    2498.2326    -44987.52    28.172508   0.90870194 
152000    201.23021   -921.24833    137184.26   -42409.195    2503.6864   -44912.881    28.180964   0.91040686 
154000    208.74389   -1112.5057       137411   -42316.322    2597.1709   -44913.493    28.321011   0.90890458 
156000    207.84261   -774.86284    137028.26   -42327.038    2585.9573   -44912.995    28.238397   0.91144329 
158000     207.0448   -801.67905    136757.77   -42334.632    2576.0309   -44910.663    28.449851   0.91324602 
160000    209.20033    -750.2492    137106.54   -42349.834    2602.8499   -44952.684    28.491868   0.91092292 
162000    206.81604   -760.24125    136992.02    -42410.79    2573.1847   -44983.974    28.555725   0.91168441 
164000    208.45937   -402.72179    136645.76   -42285.198    2593.6309   -44878.829    28.632665   0.91399462 
166000     205.5083   -719.41921    136797.85   -42395.601    2556.9139   -44952.515    28.730773   0.91297847 
168000    206.81581   -784.44272     136939.6   -42397.165    2573.1819   -44970.347    28.865219   0.91203342 
170000    208.29945   -656.48011    136665.04   -42320.767    2591.6411   -44912.408    28.680535   0.91386569 
172000    208.43934   -728.36208    136930.02    -42358.42    2593.3816   -44951.802    28.923107   0.91209723 
174000    207.59276    -614.5123    136494.81   -42353.474    2582.8486   -44936.323    28.698443   0.91500544 
176000     207.3301   -490.20279    136550.89   -42429.393    2579.5806   -45008.974    28.716907   0.91462962 
178000    205.61708   -844.37648    136806.19   -42448.605    2558.2673   -45006.873    29.067836   0.91292284 
180000    208.35802   -844.48981    137004.58   -42359.906    2592.3699   -44952.276     28.96561   0.91160088 
182000    204.95584   -770.01732    136729.04   -42449.598    2550.0403   -44999.638    29.023229   0.91343794 
184000    202.76573   -1101.4993    137149.74   -42499.079    2522.7911    -45021.87    29.095928   0.91063598 
186000    202.62254   -989.50785    137109.17   -42451.267    2521.0096   -44972.277    29.162259   0.91090548 
188000    204.83958   -860.68267    136704.79   -42451.779    2548.5938   -45000.373    29.094077   0.91359994 
190000    202.31016   -603.80471    136624.58   -42456.683     2517.123   -44973.806     29.05142    0.9141363 
192000    202.29947   -931.83084     137031.2    -42481.06      2516.99    -44998.05     29.28085   0.91142374 
194000    203.79967   -920.97366    136779.59   -42382.201    2535.6553   -44917.857    29.391823   0.91310034 
196000    204.21061   -1034.2159    136696.43   -42419.286    2540.7682   -44960.055    29.508441   0.91365585 
198000    206.59695   -1024.1264    137077.95   -42334.141    2570.4588     -44904.6    29.486477   0.91111294 
200000    204.30972   -577.41321    136529.58    -42451.99    2542.0013   -44993.991    29.497921   0.91477237 
202000    209.51601   -859.03526    137081.27    -42427.72    2606.7774   -45034.497    29.506038   0.91109088 
204000    209.77206   -613.23886    136825.47   -42426.282    2609.9633   -45036.245    29.435231   0.91279415 
206000    207.50569   -663.61484    136527.38   -42423.032    2581.7653   -45004.797    29.627765   0.91478712 
208000    204.45703   -782.24022    136847.57   -42464.369    2543.8341   -45008.203    29.659932   0.91264677 
210000    204.28924     -537.294    136869.36   -42487.975    2541.7465   -45029.722    29.779115   0.91250144 
212000    207.54914    -686.4185    136887.93   -42416.036    2582.3059   -44998.342    29.762575   0.91237765 
214000    207.35971   -668.49151    136821.86   -42375.041     2579.949    -44954.99    29.807678   0.91281828 
216000    202.70142   -761.79215    137123.52   -42496.872     2521.991   -45018.863    29.875378   0.91081011 
218000    199.54618   -776.66023    137054.69    -42500.25    2482.7339   -44982.984    29.865408   0.91126752 
220000    199.95448   -545.98665    136573.41   -42495.177    2487.8139   -44982.991     29.76577    0.9144788 
222000    203.94451   -930.71184    137121.38   -42414.813    2537.4574    -44952.27    30.160618   0.91082431 
224000    210.22905   -656.87958    136961.35    -42430.15    2615.6491   -45045.799     30.01951   0.91188855 
226000    205.01032    -690.2725    136998.24   -42446.854    2550.7181   -44997.572    29.894959   0.91164303 
228000    202.16946   -777.56709    137074.46   -42539.406    2515.3724   -45054.778    30.071946   0.91113611 
230000    200.13706   -739.73578    137332.65   -42560.387    2490.0856   -45050.473    30.240906   0.90942316 
232000    200.80366   -719.75154    137181.31   -42544.104    2498.3792   -45042.483     30.20048   0.91042643 
234000    203.84244   -692.25823    137319.53   -42508.371    2536.1875   -45044.559    30.347419   0.90951007 
236000    200.18088   -724.41848    137397.24   -42544.296    2490.6307   -45034.926    30.267131   0.90899561 
238000    200.23446   -759.85161    137331.75   -42562.701    2491.2974   -45053.999    30.321726   0.90942909 
240000     198.8182   -1118.4817    137613.73   -42506.326    2473.6764   -44980.002    30.420135   0.90756563 
242000     201.5151   -1066.5436    137718.93   -42501.019     2507.231    -45008.25    30.565065   0.90687234 
244000    207.65321   -769.74921     137187.4   -42481.546    2583.6007   -45065.147    30.463022   0.91038601 
246000    202.49301   -792.75379       137214   -42482.426     2519.398   -45001.824     30.22882   0.91020954 
248000     206.7958   -838.99295     137412.3   -42451.959    2572.9329   -45024.892    30.471394     0.908896 
250000    204.97829   -569.15359    137027.45   -42499.603    2550.3196   -45049.923    30.235186    0.9114487 
252000    200.77393   -639.78508    137146.22   -42482.971    2498.0094    -44980.98    30.472336   0.91065937 
254000    204.28628   -753.29364    137225.91   -42458.449    2541.7097   -45000.159    30.532522   0.91013055 
256000    202.64429   -800.83554    137297.65    -42522.94    2521.2803   -45044.221    30.463873   0.90965499 
258000    204.07423   -919.31353    137419.45   -42440.015    2539.0714   -44979.086    30.593332   0.90884873 
260000     202.9268   -757.36304    137210.54   -42450.567    2524.7952   -44975.362    30.587977   0.91023249 
262000    205.30589   -715.73129    137278.66   -42435.875    2554.3956    -44990.27    30.570553   0.90978082 
264000    207.57104   -621.15115    137180.02   -42445.436    2582.5784   -45028.014    30.427921   0.91043498 
266000    209.94152   -673.46769    137102.99   -42428.008    2612.0717   -45040.079    30.365963   0.91094649 
268000    206.73187   -775.33361    137500.05   -42396.192    2572.1375   -44968.329    30.611361   0.90831596 
270000    201.16459   -838.12388    137380.14   -42564.459      2502.87   -45067.329    30.584011   0.90910875 
272000    198.07204   -873.64597    137377.53   -42552.939    2464.3927   -45017.332    30.528573   0.90912602 
274000    202.71791   -713.11374    137058.98   -42604.732    2522.1962   -45126.929    30.512932   0.91123904 
276000    207.78857   -848.81605    137370.85    -42407.46    2585.2848   -44992.745    30.840278   0.90917028 
278000    207.11302   -722.45803    137169.12   -42451.208    2576.8797   -45028.087    30.842335   0.91050735 
280000    207.68876   -631.27554    137256.77   -42441.356     2584.043   -45025.399    30.753615   0.90992593 
282000    207.63754   -572.63139     137177.7   -42424.054    2583.4057   -45007.459    30.671605   0.91045043 
284000    207.12256   -785.24376    137537.28   -42484.602    2576.9984   -45061.601    30.743241    0.9080701 
286000    203.08167   -852.11547    137703.66   -42497.162    2526.7221   -45023.885    30.900656   0.90697291 
288000    201.94746   -794.62861    137356.46   -42486.048    2512.6103   -44998.658     31.07237   0.90926553 
290000    200.57027   -862.69829    137146.98   -42491.692    2495.4755   -44987.167    31.067467    0.9106543 
292000    202.76412   -785.91787    137431.58    -42497.72    2522.7711   -45020.491    31.057496   0.90876848 
294000    203.14521   -760.69973    137277.59   -42540.591    2527.5126   -45068.103     30.99995   0.90978787 
296000    200.73656   -947.29891    137442.36   -42488.319    2497.5445   -44985.864    31.067619   0.90869722 
298000    203.00579   -980.85352    137699.06   -42475.906     2525.778   -45001.684    31.188565   0.90700323 
300000    202.41457      -807.07    137492.46   -42512.635    2518.4221   -45031.057     31.37357   0.90836609 
302000    203.05577   -764.78401    137585.71    -42552.81    2526.3998    -45079.21    31.276737   0.90775044 
304000    201.27764   -578.37511    137102.17    -42502.31    2504.2765   -45006.587    31.319382   0.91095197 
306000    203.05101   -830.85355    137473.01   -42479.325    2526.3406   -45005.666    31.332247   0.90849463 
308000    202.04336   -723.72925    137274.77   -42580.418    2513.8036   -45094.221    31.284674   0.90980661 
310000    198.72322   -796.83644     137433.9   -42576.887    2472.4947   -45049.382    31.469866   0.90875316 
312000    202.17189   -645.62022    137228.53    -42534.84    2515.4026   -45050.243    31.366317   0.91011313 
314000     202.4723   -824.62664    137207.33   -42513.093    2519.1404   -45032.233    31.376699   0.91025378 
316000    205.10438   -640.20527    137351.25   -42492.578    2551.8884   -45044.466    31.548783   0.90930002 
318000    203.57997   -719.86386    137425.97   -42536.697    2532.9219   -45069.619    31.530845   0.90880563 
320000    203.67202   -865.76839    137290.53   -42541.674    2534.0671   -45075.741    31.415513   0.90970216 
322000    208.23058   -713.49786    137576.93   -42415.918    2590.7843   -45006.703    31.409039   0.90780841 
324000    204.52158   -555.44846    137285.35   -42412.991    2544.6373   -44957.629    31.407439   0.90973651 
326000    205.87946   -769.62881    137467.16   -42469.724    2561.5318   -45031.255    31.584279   0.90853332 
328000    199.75239   -611.37025    137405.82   -42608.014    2485.2995   -45093.313    31.495595    0.9089389 
330000    206.49981   -714.74382    137428.96   -42462.549    2569.2503     -45031.8    31.439595    0.9087858 
332000    205.36376   -693.32145    137628.61   -42459.448    2555.1156   -45014.563    31.610507   0.90746751 
334000    205.44727   -777.52027    137621.61   -42487.385    2556.1546    -45043.54    31.758581   0.90751368 
336000    201.62123    -805.2844    137464.98   -42529.497    2508.5514   -45038.048    31.643465   0.90854773 
338000    203.65548   -754.39001    137414.95   -42537.545    2533.8614   -45071.406    31.522273   0.90887846 
340000    199.01762    -652.5543    137120.54   -42583.248    2476.1576   -45059.405    31.527179    0.9108299 
342000    206.39727    -624.3449    137048.98   -42462.177    2567.9744   -45030.151     31.69633    0.9113055 
344000    204.04446   -545.97978    137057.83   -42435.468     2538.701   -44974.169    31.511839   0.91124665 
346000    202.37136   -705.26438    137145.49   -42466.537    2517.8845   -44984.421    31.479242   0.91066421 
348000    198.98391   -709.50149    137235.58    -42539.46    2475.7382   -45015.198    31.833206   0.91006641 
350000    207.87784   -659.43921    137204.78   -42406.158    2586.3956   -44992.554    31.805053    0.9102707 
352000    208.15287   -570.28817    136958.83   -42390.519    2589.8174   -44980.336    31.753086   0.91190539 
354000    207.32325   -1016.3082    137479.61   -42357.214    2579.4953    -44936.71     31.98247   0.90845102 
356000    205.51873   -744.49596    137045.43   -42445.033    2557.0437   -45002.077    31.892894   0.91132909 
358000      204.365   -828.06123     137149.3   -42463.545    2542.6892   -45006.234    31.834074   0.91063894 
360000    209.44475   -757.26094    137164.57   -42416.539    2605.8909    -45022.43    31.860201   0.91053755 
362000     207.3723   -784.57881    137095.42   -42481.303    2580.1057   -45061.408    31.917112   0.91099682 
364000     205.2563   -713.95036    137061.33    -42465.98    2553.7786   -45019.759      32.0915   0.91122337 
366000    207.34043   -658.98634    136998.51   -42456.134    2579.7091   -45035.843    32.031998   0.91164122 
368000    205.98122   -907.05895    137437.28   -42516.651     2562.798   -45079.449    32.252542   0.90873082 
370000    203.58874   -791.74085    137420.86   -42508.916    2533.0309   -45041.947    32.358902   0.90883943 
372000    205.35085    -606.2816    137236.78   -42438.102     2554.955   -44993.057    32.151928   0.91005847 
374000     207.0555   -774.85758    137195.69   -42486.271    2576.1641   -45062.435    32.140444   0.91033103 
376000    205.91042   -747.50868    137169.88   -42495.757    2561.9171   -45057.674    32.349251   0.91050228 
378000    204.17317   -660.07057    137352.49   -42422.224    2540.3024   -44962.526    32.375975   0.90929177 
380000    207.45675   -806.20009     137487.9   -42479.673    2581.1563   -45060.829    32.517633   0.90839627 
382000    207.36984   -653.23664    137183.64   -42399.165    2580.0751    -44979.24    32.429035   0.91041096 
384000     206.2077   -937.97275    137482.59   -42474.708    2565.6158   -45040.323    32.463951    0.9084313 
386000    206.78937   -927.63118    137376.64   -42427.726    2572.8529   -45000.579    32.377742   0.90913191 
388000    203.72503    -1007.414     137431.5    -42530.75    2534.7267   -45065.477    32.551356   0.90876905 
390000    201.98823   -799.53517    137404.35   -42590.029    2513.1176   -45103.147    32.420215   0.90894863 
392000    204.43572    -847.8676    137556.31    -42603.58    2543.5691   -45147.149    32.515406   0.90794448 
394000    203.33018   -781.15188    137374.44    -42525.33     2529.814   -45055.144    32.671573   0.90914651 
396000    205.65914   -981.98929    137667.39   -42518.843    2558.7907   -45077.634    32.781376   0.90721186 
398000    203.86844   -792.93576    137314.18   -42552.669     2536.511    -45089.18     32.53864   0.90954546 
400000    201.78725    -805.1529    137286.72   -42515.676     2510.617   -45026.293    32.552717   0.90972738 
402000    205.37288   -500.14291    137229.73   -42535.302    2555.2291   -45090.531    32.538773    0.9101052 
404000    206.31371   -755.08452    137373.55   -42530.769    2566.9348   -45097.704    32.542627   0.90915236 
406000    205.18947   -645.26642    137304.39   -42492.701    2552.9471   -45045.648    32.720598   0.90961033 
408000    207.15519   -745.77877     137450.9   -42429.074    2577.4044   -45006.479    32.646291   0.90864076 
410000    208.03264   -952.88127    137556.28   -42516.968    2588.3215   -45105.289    32.667135   0.90794465 
412000    205.88139   -861.97458    137639.06    -42494.46    2561.5559   -45056.016    32.659153   0.90739863 
414000    201.75862   -855.25353    137755.83   -42538.445    2510.2608   -45048.706    32.843575   0.90662942 
416000    202.40946    -655.2739    137352.07   -42584.336    2518.3585   -45102.694    32.710124   0.90929456 
418000    203.44841   -490.03411    137328.77   -42500.821     2531.285   -45032.106    32.836826   0.90944884 
420000    205.87214   -513.33176    137143.65   -42463.728    2561.4409   -45025.169    32.744674   0.91067647 
422000    203.86992   -906.69546    137638.47   -42534.161    2536.5294    -45070.69    32.764717   0.90740247 
424000     204.4888   -650.42163     137538.1   -42520.079    2544.2294   -45064.309    32.802819   0.90806466 
426000    205.48215   -820.58222    137563.35   -42575.014    2556.5886   -45131.603    32.887878   0.90789804 
428000     204.8698   -856.69223    137611.81   -42550.053    2548.9697   -45099.023    32.990758   0.90757831 
430000    201.67575   -925.18029    137707.06     -42535.8    2509.2297   -45045.029    32.758571   0.90695051 
432000    210.93764   -783.55519    137523.99    -42425.32    2624.4653   -45049.785    32.865903   0.90815783 
434000    205.78777   -721.14161    137527.89   -42449.023    2560.3911   -45009.414    32.978929   0.90813207 
436000     205.7889   -731.39893    137293.73   -42524.794    2560.4051   -45085.199     32.85563   0.90968094 
438000    206.84613   -746.39531    137506.36   -42474.515    2573.5591   -45048.074    32.928801   0.90827432 
440000    205.23726   -754.61347    137411.88   -42450.496    2553.5417   -45004.038    32.775347   0.90889879 
442000    203.10245   -873.84381    137493.01   -42519.986    2526.9805   -45046.967    32.870258   0.90836249 
444000    205.61305   -613.13142    137232.81   -42520.968    2558.2173   -45079.185    32.922936   0.91008475 
446000    208.08066   -676.09873    137040.82   -42499.619     2588.919   -45088.538    32.845199   0.91135979 
448000    202.41448   -398.30273    136871.95   -42535.217     2518.421   -45053.638    32.874458   0.91248418 
450000    209.12618   -722.63337    137242.44    -42459.66    2601.9272   -45061.587    32.943253   0.91002089 
452000    204.63563   -861.93334    137457.14   -42452.037    2546.0562   -44998.093    33.064583   0.90859954 
454000    200.85564   -920.37032    137371.69   -42468.519     2499.026   -44967.545    33.174407    0.9091647 
456000    209.80231   -1019.8924    137709.15   -42471.544    2610.3397   -45081.883    33.106048    0.9069368 
458000    203.51528   -908.62131    137712.24   -42520.897    2532.1171   -45053.014    33.216948   0.90691644 
460000    207.26387   -881.87799    137534.25   -42484.645    2578.7566   -45063.402    33.110237   0.90809012 
462000    199.69693   -850.64962    137349.38   -42556.246    2484.6095   -45040.856    33.150689   0.90931237 
464000    206.36132   -819.13508       137334   -42488.263    2567.5271   -45055.791    33.052389   0.90941418 
466000    207.22148   -774.62208    137571.15   -42456.397    2578.2291   -45034.626    33.168353   0.90784654 
468000    206.96278   -888.35844     137508.8   -42455.157    2575.0104   -45030.167    33.148145   0.90825815 
470000    201.80262   -832.97113    137380.49   -42522.113    2510.8082   -45032.921    33.207015   0.90910648 
472000    206.08211   -755.02555    137401.07   -42510.557    2564.0532   -45074.611    33.225517   0.90897032 
474000    206.89234   -883.17308    137545.27   -42466.606     2574.134    -45040.74    33.021981   0.90801737 
476000     205.5562   -626.67049    137231.32    -42462.78    2557.5099    -45020.29    33.162501   0.91009469 
478000    204.03617   -591.81365    137256.73   -42522.066    2538.5978   -45060.663    33.197484    0.9099262 
480000    207.35473   -891.67797    137598.82   -42474.266    2579.8871   -45054.153    33.299701   0.90766397 
482000    206.56233   -829.29593    137597.11   -42438.745    2570.0281   -45008.773    33.522891   0.90767522 
484000    202.05084   -1017.3337    137351.57   -42499.772    2513.8965   -45013.669    33.553845    0.9092979 
486000    202.15773   -877.63389    137364.53   -42557.712    2515.2265   -45072.939    33.462621   0.90921208 
488000    204.39793   -905.65825    137494.45   -42470.718    2543.0989   -45013.817    33.356867   0.90835298 
490000    206.24449   -1014.6721    137478.07    -42404.49    2566.0735   -44970.564     33.38536   0.90846121 
492000    203.59158   -790.29673    137371.98   -42489.433    2533.0664   -45022.499    33.543032   0.90916275 
494000     205.5823   -606.20611     136990.1   -42537.285    2557.8346   -45095.119    33.419968    0.9116972 
496000    209.14837   -464.11108     136887.1   -42490.657    2602.2034    -45092.86    33.379887   0.91238318 
498000     200.4646   -422.67262    136735.59   -42553.405    2494.1607   -45047.565    33.382862   0.91339419 
500000    207.44678   -614.79593    137147.79   -42508.454    2581.0323   -45089.487    33.551389   0.91064896 
502000    201.77485   -747.79502    137114.99   -42471.409    2510.4628   -44981.872    33.778901   0.91086677 
504000    209.45514   -835.71074    137347.81   -42429.371    2606.0202   -45035.391    33.652654   0.90932275 
506000    205.44663   -1025.8538    137787.07   -42488.878    2556.1466   -45045.025    33.803426   0.90642389 
508000    207.88648   -886.59406    137275.27   -42459.022     2586.503   -45045.525    33.710698   0.90980326 
510000    207.38334   -607.03946    137280.47   -42421.931     2580.243   -45002.174    33.895549   0.90976883 
512000    210.77012   -846.55235    137536.42    -42451.71     2622.381   -45074.091    33.921628   0.90807578 
514000    204.98211   -879.49748    137191.75   -42501.159    2550.3672   -45051.526    33.786851   0.91035715 
516000    207.58286   -818.48038     137384.5   -42509.135    2582.7254   -45091.861    33.862978   0.90907992 
518000    207.89065   -612.10895    137161.01   -42500.948    2586.5549   -45087.503    33.937042   0.91056115 
520000    204.82075   -454.14626    136921.61   -42516.749    2548.3595   -45065.108     33.73546   0.91215322 
522000    201.50674   -748.03086    137093.45   -42503.503    2507.1269    -45010.63    33.796325   0.91100988 
524000    206.50921   -564.19445    137038.88   -42457.457    2569.3672   -45026.824    33.901174   0.91137271 
526000    204.91361   -560.18144    137033.77   -42448.668    2549.5149   -44998.183    33.835798   0.91140665 
528000    203.77582   -616.34714    137084.42    -42411.26    2535.3587   -44946.619    34.032682   0.91106994 
530000    199.84776   -394.16808    137191.49   -42519.256    2486.4861   -45005.742    34.169361   0.91035889 
532000     205.7284   -904.76571    137542.24   -42440.296    2559.6524   -44999.948    34.148639   0.90803732 
534000     202.2816   -991.36116    137478.07   -42468.626    2516.7676   -44985.394    34.133114   0.90846122 
536000     207.0609   -1001.9192    137462.99   -42431.533    2576.2312   -45007.764    34.020851   0.90856083 
538000    208.09493   -843.28067    137482.94   -42515.197    2589.0965   -45104.293    34.248423   0.90842902 
540000    205.25891   -936.71236    137310.25   -42465.819    2553.8111    -45019.63    34.064471   0.90957151 
542000    204.63602   -705.89777    137097.64   -42478.375    2546.0612   -45024.437    34.167104   0.91098205 
544000    203.12942   -697.07097    137239.81   -42555.975    2527.3162   -45083.291    34.222218   0.91003839 
546000    201.70421   -742.94706    137202.61   -42495.189    2509.5838   -45004.773    34.238826   0.91028507 
548000    204.08309     -789.658     137494.9   -42495.842    2539.1817   -45035.024    34.515242   0.90835001 
550000    201.48632   -672.79587    137284.13   -42508.167    2506.8728   -45015.039    34.285613   0.90974458 
552000    207.56818   -407.33452    136804.68   -42481.637    2582.5428   -45064.179    34.206189   0.91293288 
554000    207.93807   -505.37404    136942.02   -42455.145    2587.1449    -45042.29    34.196076   0.91201728 
556000    202.51988   -685.47337    137106.75    -42527.81    2519.7323   -45047.542    34.440189   0.91092155 
558000    204.68494   -903.78196    137426.22   -42493.864    2546.6698   -45040.534    34.446096   0.90880394 
560000    207.43874   -784.50083    137446.35   -42423.126    2580.9322   -45004.058    34.557385   0.90867085 
562000    207.51647   -764.21466    137215.78   -42469.144    2581.8994   -45051.043    34.482206   0.91019773 
564000     205.9921   -679.70992    137087.73   -42481.111    2562.9333   -45044.044    34.144964   0.91104792 
566000    204.03784   -779.64319    137396.44   -42443.055    2538.6187   -44981.674    34.302173   0.90900093 
568000    205.05547   -873.91127       137421   -42420.773    2551.2798   -44972.053    34.333029   0.90883847 
570000    202.94089   -668.42675    137456.87   -42476.664    2524.9705   -45001.635    34.477822   0.90860131 
572000    204.56048   -986.27378     137581.7   -42525.572    2545.1213   -45070.693    34.471919   0.90777693 
574000    205.99302   -893.02387    137458.12   -42425.387    2562.9448   -44988.332    34.563685   0.90859307 
576000    207.60502    -742.0376    137369.62   -42431.713    2583.0011   -45014.714    34.463051   0.90917838 
578000    205.94461   -800.35012    137600.15   -42485.543    2562.3424   -45047.885    34.611518   0.90765522 
580000     204.1668    -674.2361    137126.87   -42485.455    2540.2231   -45025.678    34.526089   0.91078786 
582000    203.13409   -628.46035    137013.14   -42463.207    2527.3743   -44990.582    34.803377   0.91154388 
584000      204.907   -556.17049    136967.57   -42465.769    2549.4326   -45015.201    34.582105   0.91184717 
586000    206.75223   -653.00871    136936.63     -42483.9    2572.3908   -45056.291    34.590269   0.91205323 
588000    205.35953   -538.15992     137103.4   -42488.204     2555.063   -45043.267    34.679078   0.91094377 
590000    203.48075   -829.84865    137325.52   -42475.933    2531.6874    -45007.62      34.7008   0.90947035 
592000    206.47853   -774.13103    137257.48   -42470.989    2568.9854   -45039.974    34.672684   0.90992123 
594000    209.07875   -806.78891    137232.88   -42440.022    2601.3371   -45041.359    34.472908   0.91008432 
596000    204.32933   -645.49739    137068.94   -42473.018    2542.2453   -45015.264     34.54364    0.9111728 
598000    209.34384   -923.16036       137343   -42455.303    2604.6354   -45059.939    34.770957    0.9093546 
600000    200.53433   -965.16344    137294.33   -42576.138    2495.0283   -45071.167    34.865771     0.909677 
602000     204.1419    -741.7575    137153.79    -42570.06    2539.9134   -45109.973    34.974674    0.9106091 
604000    203.75586   -607.95572    136975.71   -42465.951    2535.1102   -45001.061    34.848614   0.91179301 
606000    205.40385   -687.32355     137131.3   -42520.382    2555.6144   -45075.996    34.862544   0.91075845 
608000    200.83869   -634.29157    136793.21   -42548.009    2498.8152   -45046.824    34.806313   0.91300946 
610000    205.47795   -407.89622    136955.51   -42539.189    2556.5364   -45095.726    34.810483   0.91192746 
612000    205.99276   -564.17165    136994.52   -42510.294    2562.9415   -45073.236    34.767993   0.91166776 
614000     202.6209   -536.29788    136796.31   -42589.852    2520.9892   -45110.841    34.967197   0.91298873 
616000     209.8443   -582.33732    137193.31   -42409.492     2610.862   -45020.354    35.109594   0.91034683 
618000    203.63331   -799.43473    137541.82    -42511.69    2533.5855   -45045.275    35.173133   0.90804013 
620000    206.39774   -1033.0643    137594.15   -42390.208    2567.9803   -44958.189    35.252256    0.9076948 
622000    206.75505    -1245.625    137981.74   -42397.771     2572.426   -44970.197    35.336064   0.90514507 
624000    210.15359   -891.16145    137434.33   -42464.474    2614.7102   -45079.184     35.19534   0.90875029 
626000    205.83965   -1028.4791    137736.73   -42488.148    2561.0366   -45049.184    35.383563   0.90675515 
628000    206.04785   -844.04203    137707.46   -42491.285     2563.627   -45054.912    35.503926    0.9069479 
630000    205.85792   -692.79349    137277.09   -42555.512    2561.2639   -45116.776    35.083306   0.90979121 
632000    206.52023   -799.39607    137303.61   -42544.048    2569.5043   -45113.552    35.160794   0.90961552 
634000    209.93851   -518.28134    137220.86   -42457.083    2612.0342   -45069.118    35.030004     0.910164 
636000    205.49138   -729.94581    137040.53   -42523.995    2556.7034   -45080.699    35.256771    0.9113617 
638000    197.84533    -779.6011    137111.96   -42564.976    2461.5721   -45026.548    35.211034   0.91088689 
640000    201.92356   -686.96916     136930.2   -42489.512     2512.313   -45001.825    35.093472   0.91209604 
642000    205.38762    -558.0153    136996.45   -42515.388    2555.4124     -45070.8    35.136245   0.91165492 
644000    200.04165   -572.84131    137004.23    -42532.82    2488.8984   -45021.718    35.210805   0.91160315 
646000    202.53792   -690.27542    137141.39   -42516.099    2519.9568   -45036.056    35.207975   0.91069145 
648000    200.61263    -808.8073    137471.57   -42499.021    2496.0025   -44995.024       35.362   0.90850416 
650000    204.28712   -821.48297     137469.3   -42450.963    2541.7202   -44992.683    35.350862   0.90851915 
652000    203.63935   -545.45735    137089.79   -42442.306    2533.6607   -44975.966    35.569708   0.91103421 
654000    206.57724   -607.36656    137232.19   -42417.714    2570.2136   -44987.928    35.317933    0.9100889 
656000    204.48763   -703.35534    137536.97   -42540.842    2544.2149   -45085.057    35.409777   0.90807217 
658000    198.03703    -496.0524    136888.64   -42564.263    2463.9571    -45028.22    35.373969   0.91237294 
660000    202.49479     -855.567    137474.56   -42523.622    2519.4201   -45043.043    35.479681   0.90848439 
662000    203.36372   -909.66125    137458.66   -42522.922    2530.2313   -45053.154     35.51545   0.90858946 
664000    206.27908    -943.0304    137624.68    -42525.75     2566.504   -45092.254    35.615831   0.90749343 
666000    202.81618   -1213.8906    137837.71   -42535.304    2523.4188   -45058.723    35.682653   0.90609086 
668000    207.16646   -956.41757     137396.9   -42505.586    2577.5446    -45083.13    35.571621   0.90899788 
670000    203.22448    -934.1366    137503.54   -42530.902    2528.4988   -45059.401    35.503731   0.90829295 
672000    204.67543   -873.79094    137353.02   -42494.015    2546.5515   -45040.567    35.546324   0.90928831 
674000    208.95689   -990.67539    137597.99   -42450.851    2599.8209   -45050.672    35.703521   0.90766943 
676000    208.15111   -874.18356    137692.07   -42458.942    2589.7955   -45048.737    35.703763   0.90704927 
678000    208.26176   -755.81113    137547.62   -42507.044    2591.1722   -45098.217    35.823642   0.90800184 
680000    205.43716   -735.42896    137508.33   -42510.833    2556.0289   -45066.862    36.010228   0.90826127 
682000    205.84426   -685.46021    137350.41   -42532.432    2561.0939   -45093.526     35.74719   0.90930553 
684000    206.86211   -530.60848    137131.82   -42459.212     2573.758    -45032.97    35.722776   0.91075499 
686000    198.61041   -721.16388    137194.65    -42545.52    2471.0911   -45016.611    35.865771   0.91033792 
688000    204.80584   -482.13635    137053.83   -42551.884     2548.174   -45100.058    35.877431   0.91127324 
690000    208.22976   -534.20648    137171.72     -42521.8    2590.7741   -45112.574    35.843454   0.91049007 
692000    207.02946   -607.47455     137008.1   -42441.284    2575.8401   -45017.124    35.845608   0.91157745 
694000    205.07208   -851.18723    137311.59   -42495.362    2551.4865   -45046.848    35.958195   0.90956263 
696000    203.20744   -504.35795     137063.7   -42585.311    2528.2869   -45113.598    35.957204   0.91120765 
698000    202.46343   -623.35268    137153.71   -42545.204    2519.0299   -45064.234     35.96955   0.91060966 
700000     200.1457   -621.40195    136950.98   -42544.179     2490.193   -45034.372    35.974086   0.91195765 
702000    205.45671   -682.46823    137206.12   -42495.209    2556.2721   -45051.481    36.218589   0.91026183 
704000    205.66863   -856.89368    137191.98   -42459.476    2558.9087   -45018.385    36.260915   0.91035565 
706000    207.51581   -764.72415    137186.32   -42441.801    2581.8912   -45023.692    36.236995   0.91039321 
708000    201.39772   -892.90356    137571.46    -42518.43    2505.7706     -45024.2    36.302233   0.90784448 
710000    204.10226   -826.50651    137363.17   -42578.826    2539.4201   -45118.246    36.274662   0.90922111 
712000    200.86107   -950.31024    137297.16    -42554.13    2499.0936   -45053.224    36.206252   0.90965824 
714000      208.151   -831.88979    137107.13   -42512.259    2589.7941   -45102.053    36.366955   0.91091901 
716000       203.26   -876.29473    137484.69   -42534.316    2528.9409   -45063.257     36.50711   0.90841742 
718000    202.64674   -924.23201    137588.46   -42545.109    2521.3107    -45066.42     36.56149   0.90773231 
720000    207.20075   -969.62108    137261.77   -42471.786    2577.9712   -45049.757    36.295285   0.90989279 
722000    205.14583   -746.28322     137265.8   -42524.234    2552.4042   -45076.638    36.374198   0.90986608 
724000    204.00836   -890.87515    137346.78   -42524.117    2538.2518   -45062.369    36.500351   0.90932959 
726000    203.73311   -779.04643    137281.05   -42544.992    2534.8273   -45079.819    36.545106     0.909765 
728000    203.31986   -734.35788    137246.78   -42576.898    2529.6856   -45106.583    36.481763   0.90999217 
730000    208.57025   -753.27073    137377.13   -42508.813    2595.0105   -45103.823    36.566252   0.90912868 
732000    202.82184   -649.88948    137339.04   -42517.009    2523.4893   -45040.498    36.568597   0.90938084 
734000    204.59409   -816.39264     137554.3   -42561.913    2545.5394   -45107.453    36.616313   0.90795772 
736000     203.5875   -866.73563    137589.06    -42591.07    2533.0155   -45124.085    36.623901   0.90772837 
738000    206.11739   -793.79412    137529.97   -42517.639    2564.4921   -45082.131    36.661827   0.90811834 
740000    204.37248    -1075.497     137707.2   -42533.142    2542.7821   -45075.924    36.778596   0.90694963 
742000    206.57806   -824.61352    137477.17   -42477.547    2570.2238   -45047.771    36.706006   0.90846711 
744000    205.61484   -656.95239    137466.05   -42500.632    2558.2395   -45058.872    36.759642   0.90854066 
746000     203.5001   -698.77958    137319.82   -42548.587    2531.9281   -45080.515    36.715735    0.9095081 
748000    205.09612   -871.18911    137427.52   -42551.976    2551.7856   -45103.761    36.716937   0.90879538 
750000    203.16122   -620.44438    137299.42   -42541.902    2527.7118   -45069.614    36.681018   0.90964324 
752000    207.97861   -705.41719    137319.79   -42517.634    2587.6493   -45105.283    36.573039   0.90950832 
754000    207.68699   -670.00563    137216.98   -42507.125     2584.021   -45091.146    36.488082   0.91018977 
756000    204.72281     -439.524    136809.67   -42544.366     2547.141   -45091.507    36.392285   0.91289957 
758000    211.48677   -710.46013    137335.66   -42536.922    2631.2975    -45168.22    36.776795   0.90940319 
760000    206.03652     -848.025    137454.85   -42533.602     2563.486   -45097.088    36.784143   0.90861467 
762000    204.63389   -719.13874    137225.11   -42576.383    2546.0346   -45122.418    36.771713   0.91013586 
764000    202.90819   -653.61809     137483.4     -42574.1    2524.5637   -45098.663    36.887821     0.908426 
766000    206.96942   -827.40187    137466.28   -42567.902    2575.0931   -45142.995    36.852318   0.90853912 
768000    202.07218   -824.28534    137480.08   -42606.616    2514.1621   -45120.778    36.785719   0.90844794 
770000    206.51552   -603.48497    137149.92   -42591.793    2569.4456   -45161.238    36.694142    0.9106348 
772000    202.48455   -469.13781    137059.39   -42568.385    2519.2927   -45087.678    36.756602   0.91123628 
774000    206.69214   -601.47272    137437.19    -42539.86    2571.6432   -45111.503     36.79995   0.90873142 
776000    207.45737   -646.62637    137375.42    -42535.14    2581.1641   -45116.304    36.884567   0.90914004 
778000    203.55996   -447.46733    137120.62   -42562.577    2532.6729    -45095.25    36.680864   0.91082942 
780000     203.8736   -686.62629    137210.64    -42570.39    2536.5752   -45106.965    36.866696   0.91023183 
782000    204.88725   -968.00892    137793.44   -42535.183    2549.1869   -45084.369    37.150551   0.90638196 
784000    207.23932   -732.93381    137415.03   -42462.829    2578.4511   -45041.281    36.884785   0.90887794 
786000    203.89709   -815.32364    137479.46   -42502.668    2536.8674   -45039.535    37.067243   0.90845203 
788000    206.09543   -1141.7411    137886.47   -42466.574     2564.219   -45030.793    37.185411   0.90577043 
790000    204.36992   -978.92499    137854.46   -42557.694    2542.7504   -45100.445    37.200581   0.90598081 
792000    201.51503     -870.332    137688.39   -42579.405    2507.2301   -45086.635    37.080494   0.90707352 
794000    205.21745    -889.7067    137660.34   -42519.206    2553.2953   -45072.501    37.118002   0.90725832 
796000    202.80112   -784.66464    137435.37   -42507.137    2523.2314   -45030.369    36.982381   0.90874342 
798000    208.74967   -859.37238    137543.12   -42478.439    2597.2427   -45075.682     37.03253   0.90803153 
