94000    206.61152    -410.4054    136165.34   -42213.254    2570.6401   -44783.894    29.301023   0.91721937 
96000    206.83535   -734.49024    136635.21   -42230.486     2573.425   -44803.911    29.441187   0.91406522 
98000    206.69774   -568.98948    136416.95   -42262.902    2571.7128   -44834.615    29.371599   0.91552766 
100000    202.48426    -699.0477    136534.57   -42318.721    2519.2892    -44838.01     29.52899   0.91473894 
102000    203.69066   -446.75901    136135.46   -42335.686    2534.2991   -44869.985    29.427741   0.91742071 
104000     205.9469   -163.06188    135894.54   -42264.055     2562.371   -44826.426    29.564078   0.91904716 
106000    205.54807   -440.34268    136099.89   -42348.385    2557.4088   -44905.794     29.58412   0.91766048 
108000     200.9046   -443.74519       136125   -42349.723    2499.6352   -44849.358    29.612175   0.91749124 
110000    203.64336   -443.89261     136060.5   -42314.511    2533.7105   -44848.221    29.643759   0.91792613 
112000    201.19452   -565.21045    136011.54   -42380.005    2503.2424   -44883.248    29.698403   0.91825656 
114000     203.9599   -566.33746    136262.41   -42375.521    2537.6489    -44913.17    29.728541     0.916566 
116000    208.07152   -609.33779    136269.27   -42279.449    2588.8053   -44868.254    30.019927   0.91651985 
118000     203.0772   -654.81841    136163.97   -42269.792    2526.6664   -44796.459    30.137468   0.91722866 
120000    200.21791   -487.75172     135931.1    -42367.87    2491.0915   -44858.961    29.994914   0.91879994 
122000    206.51866   -547.02697    136018.12   -42337.875    2569.4848    -44907.36    30.199975   0.91821217 
124000    202.67627   -634.92369    136222.26   -42356.954    2521.6781   -44878.632    30.222913   0.91683615 
126000    206.05464   -710.16627    136389.99   -42362.058    2563.7114   -44925.769    30.351719   0.91570862 
128000    203.14843   -784.84695    136356.34   -42402.972    2527.5527   -44930.525     30.38121   0.91593462 
130000    206.80456   -846.10729    136338.69   -42310.008    2573.0419    -44883.05    30.577774   0.91605316 
132000    206.66087    -400.0976    136003.27   -42278.326    2571.2541    -44849.58    30.610953   0.91831239 
134000    206.86403   -763.63094    136119.04   -42270.031    2573.7818   -44843.813    30.798208   0.91753139 
136000    207.60557   -609.33772    136279.34   -42251.035     2583.008   -44834.043     30.99284   0.91645215 
138000    209.95907   -734.02401    136088.87   -42226.321      2612.29   -44838.611    30.936072   0.91773478 
140000    208.90377   -662.97335    136134.04   -42229.613    2599.1601   -44828.773    30.820533   0.91743031 
142000    203.87813   -754.72703    136324.96   -42353.544    2536.6316   -44890.176    31.046287   0.91614544 
144000    201.90392   -760.97985    136320.46   -42380.787    2512.0687   -44892.856    31.211565   0.91617571 
146000    202.24652   -643.32984    136298.74   -42339.654    2516.3312   -44855.985    31.248523   0.91632166 
148000    198.41773   -507.86335    136100.63   -42360.845    2468.6938   -44829.539     31.14031   0.91765546 
150000    201.87282   -663.46892    136078.86   -42411.841    2511.6816   -44923.523    31.150202   0.91780232 
152000    203.88909   -903.50225    136435.18   -42332.688    2536.7679   -44869.456    31.301653   0.91540534 
154000    205.22538   -620.23714    136163.99    -42257.32    2553.3939   -44810.714     31.29779   0.91722846 
156000    204.27915   -964.85166    136701.33    -42271.26     2541.621   -44812.881    31.451691    0.9136231 
158000     203.3709   -759.93993    136205.82   -42286.118    2530.3207   -44816.439    31.175585   0.91694679 
160000    204.57003   -742.19358    136527.14   -42311.598    2545.2401   -44856.838    31.550716   0.91478873 
162000    204.27105   -686.56595    136208.55   -42371.628    2541.5202   -44913.148    31.387279   0.91692844 
164000    209.26571   -831.13193    136601.78   -42224.689    2603.6632   -44828.352    31.563366   0.91428892 
166000    205.96798    -603.1882    136269.86   -42336.261    2562.6332   -44898.894    31.482936   0.91651589 
168000     206.9031    -743.7942    136653.61   -42319.858    2574.2679   -44894.126    31.526996   0.91394213 
170000    210.33745   -541.69251     136453.2   -42234.404    2616.9977   -44851.402    31.811079   0.91528447 
172000    206.16095   -835.55452    136705.64   -42253.202    2565.0341   -44818.237    31.802806   0.91359426 
174000    209.62714   -907.66852     136623.1    -42225.81    2608.1601    -44833.97    31.967511   0.91414625 
176000    207.11086   -626.08085    136277.73   -42325.905    2576.8529   -44902.758    31.920203   0.91646297 
178000     206.5449   -538.34561    136419.09   -42358.758    2569.8112   -44928.569    32.060754   0.91551333 
180000    208.03472   -801.49899    136418.91   -42276.113    2588.3475    -44864.46    32.151431   0.91551452 
182000    203.18813   -717.29384    136343.11   -42365.056    2528.0467   -44893.102    32.177344   0.91602352 
184000    203.93064    -647.1619    136316.31   -42435.728    2537.2848   -44973.013    32.339394   0.91620359 
186000    201.84977   -788.53957    136354.52   -42404.734    2511.3949   -44916.129      32.3189   0.91594683 
188000    199.71535   -802.30312    136548.86   -42397.884    2484.8387   -44882.722    32.274406   0.91464322 
190000    203.08341   -906.48806    136476.69   -42397.117    2526.7437    -44923.86      32.3493   0.91512688 
192000    202.80022   -641.93691    136403.83   -42438.333    2523.2203   -44961.553     32.20602    0.9156157 
194000    206.25686   -545.09626    136318.96   -42346.496    2566.2275   -44912.724    32.504786   0.91618575 
196000    207.51618   -421.10609    136128.75   -42382.441    2581.8957   -44964.337    32.343545   0.91746597 
198000    211.38615   -496.40222    136337.75   -42314.968    2630.0456   -44945.014    32.499672   0.91605953 
200000    204.92866   -670.06161    136445.28   -42421.323    2549.7022   -44971.025    32.558957    0.9153376 
202000    205.89534   -538.60619    136097.04   -42388.724    2561.7295   -44950.454    32.569035   0.91767972 
204000    207.08967   -736.88578    136430.21   -42377.899    2576.5892   -44954.488    32.769625   0.91543867 
206000    202.92578   -486.57407    136261.91   -42374.828    2524.7825    -44899.61    32.969526   0.91656936 
208000    205.32284   -497.98028     136171.3   -42416.188    2554.6065   -44970.794    32.910165   0.91717923 
210000    205.78114   -569.68043    136374.68   -42437.286    2560.3086   -44997.595    32.826202   0.91581142 
212000    205.25335   -670.03965    136269.81   -42363.701    2553.7419   -44917.443    32.931179   0.91651619 
214000    203.18664   -1068.9101    136841.55   -42304.722    2528.0281    -44832.75    33.266436    0.9126869 
216000    204.24886   -746.28858    136414.15   -42434.883    2541.2442   -44976.127    33.078194   0.91554646 
218000    202.13646   -781.18377    136661.82   -42450.048    2514.9618    -44965.01    33.205164   0.91388719 
220000    201.68701   -741.42572    136653.76   -42449.568    2509.3698   -44958.938    33.206923   0.91394111 
222000    207.51776   -717.48123    136515.54   -42381.804    2581.9155    -44963.72    33.290752   0.91486644 
224000    206.43096   -535.17423    136246.77   -42393.646    2568.3936    -44962.04    33.150002   0.91667121 
226000    206.92301    -390.7384    136118.04    -42409.38    2574.5156   -44983.895    33.230394   0.91753815 
228000    202.71284   -372.28442    136063.43   -42505.334    2522.1332   -45027.467    33.322664    0.9179064 
230000    198.50697    -713.9759    136487.68   -42505.316    2469.8041    -44975.12    33.281038    0.9150532 
232000    200.54824    -500.3716    136244.71   -42475.781    2495.2014   -44970.982    33.371437   0.91668506 
234000    203.45627   -511.56594    136129.54   -42437.009    2531.3828   -44968.392    33.211444   0.91746062 
236000    198.55066   -444.06856    136230.33    -42471.52    2470.3477   -44941.868    33.426323   0.91678186 
238000    202.18675   -362.21639     136015.6   -42482.032    2515.5875    -44997.62    33.173645   0.91822917 
240000    204.86548   -611.98592    136334.64   -42446.152     2548.916   -44995.068    33.155026   0.91608039 
242000    200.05345   -686.54442    136261.19   -42449.712    2489.0453   -44938.757    33.373647    0.9165742 
244000    203.83128   -844.95803    136673.69   -42431.378    2536.0487   -44967.426    33.314011   0.91380782 
246000    203.08003   -804.48256     136684.4   -42420.644    2526.7016   -44947.346    33.366032   0.91373625 
248000    208.81263   -789.32407    136582.44   -42376.175    2598.0262   -44974.201     33.51212   0.91441833 
250000    206.75919   -826.01337    136512.04   -42426.234    2572.4774   -44998.712    33.324048   0.91488994 
252000    201.75289   -626.77625    136440.24    -42420.67    2510.1895   -44930.859     33.42815   0.91537138 
254000    204.41292    -574.5427       136308   -42391.876    2543.2854   -44935.162     33.66639   0.91625944 
256000    200.76526   -600.57944    136338.09   -42452.397    2497.9015   -44950.298     33.94966   0.91605721 
258000    204.70503   -446.22416    136087.18   -42365.207    2546.9197   -44912.127    33.679641   0.91774621 
260000    204.52809   -682.46312    136442.71   -42353.051    2544.7183   -44897.769    33.707811   0.91535479 
262000    202.35208   -597.35628    136292.87   -42339.707    2517.6445   -44857.352    33.896523   0.91636112 
264000    205.66725   -510.27162    136405.08   -42357.681    2558.8916   -44916.573    33.812897   0.91560735 
266000    203.73838   -927.90596    136490.09   -42331.913    2534.8927   -44866.806    34.193215   0.91503703 
268000    211.38951   -703.38267    136377.21   -42302.102    2630.0873    -44932.19    34.062235   0.91579442 
270000    201.98156   -537.52458    136093.03   -42473.949    2513.0346   -44986.983    33.817743   0.91770677 
272000    197.72711   -563.02658    136130.01   -42466.993    2460.1011   -44927.094    33.775329   0.91745744 
274000    203.24946   -626.74197    136515.27   -42517.606    2528.8097   -45046.416    33.823843   0.91486831 
276000    207.92366   -560.56375    136448.91   -42328.805    2586.9656   -44915.771     34.10222   0.91531324 
278000    203.95951   -653.32451    136379.66   -42364.569    2537.6441   -44902.213    34.131803   0.91577796 
280000    206.60369   -876.03052    136572.92   -42343.663    2570.5427   -44914.205    34.374943   0.91448212 
282000    205.12763   -840.06737    136675.71   -42311.945    2552.1776   -44864.123    34.499102   0.91379432 
284000     204.5485   -548.76735    136465.28   -42378.732    2544.9723   -44923.704    34.240512    0.9152034 
286000    200.19265   -491.91015    136360.68   -42394.778    2490.7772   -44885.556    34.238671   0.91590543 
288000    205.78087   -780.84514    136469.95   -42381.052    2560.3052   -44941.357    34.490921   0.91517208 
290000    198.96757    -689.9032    136464.99   -42393.423    2475.5349   -44868.958    34.519681   0.91520537 
292000    203.88755   -707.63133    136603.72   -42411.055    2536.7488   -44947.803    34.961574   0.91427593 
294000    202.81673   -427.32992    136019.08   -42455.604    2523.4257    -44979.03    34.600286    0.9182057 
296000    202.98329   -518.08569    136211.13   -42403.685     2525.498   -44929.183    34.700561   0.91691107 
298000    207.13475   -401.13702    136225.37   -42395.909    2577.1501   -44973.059    34.632403   0.91681519 
300000    200.99253   -401.85997    136530.58   -42442.245    2500.7292   -44942.974    34.905722   0.91476573 
302000     198.4244   -720.87821    136574.43   -42497.498    2468.7768   -44966.275    34.960287   0.91447202 
304000    200.27825   -537.64316    136621.44   -42437.874    2491.8422   -44929.716    34.943156   0.91415736 
306000    209.13076   -367.94404    136569.25   -42422.625    2601.9842    -45024.61    35.070278    0.9145067 
308000    201.67303   -294.35934    136132.31   -42523.675     2509.196   -45032.871       35.029   0.91744194 
310000    199.08916   -491.56699    136611.88   -42519.107    2477.0476   -44996.155    35.262009   0.91422132 
312000    202.93887   -578.67158    136535.89   -42492.387    2524.9453   -45017.333    35.109973    0.9147301 
314000    205.98684     -386.553    136392.84   -42481.866    2562.8679   -45044.734    35.166566   0.91568952 
316000    199.42049   -524.74138    136511.82   -42459.105      2481.17   -44940.275    35.229467   0.91489141 
318000     201.2508   -647.66257    136842.66   -42499.795    2503.9425   -45003.737    35.452026   0.91267948 
320000    200.12129   -782.16501    136945.46   -42504.017    2489.8893   -44993.907    35.354522   0.91199441 
322000    205.54577   -737.96763    136881.53   -42383.519    2557.3801   -44940.899    35.461329   0.91242032 
324000     210.1643   -539.34145    136663.84   -42389.571    2614.8435   -45004.414    35.355176   0.91387375 
326000    202.36381   -586.55008    136502.86   -42454.502    2517.7905   -44972.292     35.36355   0.91495144 
328000    198.37768   -575.94518    136676.55    -42573.11    2468.1955   -45041.306    35.489651   0.91378873 
330000    205.15258   -496.04482    136718.94   -42421.172    2552.4882   -44973.661    35.721218   0.91350543 
332000    204.57003   -348.20689    136533.68   -42424.237    2545.2401   -44969.477    35.547477   0.91474495 
334000    204.22234   -345.51192    136326.33   -42454.437    2540.9141   -44995.351    35.688158   0.91613623 
336000    203.65067    -648.0268     136748.6   -42507.419    2533.8016    -45041.22    35.688741   0.91330729 
338000    203.06884   -583.82195    136888.49   -42513.965    2526.5625   -45040.528    35.774713   0.91237396 
340000    200.98108   -624.18038    136732.15   -42565.893    2500.5867    -45066.48    35.845252   0.91341713 
342000    204.55388   -740.07952    136926.92   -42440.337    2545.0392   -44985.377    35.893239   0.91211786 
344000    203.89526    -629.6778    136740.71   -42418.108    2536.8447   -44954.953    35.786501   0.91335995 
346000    204.33289   -537.20323    136831.33   -42453.124    2542.2896   -44995.413    35.937678   0.91275509 
348000    206.79921   -594.07243    136540.96   -42536.228    2572.9753   -45109.203    35.833978   0.91469615 
350000    204.33513    -606.8756    136588.63   -42399.381    2542.3175   -44941.699    35.929985   0.91437692 
352000    207.37343    -626.1287    136439.91   -42386.445    2580.1197   -44966.565    35.854757   0.91537362 
354000    208.33261   -547.43802    136638.05   -42371.225    2592.0538   -44963.278     36.12452   0.91404624 
356000    205.82951   -814.13152    136688.19   -42449.926    2560.9104   -45010.837    36.237994   0.91371094 
358000     203.8757   -851.03054    136643.14   -42459.295    2536.6013   -44995.896    36.207351   0.91401216 
360000       205.29   -749.58693    136490.51   -42404.067    2554.1979   -44958.265    36.326827   0.91503424 
362000    203.45553   -910.32462    136846.54   -42466.126    2531.3736     -44997.5    36.413104    0.9126536 
364000    203.24155    -638.1901    136732.32   -42463.189    2528.7112     -44991.9    36.381185   0.91341602 
366000    202.95554   -423.80997    136519.42   -42458.125    2525.1528   -44983.278    36.406702    0.9148405 
368000    205.68062   -195.52229    136097.86   -42517.999     2559.058   -45077.057    36.501067   0.91767421 
370000     204.2114   -431.62542    136360.03   -42503.944     2540.778   -45044.722    36.517109    0.9159098 
372000    209.44544    -666.6468    136666.45   -42442.199    2605.8995   -45048.099    36.837453   0.91385626 
374000    204.00407   -336.55703     136323.7   -42489.384    2538.1985   -45027.582    36.722737   0.91615393 
376000     202.7786   -169.32448    136158.22   -42500.549    2522.9513     -45023.5     36.61584   0.91726735 
378000    204.66659   -524.22859    136556.57    -42423.51    2546.4414   -44969.952    36.697183    0.9145916 
380000    208.03464   -522.03881    136825.33   -42466.187    2588.3464   -45054.534    36.856475   0.91279508 
382000    207.16598   -543.13026    137031.14   -42375.101    2577.5386    -44952.64    37.031622   0.91142415 
384000    205.19612   -744.85766    137021.84   -42445.893    2553.0298   -44998.923    37.034619   0.91148599 
386000    207.86317   -559.77078    136463.56   -42388.745     2586.213   -44974.958    37.109984   0.91521499 
388000    203.30096   -723.54672    137007.53   -42486.966    2529.4505   -45016.417    37.157641   0.91158123 
390000    201.75993    -563.9677    136888.65   -42549.862    2510.2771   -45060.139     37.23587   0.91237286 
392000    200.57261   -608.29085    136883.93   -42568.248    2495.5046   -45063.752    37.192641   0.91240433 
394000    206.71126   -798.31781    137077.23   -42496.446     2571.881   -45068.327    37.413009   0.91111771 
396000    208.55142   -747.39324    137028.16   -42496.683    2594.7761   -45091.459     37.48133   0.91144401 
398000    203.80048   -776.80393    137120.43   -42518.235    2535.6654     -45053.9    37.363885   0.91083066 
400000    204.68145   -415.56258    136687.39    -42464.57    2546.6264   -45011.196    37.497046   0.91371625 
402000    206.03939   -383.60043    136583.17   -42482.176    2563.5218   -45045.698    37.332039    0.9144135 
404000    207.83252   -398.54204       136805   -42485.608    2585.8317   -45071.439    37.441795   0.91293075 
406000    205.06886   -736.91091    136890.11   -42434.059    2551.4465   -44985.505    37.593285   0.91236311 
408000     210.1097   -657.88996     136930.3    -42371.11    2614.1641   -44985.274    37.685215   0.91209536 
410000    203.84105   -914.84968    137030.27   -42466.677    2536.1702   -45002.848    37.627924   0.91142996 
412000    202.18903   -741.05373    137072.15   -42457.249     2515.616   -44972.865    37.602045   0.91115147 
414000    202.71235    -680.2116    136948.86   -42498.731     2522.127   -45020.858    37.494756   0.91197176 
416000     201.4043   -396.62547    136583.26   -42536.288    2505.8524   -45042.141    37.570575   0.91441289 
418000    202.15909   -575.37495    136594.04   -42459.257    2515.2435   -44974.501    37.657731   0.91434068 
420000    205.01336   -626.72676    136870.58   -42427.978    2550.7559   -44978.734    37.691412   0.91249333 
422000    201.17845   -861.90011    137004.72   -42506.742    2503.0423   -45009.784    37.789494   0.91159991 
424000    202.77935   -691.69307    136903.51   -42487.521    2522.9606   -45010.482    37.716362   0.91227385 
426000    202.82263   -730.21341    136967.29   -42534.198    2523.4991   -45057.697    37.929782   0.91184904 
428000    202.50943   -667.59086    136928.61   -42522.812    2519.6023   -45042.414    37.733996    0.9121066 
430000    202.05721    -821.8618    137364.59   -42510.763    2513.9758   -45024.738    37.964881   0.90921166 
432000    210.17876   -690.88446    137070.33   -42412.511    2615.0233   -45027.534    37.901953   0.91116354 
434000    205.54653   -931.63609    137233.15   -42435.898    2557.3896   -44993.288    38.061883   0.91008255 
436000    203.12783   -1036.2498    137532.84   -42509.213    2527.2963    -45036.51    38.311065   0.90809944 
438000    207.02959   -572.52909    136839.19   -42466.975    2575.8417   -45042.817    38.111245   0.91270262 
440000    205.41231   -593.33769    137044.94   -42438.688    2555.7196   -44994.407    38.137142   0.91133239 
442000    205.14351    -417.7177    136631.08   -42501.117    2552.3752   -45053.492    37.906764   0.91409286 
444000    203.16921   -415.33884     136448.5   -42489.205    2527.8112   -45017.016    38.281995   0.91531594 
446000    205.36814   -403.05005    136396.25    -42465.18    2555.1701    -45020.35    38.376952   0.91566659 
448000    203.44296    -472.2236    136753.41   -42508.146    2531.2172   -45039.363     38.42041   0.91327514 
450000    206.29727   -511.18602    136780.58   -42445.768    2566.7303   -45012.498    38.437924   0.91309375 
452000    209.12357   -683.47177     137077.4   -42441.079    2601.8947   -45042.973    38.420765   0.91111655 
454000    208.78595   -424.55123    136598.25    -42462.49    2597.6942   -45060.184    38.080732   0.91431252 
456000    208.03481   -318.73533    136327.49   -42460.815    2588.3486   -45049.163      38.1831   0.91612846 
458000    204.82899   -508.76124    136675.71   -42496.191    2548.4621   -45044.653    38.298281   0.91379435 
460000    205.11293   -382.52178    136538.81   -42457.609    2551.9948   -45009.603    38.351732   0.91471059 
462000    202.76254   -678.10205    136793.44   -42520.493    2522.7515   -45043.245    38.290084   0.91300788 
464000    207.08629   -532.31333    136812.25   -42474.796    2576.5471   -45051.343    38.557384   0.91288237 
466000    208.87195   -194.06797    136332.49   -42464.515    2598.7641   -45063.279    38.334398   0.91609483 
468000    206.45311   -266.83485    136361.04   -42476.595    2568.6691   -45045.264      38.4525   0.91590305 
470000    204.98463   -371.72507    136701.08   -42556.215    2550.3985   -45106.613    38.498948   0.91362479 
472000    201.90531   -164.22331    136474.57   -42563.067    2512.0859   -45075.153    38.244108   0.91514114 
474000     206.7458   -436.18166    136737.82   -42527.739    2572.3107    -45100.05    38.349548    0.9133793 
476000    203.02919   -685.67506    136872.06   -42507.624    2526.0691   -45033.693    38.512467   0.91248349 
478000    202.10084   -406.41622    136605.92   -42574.213    2514.5187   -45088.731    38.692365   0.91426119 
480000    204.57075    -569.5554    136686.21   -42525.593     2545.249   -45070.842    38.678187   0.91372414 
482000    206.09831   -567.00447    136717.78   -42484.848    2564.2548   -45049.103    38.634383   0.91351315 
484000    206.84779   -572.74974    136876.76   -42546.039    2573.5798   -45119.618     38.72991   0.91245216 
486000    203.09008   -695.15482    137060.92   -42628.606    2526.8267   -45155.432    38.825766   0.91122613 
488000    204.22904   -702.67068    136889.09   -42534.231    2540.9975   -45075.229    38.746097   0.91236991 
490000    207.09549   -552.47445    136799.88   -42463.164    2576.6617   -45039.826    38.766538   0.91296493 
492000    202.55086   -611.05976    136661.37   -42526.601    2520.1178   -45046.719    38.739549    0.9138902 
494000     205.6666    -461.7804    136826.52   -42552.889    2558.8835   -45111.773    38.835361   0.91278716 
496000    210.14159   -214.39456     136693.5   -42500.003    2614.5609   -45114.564    38.753254   0.91367543 
498000    203.79926   -284.65458     136628.2   -42562.662    2535.6503   -45098.312    38.914189   0.91411207 
500000     206.0883   -516.24765    136844.64   -42519.928    2564.1303   -45084.059    38.801747   0.91266631 
502000     205.2292   -834.10946     136953.5   -42479.942    2553.4414   -45033.384    39.004643   0.91194084 
504000    207.80039   -294.56714    136420.61   -42446.879    2585.4318   -45032.311    38.843895   0.91550312 
506000    202.51205   -658.12906    136853.03   -42505.589    2519.6349   -45025.224    38.902136   0.91261035 
508000    205.33544   -615.53278    136920.47    -42472.65    2554.7633   -45027.413    39.097734   0.91216081 
510000    208.45824    -407.4526    136582.85   -42441.518    2593.6168   -45035.135     38.99018    0.9144156 
512000     204.4081   -532.58813    136573.85   -42479.365    2543.2254    -45022.59    39.204355   0.91447589 
514000    203.01902   -430.66678    136590.29   -42523.726    2525.9426   -45049.669    39.047612    0.9143658 
516000    207.34184   -742.84441    136773.67   -42527.323    2579.7267   -45107.049    39.208948   0.91313985 
518000    206.68358    -469.0773     136473.6   -42522.038    2571.5366   -45093.574    39.243593    0.9151476 
520000    202.86614    -276.5855    136449.29   -42544.642    2524.0404   -45068.683    39.110245   0.91531066 
522000    202.03673   -577.54769    136960.47   -42549.056    2513.7211   -45062.778    39.385332   0.91189446 
524000    207.47953   -584.46671    136938.77   -42508.938    2581.4398   -45090.377    39.219293   0.91203896 
526000    206.71337   -590.59943    136567.35   -42502.852    2571.9073   -45074.759    39.179146    0.9145194 
528000    207.37078   -457.05968    136752.34    -42476.96    2580.0867   -45057.047    39.275155   0.91328233 
530000    203.94871   -126.54575    136148.36   -42595.265    2537.5097   -45132.774    39.128648   0.91733382 
532000    207.26909   -285.15486    136444.29   -42527.116    2578.8215   -45105.937    39.312552   0.91534419 
534000    202.48589   -493.84753    136486.54   -42553.553    2519.3094   -45072.862     39.32957   0.91506089 
536000    205.20819   -470.64259    136480.42   -42525.913      2553.18   -45079.093    39.346987   0.91510191 
538000     204.1835   -544.07035    136737.76   -42604.487    2540.4309   -45144.918    39.484114   0.91337967 
540000     205.4953   -687.30337    136871.32   -42559.622    2556.7522   -45116.374    39.630363   0.91248837 
542000    203.17357   -739.17588    137076.89   -42559.316    2527.8654   -45087.182    39.865959   0.91111994 
544000    201.23786   -535.85733    136777.06   -42626.089    2503.7816   -45129.871    39.659675   0.91311721 
546000    202.02024   -387.95344    136676.57   -42567.487    2513.5159   -45081.003    39.506238   0.91378859 
548000    204.09622   -437.61037    136761.28   -42572.647     2539.345   -45111.992    39.486862   0.91322263 
550000    202.39483   -539.85264    136992.95   -42572.559    2518.1765   -45090.735     39.60282   0.91167824 
552000    203.86863   -736.35147    137022.43   -42541.782    2536.5133   -45078.295    39.511294   0.91148207 
554000    206.45404   -764.10956    137216.71   -42509.942    2568.6808   -45078.623    39.749848   0.91019155 
556000    202.22295   -668.72045    137007.26   -42581.311     2516.038   -45097.349    39.780063   0.91158302 
558000    206.91717   -534.95958     136971.4   -42559.465    2574.4429   -45133.908    39.702147   0.91182168 
560000    207.08005   -679.52209    137082.81   -42498.169    2576.4695   -45074.639    39.893502   0.91108064 
562000    205.34165   -411.08989    136809.47   -42543.717    2554.8406   -45098.558     39.69123   0.91290092 
564000    203.29586   -469.21464    136788.48   -42542.863     2529.387    -45072.25    39.736397   0.91304102 
566000    208.11638    -771.9031    137028.09     -42506.9    2589.3634   -45096.263    39.826612   0.91144443 
568000    206.27183   -514.96367    136838.12   -42492.091    2566.4137   -45058.505    39.908106    0.9127098 
570000    209.92667   -496.83956    137059.38   -42553.533    2611.8868   -45165.419    39.844808   0.91123636 
572000    205.75943   -718.38186    137024.87   -42593.228    2560.0385   -45153.266    39.852319   0.91146588 
574000    208.26512   -619.84833    136885.17   -42494.388     2591.214   -45085.602    39.837592   0.91239606 
576000    203.17252   -790.44001    136913.68   -42506.146    2527.8524   -45033.998    39.832322   0.91220605 
578000    205.01802    -266.0452    136344.89   -42563.701    2550.8139   -45114.514    39.794898   0.91601155 
580000    204.37357   -268.29837    136287.56   -42562.024    2542.7957    -45104.82    39.616922   0.91639684 
582000    205.86386   -550.20149    136835.15   -42543.423    2561.3378   -45104.761    39.884508   0.91272961 
584000    206.35885   -517.00424    136916.94    -42556.72    2567.4964   -45124.217     39.84204   0.91218433 
586000    204.14715   -731.01145    137014.97   -42569.088    2539.9787   -45109.066    39.965499   0.91153172 
588000    204.38825    -822.5474    137241.62   -42572.795    2542.9784   -45115.773    39.966557   0.91002638 
590000    205.49034   -665.27809     137122.1   -42564.884    2556.6905   -45121.575     39.98987   0.91081956 
592000    206.30045   -607.53553    137177.39   -42563.717    2566.7699   -45130.487    40.040361   0.91045247 
594000    210.22689   -695.32254    136990.38    -42534.44    2615.6221   -45150.062    40.066256   0.91169534 
596000    205.72829   -331.89263     136645.3    -42571.45     2559.651   -45131.101    39.989633   0.91399769 
598000    204.76254   -586.17184    136907.66   -42543.103    2547.6352   -45090.739    40.187467    0.9122462 
600000    201.78157   -528.58333    136951.27   -42662.629    2510.5464   -45173.175    40.136163   0.91195573 
602000    203.14569   -637.13893    136887.87   -42662.659    2527.5185   -45190.177    39.993827    0.9123781 
604000    206.63821   -667.38751     136804.8   -42557.937    2570.9722    -45128.91    40.147881   0.91293209 
606000    199.79656   -507.86409    136813.85   -42602.346    2485.8491   -45088.195    40.151423   0.91287166 
608000    206.07849   -745.24236    137102.37   -42632.645    2564.0082   -45196.653    40.293672   0.91095063 
610000    204.95649   -749.31041     137063.2   -42622.089    2550.0484   -45172.138    40.173602   0.91121094 
612000    204.79766   -713.69717    137045.26   -42595.207    2548.0722   -45143.279    40.293491   0.91133023 
614000    202.10129   -643.40863    137059.61    -42671.97    2514.5242   -45186.495    40.325932   0.91123486 
616000    205.96558   -908.54442    137059.39   -42493.872    2562.6033   -45056.476    40.407654   0.91123631 
618000    208.07592    -366.3886    136622.98   -42585.662      2588.86   -45174.522    40.170948   0.91414704 
620000    209.41184   -593.58287    136839.84   -42467.846    2605.4814   -45073.327    40.349273    0.9126983 
622000    207.33907   -697.82102    136880.33   -42473.603    2579.6923   -45053.296     40.46587   0.91242831 
624000    205.46642   -687.12464    136959.24   -42527.747    2556.3928   -45084.139    40.405023   0.91190266 
626000    205.78077   -834.17424    137119.59   -42544.433     2560.304   -45104.737    40.455504   0.91083625 
628000    206.34133   -985.71673    137350.84     -42544.8    2567.2785   -45112.078    40.575981   0.90930269 
630000       203.28   -811.81512    137268.12   -42601.789    2529.1897   -45130.979    40.716021   0.90985067 
632000    203.31044   -734.53516    137095.15   -42582.363    2529.5684   -45111.931    40.462384    0.9109986 
634000     206.7637   -812.20353    137132.17   -42495.496    2572.5335    -45068.03    40.580539   0.91075265 
636000    203.33903   -660.49503    137151.55   -42565.105    2529.9242   -45095.029     40.62191   0.91062401 
638000    205.77772   -397.47375    136774.46   -42620.828    2560.2661   -45181.094    40.686439    0.9131346 
640000    203.90139   -472.27526    136697.89   -42549.663    2536.9209   -45086.584    40.493434    0.9136461 
642000    203.99325   -496.91627    136871.62   -42589.076    2538.0638    -45127.14    40.701701   0.91248643 
644000    203.77818   -586.73384    137072.05   -42609.619     2535.388   -45145.007    40.758143   0.91115212 
646000    203.42512    -649.6839    137135.62   -42591.439    2530.9952   -45122.434    40.883424   0.91072976 
648000     206.4412   -734.13812    137084.62   -42582.638     2568.521   -45151.159     40.84418   0.91106857 
650000    203.24002   -915.90687    137328.07    -42526.79    2528.6922   -45055.483    40.942038   0.90945348 
652000    204.29999   -729.48863    137039.01   -42521.973    2541.8803   -45063.853    40.960772    0.9113718 
654000    205.09752   -682.70584    137154.18   -42490.415    2551.8031   -45042.218    41.025447    0.9106065 
656000    202.04761   -601.88394    136539.46   -42599.628    2513.8564   -45113.485    40.958662   0.91470619 
658000    204.27897    -469.8115    136646.52   -42598.848    2541.6188   -45140.467    40.942442   0.91398953 
660000    204.82886   -693.38061    136720.46   -42554.052    2548.4605   -45102.512    41.065242   0.91349526 
662000    203.95049   -592.29008    136718.37   -42548.935    2537.5319   -45086.467    41.047924   0.91350924 
664000    208.27928   -711.44244     137111.8   -42561.453    2591.3903   -45152.843    41.216384   0.91088801 
666000    205.23322   -737.66945    137066.74   -42570.237    2553.4914   -45123.728    41.183545   0.91118743 
668000     202.4886   -607.38581    136804.76   -42532.263    2519.3431   -45051.607    41.198456   0.91293237 
670000    202.54714   -598.82066    136672.89   -42567.986    2520.0714   -45088.057    41.091118   0.91381321 
672000    208.66624   -870.47001    136664.44   -42522.722    2596.2047   -45118.927    41.016282   0.91386971 
674000    206.99417   -469.36124    136601.78   -42473.559     2575.401    -45048.96     41.10689   0.91428892 
676000    202.64924   -332.71647    136320.82   -42482.361    2521.3419   -45003.703    41.223623   0.91617325 
678000     205.0842   -488.15127    136226.47   -42504.912    2551.6374   -45056.549    41.377285   0.91680781 
680000    207.06554   -469.55086    136429.97       -42500     2576.289   -45076.289     41.42923    0.9154403 
682000    205.04688   -622.17647    137002.61   -42526.507     2551.173    -45077.68    41.647839   0.91161397 
684000     208.0232   -625.00052    136955.52   -42466.911    2588.2042   -45055.115    41.587499   0.91192739 
686000    202.73312   -595.85436    136857.51   -42561.239    2522.3855   -45083.624    41.593553   0.91258044 
688000    201.84623   -249.54106    136427.59   -42572.067    2511.3508   -45083.418    41.575533   0.91545628 
690000    202.50086   -555.74025    136628.55   -42548.667    2519.4956   -45068.163    41.562034   0.91410974 
692000     207.5489   -322.80162    136628.86   -42484.678    2582.3029   -45066.981    41.507222   0.91410768 
694000    207.57388   -581.05315    137001.04   -42526.023    2582.6137   -45108.637    41.663431   0.91162437 
696000    204.52777   -547.49335    136951.52   -42599.664    2544.7143   -45144.378    41.459534   0.91195402 
698000    207.56786   -487.13706    136788.35   -42556.771    2582.5388   -45139.309    41.318557    0.9130419 
700000    207.46416   -586.61706    136816.92   -42561.241    2581.2486    -45142.49    41.529251   0.91285123 
702000    206.25099   -413.48129    136636.18   -42525.854    2566.1544   -45092.009    41.588546    0.9140587 
704000    208.98326   -630.95174    136759.58    -42480.17    2600.1491   -45080.319    41.519843   0.91323396 
706000    205.97452   -505.21232    136661.63   -42478.506    2562.7146   -45041.221    41.594974   0.91388847 
708000    204.22188    -574.2026    136664.14   -42567.393    2540.9085   -45108.302    41.599219   0.91387173 
710000    202.69932   -455.22636    136456.22   -42628.564    2521.9649   -45150.529    41.550239   0.91526419 
712000    204.63594    -426.0167     136462.1    -42595.81    2546.0601   -45141.871    41.669775   0.91522473 
714000    203.35577   -595.65785    136565.26   -42546.993    2530.1324   -45077.126    41.606286   0.91453339 
716000    205.52716   -735.20891     136717.2   -42570.613    2557.1486   -45127.762    41.656378   0.91351704 
718000    203.90793   -476.04662    136472.27   -42586.981    2537.0023   -45123.983    41.604194   0.91515654 
720000     205.6864   -634.28277    136481.63   -42512.028    2559.1299   -45071.158    41.665883    0.9150938 
722000     207.5939   -638.12849    136718.04   -42554.507    2582.8628    -45137.37    41.623376   0.91351145 
724000    206.13748   -586.67652    136581.51   -42549.962    2564.7421   -45114.704     41.73177   0.91442459 
726000    208.27205   -651.77994    136870.37   -42564.468    2591.3002   -45155.768    41.667681   0.91249474 
728000    205.87326    -394.6855    136482.74   -42598.504    2561.4548   -45159.959    41.837147   0.91508631 
730000    207.38846   -446.05647     136696.1   -42529.566    2580.3067   -45109.873    41.840446   0.91365805 
732000    204.17919   -290.06389    136516.84   -42535.087    2540.3773   -45075.465    41.689845   0.91485779 
734000    202.81814   -441.48925     136455.2   -42581.411    2523.4432   -45104.855    41.717878   0.91527102 
736000    201.25827   -590.67149    136713.61   -42608.023    2504.0356   -45112.058    41.841173   0.91354105 
738000     204.9147    -752.5697    136851.96   -42542.304    2549.5284   -45091.833    41.885103   0.91261747 
740000    203.85452   -756.91549    136795.26   -42551.183    2536.3378    -45087.52    41.767571   0.91299576 
742000    212.56606   -962.59172    136853.36   -42484.487    2644.7259   -45129.213    41.903841   0.91260813 
744000    205.50663   -938.69568    136836.28   -42510.104    2556.8932   -45066.998    41.985212   0.91272204 
746000    202.95079   -723.86237    136522.89   -42567.352    2525.0937   -45092.446     41.80918   0.91481725 
748000    206.28644   -467.64904    136499.28   -42578.772    2566.5956   -45145.367    42.191101   0.91497543 
750000    202.62998   -412.50205    136443.03   -42561.983    2521.1021   -45083.085    42.242268   0.91535269 
752000    205.14126   -551.87798    136500.09   -42527.778    2552.3472   -45080.125    42.149064   0.91497006 
754000    206.15335   -477.20563    136483.08   -42515.677    2564.9396   -45080.617    42.117676   0.91508407 
756000    208.10823   -273.18505    136309.72   -42558.226    2589.2621   -45147.488    42.007443   0.91624788 
758000     205.1201   -714.02536    136692.73   -42546.994     2552.084   -45099.078    42.300892   0.91368056 
760000    206.19272   -440.69639    136187.83   -42537.136    2565.4294   -45102.565     42.15054   0.91706794 
762000    202.64613   -673.55751    136406.27   -42577.321    2521.3031   -45098.624    42.197488   0.91559932 
764000    206.43956   -659.51519    136746.16   -42578.434    2568.5006   -45146.935     42.48408   0.91332358 
766000    207.38663   -782.96529    136633.15   -42576.649    2580.2839   -45156.933     42.41744   0.91407897 
768000    200.40378   -872.80585    136950.01   -42612.326     2493.404    -45105.73    42.494756   0.91196408 
770000     203.8946   -700.19368    136563.73   -42606.266    2536.8364   -45143.102    42.325088   0.91454362 
772000     206.1054   -664.92036    136695.01   -42579.246    2564.3431   -45143.589    42.258299   0.91366532 
774000    203.20328   -695.72246    136781.59   -42542.574    2528.2351   -45070.809    42.311257   0.91308698 
776000    200.11218   -762.01919    136706.46   -42541.143    2489.7759   -45030.919    42.334995   0.91358883 
778000    204.55282   -514.29687    136491.52   -42569.813     2545.026   -45114.839    42.204154   0.91502746 
780000    203.93329   -518.55781    136367.24   -42581.451    2537.3179   -45118.769    42.292881   0.91586138 
782000    205.74802   -591.60483    136545.49   -42560.134    2559.8966   -45120.031    42.403552    0.9146658 
784000    212.66884   -582.06642    136638.18   -42472.911    2646.0047   -45118.916     42.48135   0.91404536 
786000    202.05183     -734.207    136718.26   -42510.834    2513.9089   -45024.743    42.594272   0.91350997 
788000     206.3248   -779.56659    136862.69   -42498.602    2567.0728   -45065.674      42.5773   0.91254597 
790000    200.67409   -461.42862    136566.71   -42603.618    2496.7672   -45100.385    42.628566   0.91452372 
792000    203.26624   -408.05095    136590.57   -42619.398    2529.0184   -45148.416    42.577557   0.91436391 
794000    206.90649   -55.826187     135956.7   -42564.813    2574.3101   -45139.123    42.413083   0.91862694 
796000    207.86761   -460.55921    136313.73   -42555.824    2586.2682   -45142.092    42.607722    0.9162209 
798000    207.14984   -613.22035    136532.77   -42524.178    2577.3378   -45101.516    42.649878   0.91475101 
