94000     216.9354   -9.6531371    133425.52   -41483.822    2699.0887   -44182.911    87.866815   0.93605397 
96000    213.60523   -154.11018    133684.44   -41502.351    2657.6552   -44160.006    88.568464   0.93424103 
98000    213.96591   -151.58037    133409.15   -41522.462    2662.1427   -44184.605    88.489912   0.93616888 
100000    214.74625   -79.512099    133316.47   -41570.277    2671.8516   -44242.128    89.671419   0.93681964 
102000     214.0318   -492.67107     133891.1   -41567.208    2662.9625    -44230.17    90.264239   0.93279902 
104000     217.2268   -158.56155    133948.58   -41485.392    2702.7144   -44188.106    90.261586    0.9323988 
106000    215.51158   -510.54805    134327.63   -41592.717    2681.3737    -44274.09     91.26659   0.92976766 
108000    212.13397   -189.67166    133599.06   -41592.286    2639.3499   -44231.636    91.302856    0.9348381 
110000    214.86398   -194.29265    133420.49   -41584.541    2673.3164   -44257.857    91.923222    0.9360893 
112000    211.27349   -113.26282    133740.07   -41679.347    2628.6439   -44307.991    92.171449   0.93385241 
114000    210.56008   -293.03097    134274.55   -41678.784    2619.7677   -44298.552    92.753485   0.93013526 
116000    216.95198   -41.017867    133671.33   -41566.215    2699.2951    -44265.51    93.173785   0.93433268 
118000     215.5317   -374.96878    133966.72   -41538.394    2681.6241   -44220.019    93.855946   0.93227251 
120000    214.68651   -306.36105    133776.24   -41645.855    2671.1083   -44316.964    94.902785   0.93359993 
122000    216.79906   -212.96648    133913.74   -41609.122    2697.3925   -44306.515    95.252015   0.93264133 
124000    218.89433   -589.98873    134049.33   -41632.595    2723.4616   -44356.057    95.671261   0.93169796 
126000    215.36609   -465.06689    134299.73   -41646.297    2679.5636    -44325.86    96.631395   0.92996084 
128000    215.25879   -471.34827    134336.88   -41692.013    2678.2285   -44370.241    96.933743   0.92970366 
130000    214.51711   -359.57595    133955.75   -41602.118    2669.0007   -44271.118    97.479062   0.93234886 
132000    214.77144   -23.873602     133407.1   -41552.539     2672.165   -44224.704    97.731254   0.93618325 
134000    215.60498   -146.22958     133848.9   -41521.948    2682.5359   -44204.484    98.403049   0.93309318 
136000    220.11835   -103.94199    133517.58   -41513.942    2738.6907   -44252.632    98.710596   0.93540861 
138000    220.91786   -369.63745    133903.45   -41511.677    2748.6382   -44260.315    99.997609   0.93271299 
140000    217.36037   -4.7983749    133360.93   -41506.285    2704.3762   -44210.661    99.892014   0.93650735 
142000    217.29881   -63.963881    133802.54   -41621.558    2703.6103   -44325.168    100.58188   0.93341644 
144000    217.13913   -384.44922    133888.13   -41668.985    2701.6236   -44370.609     101.3351   0.93281978 
146000    214.42662   -168.31252    133904.88   -41640.393    2667.8748   -44308.268     101.9449   0.93270304 
148000    215.01832    33.337021    133626.63   -41657.675    2675.2367   -44332.911    101.93713   0.93464524 
150000    211.08369   -105.92777     133678.7   -41726.509    2626.2824   -44352.791    102.60433   0.93428117 
152000    212.73074   -44.407218    133752.67   -41644.154    2646.7749   -44290.929    103.20602   0.93376445 
154000    219.20404   -374.27338    133881.29   -41540.615    2727.3151    -44267.93    103.56605   0.93286739 
156000    217.12173   -267.45392    133910.47   -41559.041    2701.4071   -44260.448    104.03465   0.93266411 
158000    213.73232   -378.64221     134103.9   -41569.855    2659.2363   -44229.091    103.94915   0.93131883 
160000    215.74128   -317.35925    133594.61   -41593.892    2684.2317   -44278.124     104.3773   0.93486921 
162000    214.26998   -133.92888    133709.79   -41645.021    2665.9259   -44310.947    105.03423   0.93406395 
164000    218.51843    77.862393    133604.83   -41520.045    2718.7847   -44238.829    105.26382   0.93479773 
166000    215.09229    -115.4512    133804.36   -41637.101    2676.1571   -44313.258      105.373   0.93340374 
168000    214.30718   -333.75788    133668.23   -41623.071    2666.3887   -44289.459    105.69529   0.93435436 
170000    216.31129   -142.12936    133846.35   -41504.648    2691.3237   -44195.972    105.94106   0.93311094 
172000    222.13793   -197.94377    134183.13   -41532.195    2763.8182   -44296.013    106.91895   0.93076897 
174000    222.29933   -78.033381     134159.1   -41525.486    2765.8263   -44291.312    107.31065   0.93093566 
176000    216.08254    -615.4152    134475.99   -41626.807    2688.4777   -44315.285    107.35553   0.92874197 
178000    217.44448   -489.41336    134703.78   -41660.463    2705.4228   -44365.886    108.05786   0.92717142 
180000    218.34489   -105.22927    134316.54   -41605.745    2716.6256   -44322.371    108.01106   0.92984444 
182000    217.29272    111.38161    133976.11   -41723.538    2703.5345   -44427.073    108.10095   0.93220715 
184000    211.10086   -176.44135    134160.19   -41781.869     2626.496   -44408.365     108.8527   0.93092809 
186000    214.45121   -150.00002    134218.93    -41732.79    2668.1807    -44400.97     109.1393   0.93052066 
188000    210.86067    -27.44656    134188.74   -41747.102    2623.5076   -44370.609    109.62663   0.93073003 
190000    213.51413    -191.1767    134074.87   -41768.834    2656.5217   -44425.356     109.5687   0.93152049 
192000    212.92942   -210.11542    134716.49   -41813.981    2649.2468   -44463.228    110.09498   0.92708393 
194000    214.34254    122.14563    134404.59   -41713.901    2666.8287   -44380.729    110.31545   0.92923529 
196000    216.02639   -38.928833    134495.02   -41748.236     2687.779   -44436.015    110.66206    0.9286105 
198000    219.93095   -288.55801    134631.51   -41662.773    2736.3591   -44399.132    110.95243   0.92766911 
200000    214.51253   -353.11494    134665.02   -41764.908    2668.9437   -44433.852    111.59039   0.92743826 
202000    217.09598   -523.79046    135021.88   -41723.253    2701.0867    -44424.34    111.71172   0.92498704 
204000    215.96339   -199.36482    134489.44    -41712.98    2686.9952   -44399.975    111.63224   0.92864903 
206000    214.57712   -209.04088    134376.21   -41694.465    2669.7473   -44364.212    112.03907   0.92943155 
208000    215.63958   -327.76201    134465.78   -41738.352    2682.9663   -44421.318    112.27919   0.92881245 
210000    212.34074    160.17221    134298.83   -41755.673    2641.9225   -44397.595    112.53124   0.92996706 
212000    219.73779   -167.77589    134865.66    -41694.03    2733.9558   -44427.985    112.60184   0.92605847 
214000    216.33696   -370.47506    134462.71   -41664.904    2691.6431   -44356.547    112.99834   0.92883368 
216000    215.55196    -339.2658    134431.83   -41769.333    2681.8762   -44451.209    113.84658   0.92904699 
218000    211.97511   -335.56557    134695.07   -41788.849    2637.3734   -44426.223    114.17993   0.92723137 
220000    212.38436   -530.41679    135103.76    -41803.04    2642.4652   -44445.505    115.02158    0.9244265 
222000    208.88336   -507.79549    134445.02   -41713.222    2598.9062   -44312.129    114.43273   0.92895587 
224000    217.86511    -104.9866    134706.57   -41720.982    2710.6562   -44431.638    115.49104   0.92715218 
226000    215.14598   -357.88155    134791.63    -41740.14    2676.8251   -44416.965    115.79464   0.92656709 
228000     214.5685    38.732949    134457.05    -41854.52      2669.64    -44524.16    115.79951   0.92887273 
230000    211.66672   -317.13417    134949.99   -41890.462    2633.5363   -44523.998    116.38317   0.92547982 
232000    211.61164   -192.39592    134679.87   -41875.192    2632.8512   -44508.043    116.27958     0.927336 
234000    216.16535   -392.46541    134766.63   -41823.163    2689.5079   -44512.671    116.68461   0.92673902 
236000    210.25457   -284.58704    134444.05   -41860.474    2615.9666    -44476.44    117.07891   0.92896259 
238000    209.69352   -327.76925    134484.51   -41853.954    2608.9861    -44462.94     117.5665   0.92868306 
240000    214.69946   -59.195305    134194.32   -41793.262    2671.2695   -44464.531    117.58212   0.93069135 
242000    215.42612   -137.18508    134433.47   -41788.513    2680.3105   -44468.824    117.83952   0.92903568 
244000    213.17389   -381.56381    134520.09   -41778.957    2652.2885   -44431.245    118.79256   0.92843744 
246000    213.10835   -214.20978    134178.16   -41758.144     2651.473   -44409.616    118.64761   0.93080342 
248000    216.29244    22.186746    133985.07   -41743.594    2691.0891   -44434.683    118.55009   0.93214484 
250000    214.11025    124.85609    133882.45   -41809.372    2663.9385   -44473.311    118.75522   0.93285933 
252000    215.56054   -331.20962    134582.21   -41818.048     2681.983   -44500.031    119.54727   0.92800893 
254000    213.16518   -456.30292    134559.02    -41803.52    2652.1801     -44455.7    119.75316   0.92816884 
256000    212.86748   -206.36907    134361.29   -41859.957    2648.4762   -44508.433    119.80635    0.9295348 
258000    215.08339   -169.61666    134278.82   -41760.665    2676.0463   -44436.711    120.23176   0.93010564 
260000    215.19708   -347.75136    134038.62   -41753.402    2677.4608   -44430.862    120.15039   0.93177241 
262000    218.27393   -120.05019    134067.52   -41713.059    2715.7427   -44428.802    120.68144   0.93157155 
264000    215.96513   -46.932994    134091.61   -41715.424    2687.0168   -44402.441    120.71353   0.93140421 
266000    216.76557    165.79964    133899.64   -41686.805    2696.9758    -44383.78    120.89818   0.93273953 
268000    214.28744   -304.66258    134194.93   -41635.949    2666.1431   -44302.093     121.6966   0.93068712 
270000    209.76158   -519.16721     134590.6   -41810.484    2609.8328   -44420.317    122.38294   0.92795104 
272000    208.00967   -392.97619    134010.65   -41787.897    2588.0358   -44375.933     122.0371   0.93196688 
274000    212.96433   -249.56869    134194.32   -41825.683    2649.6811   -44475.364    122.70601   0.93069137 
276000    222.77349   -290.66035    134330.58   -41618.029    2771.7257   -44389.755     123.1967   0.92974728 
278000    214.88087   -407.19594    134404.53   -41656.993    2673.5265   -44330.519    123.69974   0.92923574 
280000    214.79358   -320.36582    134335.35   -41616.502    2672.4404   -44288.942    123.96804   0.92971426 
282000    218.50836   -188.47643    133727.63   -41600.798    2718.6595   -44319.457    123.72786    0.9339393 
284000    214.97786   -227.68982    133861.08   -41683.697    2674.7332    -44358.43    124.27995   0.93300823 
286000     212.2165   -153.29992    133896.34   -41689.397    2640.3768   -44329.774    124.63567   0.93276252 
288000     213.7892   -234.05876    134002.16   -41656.302    2659.9441   -44316.246    125.84463   0.93202596 
290000    213.59228   -112.26575     133940.7   -41662.002     2657.494   -44319.496     125.6822   0.93245363 
292000    216.29096   -294.55529    134314.98   -41690.318    2691.0708   -44381.389    127.10267   0.92985525 
294000    214.51138   -147.18098    134112.34   -41743.443    2668.9294   -44412.372    127.30302   0.93126026 
296000    214.81208   -113.32077    133967.35   -41689.355    2672.6707   -44362.025    127.53459   0.93226817 
298000    210.99135   -159.95188    134180.17   -41674.371    2625.1335   -44299.505    127.69632   0.93078948 
300000    213.08218   -87.862983     133847.4   -41712.411    2651.1475   -44363.558    127.97037   0.93310362 
302000    211.23148   -225.66143    133661.76   -41734.826    2628.1212   -44362.947    128.48287   0.93439958 
304000     214.6516   -181.33436    133787.44   -41670.013     2670.674   -44340.687      128.773   0.93352181 
306000    217.66054   -183.31355     133781.4   -41655.252     2708.111   -44363.363    128.85688   0.93356392 
308000    213.39228   -210.84872    133790.73   -41766.962    2655.0056   -44421.967    129.34315   0.93349885 
310000    210.64454   -196.25548    134035.78   -41771.226    2620.8185   -44392.044    129.80066   0.93179217 
312000    209.67141    -116.5852    133958.95   -41736.443     2608.711   -44345.154     130.2835   0.93232658 
314000    214.56142   -503.97159    134704.08   -41733.108     2669.552    -44402.66    131.30498   0.92716934 
316000    217.73398    -65.80111    134282.51    -41731.48    2709.0247   -44440.504    131.49206    0.9300801 
318000    212.96803    126.97257    134031.94   -41796.627    2649.7271   -44446.354    131.42355   0.93181888 
320000     216.5385   -46.235707    134661.01   -41821.472    2694.1506   -44515.623    132.35176   0.92746591 
322000    215.13196   -272.74505    135109.91   -41720.036    2676.6505   -44396.686     132.9452   0.92438442 
324000    217.31189   -370.59191    135121.51   -41731.408    2703.7731   -44435.181    133.01973   0.92430501 
326000    214.71067   -431.41613    135296.62   -41792.486     2671.409   -44463.895    132.92034   0.92310871 
328000    212.32276   -319.70643    135033.16    -41940.15    2641.6988   -44581.849    133.15305   0.92490978 
330000     214.3193   -517.02337    135063.43   -41776.277    2666.5396   -44442.816    133.38639   0.92470247 
332000    216.80621   -375.97918    134648.61   -41754.826    2697.4815   -44452.308    133.36256   0.92755125 
334000    213.68715   -350.17908    134799.53   -41794.487    2658.6744   -44453.161    133.63397   0.92651278 
336000    214.39655   -324.97298    134557.52   -41862.312    2667.5007   -44529.813    133.58646   0.92817922 
338000    212.24665    -373.6302    134822.43   -41890.061    2640.7519   -44530.813    134.00818   0.92635542 
340000    209.47346   -127.44832    134198.01    -41937.07    2606.2481   -44543.319    134.07458   0.93066575 
342000    215.13432   -200.76396    134541.51   -41797.883    2676.6799   -44474.563    134.27836   0.92828966 
344000    216.97058    18.426265    134316.39    -41780.51    2699.5265   -44480.036    134.46439   0.92984551 
346000    214.76933    188.34478     134456.3   -41808.275    2672.1388   -44480.413    134.61935   0.92887793 
348000    211.43228    -234.7052     134586.6   -41862.537    2630.6195   -44493.157    135.44826   0.92797867 
350000    218.80009   -114.20389    134327.48   -41690.609    2722.2891   -44412.898    134.95896   0.92976871 
352000    220.13571    -641.9233    134743.62   -41660.675    2738.9067   -44399.582    135.43807   0.92689727 
354000    218.34715   -497.20085     134357.2   -41664.865    2716.6536   -44381.518    135.43868   0.92956307 
356000    214.51161   -221.87322     134176.9   -41768.972    2668.9322   -44437.904     135.8151    0.9308122 
358000    213.00365   -391.01003    134133.22   -41789.944    2650.1703   -44440.115    136.00312   0.93111526 
360000    215.18798    39.389591    133950.58   -41721.376    2677.3476   -44398.724    136.30956   0.93238485 
362000    214.58329   -82.338953    134372.18   -41766.552     2669.824   -44436.376    137.34041   0.92945941 
364000    217.50475   -54.594055     134102.5   -41734.173    2706.1726   -44440.346    137.18673    0.9313286 
366000    218.67713    274.64138    133993.58   -41742.189    2720.7592   -44462.948    137.44406   0.93208562 
368000    216.28491   -52.183973    134143.58   -41828.932    2690.9954   -44519.927    137.60892    0.9310434 
370000    213.44569    119.62051     133848.9   -41824.797    2655.6702   -44480.467    137.79123   0.93309312 
372000    211.98423   -130.86349    134282.98   -41726.985    2637.4868   -44364.472    138.53504   0.93007685 
374000    215.42085    -167.4225    134205.71   -41771.726    2680.2449   -44451.971    138.15534   0.93061232 
376000    216.43175   -225.72765    134214.01   -41781.976    2692.8224   -44474.798     139.2915   0.93055479 
378000    213.59415   -619.89224    134385.86   -41698.525    2657.5174   -44356.043    139.90118   0.92936485 
380000    215.80056    -43.56067     134067.2   -41754.188    2684.9693   -44439.157    140.22033   0.93157383 
382000    216.23177   -60.587771    134394.19   -41679.845    2690.3343   -44370.179    140.79625   0.92930725 
384000    217.22252   -365.37226    134315.79   -41793.251    2702.6611   -44495.912     140.8373   0.92984963 
386000    214.32332   -83.105432    134791.51   -41734.208    2666.5895   -44400.798    141.49143   0.92656792 
388000    214.69579   -398.83581    134801.72    -41824.46    2671.2238   -44495.684    141.89095   0.92649778 
390000    213.38748   -451.87002    134731.09   -41880.515    2654.9459   -44535.461    142.08219   0.92698342 
392000     211.8457   -125.86953    134675.76   -41916.581    2635.7632   -44552.344    143.05785   0.92736431 
394000     215.7414   -42.141193    134103.32   -41837.273    2684.2332   -44521.506     142.4297    0.9313229 
396000    215.37511   -84.830588    134190.26   -41840.104    2679.6759    -44519.78    142.69727   0.93071947 
398000    212.74732   -23.314331    134193.34   -41862.796    2646.9812   -44509.777    143.29684   0.93069812 
400000    214.62401   -194.38052    134431.22   -41813.043    2670.3307   -44483.374    143.83148   0.92905127 
402000    214.59866    172.06046    133994.78   -41826.504    2670.0153   -44496.519    143.62109   0.93207728 
404000    216.42577   -181.53506    134276.53   -41816.213     2692.748   -44508.961    144.09801   0.93012155 
406000    217.12462   -192.44816    134186.95   -41754.417    2701.4431    -44455.86    144.17285   0.93074248 
408000    216.00985    -516.4737    134501.54   -41685.153    2687.5732   -44372.726    144.98154   0.92856553 
410000    210.73963   -137.64829    133893.48    -41784.76    2622.0016   -44406.762    145.14898   0.93278251 
412000    215.42084   -35.967424    133975.95   -41753.968    2680.2448   -44434.212    145.17124   0.93220826 
414000    210.46192   -5.8066052    133944.07   -41793.173    2618.5464    -44411.72    145.70723   0.93243019 
416000    215.56055    29.656211    134023.13   -41826.836     2681.983   -44508.819    146.44378   0.93188015 
418000    217.99181   -60.446652    134100.22   -41736.889    2712.2325   -44449.122    146.66317   0.93134442 
420000    214.06394   -535.45799    134804.39   -41712.419    2663.3623   -44375.782    147.08887   0.92647938 
422000    214.46252   -91.534884     134419.2   -41802.894    2668.3215   -44471.215    147.13898   0.92913433 
424000    215.51949    -433.5894    135322.73   -41789.092    2681.4721   -44470.564     148.2504    0.9229306 
426000    210.69294   -234.56653    134518.92   -41841.902    2621.4207   -44463.322    148.16661   0.92844551 
428000    216.04232    17.525448    134257.78   -41847.745    2687.9772   -44535.722    148.31581   0.93025142 
430000     212.9293   -166.51193    134611.06    -41850.33    2649.2453   -44499.575    148.42634   0.92781002 
432000    226.51376     48.41698       134280   -41726.201    2818.2618   -44544.463    149.01487   0.93009749 
434000    215.98398   -454.88417    134428.45   -41746.485    2687.2513   -44433.736    149.22599   0.92907041 
436000     215.9578   -193.35508    134606.99   -41815.794    2686.9256   -44502.719    149.79672   0.92783808 
438000    219.30287   -67.189885    134249.73   -41775.564    2728.5446   -44504.108    149.86161   0.93030722 
440000    217.42783   -186.22905     134294.4   -41743.056    2705.2156   -44448.272    150.27245   0.92999774 
442000    211.02668    -266.1625    134360.13   -41816.577    2625.5731    -44442.15    151.19984   0.92954279 
444000    214.65361   -314.00865    134588.32   -41800.888    2670.6991   -44471.587    151.71784   0.92796676 
446000    216.30038   -342.92519    134421.91   -41765.632     2691.188    -44456.82    151.90602    0.9291156 
448000    212.65087   -486.74646    134700.83   -41804.352    2645.7812   -44450.133    152.71997   0.92719173 
450000    216.25267   -57.113421    134088.75   -41747.067    2690.5943   -44437.661    152.39945   0.93142411 
452000    218.28503   -105.85128    134010.33   -41752.435    2715.8807   -44468.316    152.28966   0.93196914 
454000    215.16124   -59.098771     134093.2   -41779.414    2677.0149   -44456.429    152.56059   0.93139318 
456000     215.7392    108.97721    134178.82   -41774.614    2684.2058    -44458.82    152.58181   0.93079887 
458000    213.04351   -122.42936    134365.01   -41846.295    2650.6663   -44496.961    153.30904   0.92950905 
460000    213.95857   -394.67194    134754.15   -41834.255    2662.0514   -44496.306    153.97051   0.92682484 
462000    214.59052    -150.5891    134419.76   -41929.609     2669.914   -44599.523    154.24064   0.92913048 
464000    212.95802   -197.84564    134648.54   -41869.703    2649.6027   -44519.306    154.67679   0.92755177 
466000    214.83443   -328.58816    134604.49    -41832.71    2672.9487   -44505.658    155.17156    0.9278553 
468000    216.13896    75.419272    134275.29   -41824.487    2689.1795   -44513.666    155.79431   0.93013014 
470000    212.76672   -97.232221    134676.45    -41886.44    2647.2225   -44533.662    156.21438   0.92735956 
472000    216.64189   -282.78484    135051.24    -41899.81    2695.4369   -44595.247    156.58078   0.92478596 
474000    216.67477   -236.52175    134746.06   -41892.859    2695.8461   -44588.705    156.47345   0.92688046 
476000     217.2349   -240.85703    134958.53   -41891.341    2702.8152   -44594.156    157.23349   0.92542127 
478000    212.01241   -241.77142    134705.07   -41955.389    2637.8375   -44593.226    157.30726    0.9271625 
480000    212.87518   -364.98264    135002.75   -41891.913     2648.572   -44540.485    157.67838   0.92511816 
482000    221.48683   -135.24366    134833.07   -41859.075    2755.7173   -44614.792     158.0812   0.92628233 
484000    212.02307   -490.95457    135171.31   -41926.389    2637.9701   -44564.359    158.52532   0.92396446 
486000    210.98378    10.849175    134497.98   -41997.431    2625.0393    -44622.47     158.2478    0.9285901 
488000    214.59182    180.87669    134236.64   -41908.489    2669.9302   -44578.419    158.22998   0.93039794 
490000    217.89741   -97.539813    134486.24   -41824.707     2711.058   -44535.764    158.94604   0.92867115 
492000    211.98569   -174.47248    134743.67   -41886.187    2637.5049   -44523.692    159.11959   0.92689687 
494000    209.27484   -171.39035    134804.64   -41940.487    2603.7769   -44544.263    159.20682   0.92647768 
496000    212.36066   -122.67919    134759.04   -41888.367    2642.1703   -44530.537    159.37206   0.92679121 
498000    209.45669   -120.12882    134697.93   -41968.367    2606.0394   -44574.406     159.5875   0.92721163 
500000    214.97046   -506.83874    134636.79   -41911.532    2674.6412   -44586.174    159.77646    0.9276327 
502000     213.9772   -377.32835    134665.46   -41831.921    2662.2832   -44494.204    160.04665   0.92743525 
504000    217.43372   -276.80983    134279.88   -41783.249    2705.2889   -44488.538    160.24162   0.93009831 
506000    215.83393   -371.87646    134333.33   -41834.812    2685.3844   -44520.196    160.98238   0.92972821 
508000    214.48183   -262.52364    134594.92   -41806.539    2668.5617     -44475.1    161.13728   0.92792128 
510000    219.43986   -222.42186    134098.65   -41769.054    2730.2491   -44499.303    160.69101   0.93135533 
512000    212.87284   -134.41125    133885.29   -41776.717    2648.5428    -44425.26     161.1771   0.93283953 
514000    210.47097   -283.56227    134338.12   -41811.129     2618.659   -44429.788    162.13689   0.92969507 
516000    215.57407   -206.75037    134215.12   -41816.343    2682.1512   -44498.495    162.45712   0.93054708 
518000    211.88969      -199.83    134036.88   -41822.178    2636.3105   -44458.489    162.08218   0.93178451 
520000    216.96273   -231.81089    134611.33   -41832.948    2699.4289   -44532.377     163.0052   0.92780817 
522000     214.7357    -141.8214    134475.48   -41851.598    2671.7204   -44523.318    162.79894   0.92874549 
524000    220.17532   -152.43576     134316.3   -41820.869    2739.3995   -44560.269    163.23685   0.92984612 
526000    214.49602    30.425226    134230.45   -41829.058    2668.7383   -44497.797    163.73627   0.93044084 
528000    220.66078    -110.0622    134331.63   -41817.165    2745.4396   -44562.605    163.84626      0.92974 
530000    211.55476    -168.4947    134386.51   -41948.605    2632.1435   -44580.749    164.29182   0.92936034 
532000    216.21045   -219.56336    134665.39   -41869.653     2690.069   -44559.722    164.46583   0.92743573 
534000    216.30985   -286.91201    134946.76   -41897.052    2691.3057   -44588.358    165.38127   0.92550199 
536000    217.08631   -112.83013    134350.25   -41843.005    2700.9664   -44543.972    165.29025   0.92961118 
538000    216.47805   -271.95359    134833.51   -41912.938    2693.3985   -44606.336    165.94462   0.92627928 
540000    218.04296   -239.53254    134613.17   -41853.651     2712.869    -44566.52    166.06412   0.92779551 
542000    213.06309   -227.64209    134319.67    -41857.58    2650.9099    -44508.49    165.81058   0.92982278 
544000    215.04339   -288.32981    134456.25   -41957.356    2675.5487   -44632.905      166.437   0.92887825 
546000    213.61729   -144.20992    134609.29   -41908.034    2657.8052    -44565.84    166.72163   0.92782221 
548000    211.95092   -84.556359    134639.42   -41907.393    2637.0724   -44544.466    166.87593    0.9276146 
550000     214.2758    137.72993    134331.33   -41911.737    2665.9983   -44577.736    166.67026   0.92974209 
552000    215.54026   -578.90203    135195.17   -41892.934    2681.7306   -44574.665    168.23148   0.92380144 
554000    214.17258   -257.06186    134761.35    -41864.59     2664.714   -44529.304    168.04905   0.92677527 
556000    212.41934   -305.37054    134407.97   -41950.038    2642.9005   -44592.939    168.17928   0.92921196 
558000    215.19461   -309.62942    134974.21   -41934.352    2677.4301   -44611.782    168.76216   0.92531375 
560000    215.54017   -317.82042    134781.58   -41867.769    2681.7295   -44549.499    168.58151   0.92663621 
562000    216.44734    -311.9757    135137.79   -41914.319    2693.0164   -44607.335    169.12793    0.9241937 
564000    214.49428   -189.73786    135097.88    -41930.25    2668.7166   -44598.967    169.54349   0.92446673 
566000    217.08375    -335.9825    135199.16   -41889.457    2700.9345   -44590.392    169.92127   0.92377417 
568000    217.43341   -316.32927    134994.48   -41867.158     2705.285   -44572.443    170.43033   0.92517477 
570000    213.62924    17.387253    134662.56   -41938.889    2657.9539   -44596.843    170.33419   0.92745522 
572000    212.18833   -344.33202    135337.96   -41974.784    2640.0263    -44614.81    171.22111   0.92282679 
574000    215.68451   -512.46601    135506.22   -41871.707    2683.5253   -44555.232    171.51192   0.92168084 
576000    214.41921   -353.78543    134990.15   -41893.304    2667.7827   -44561.087    171.11137   0.92520447 
578000    214.57341    50.186547    134709.01   -41943.931    2669.7011   -44613.632    171.11221   0.92713541 
580000     213.9535   -207.41445    135012.48   -41949.773    2661.9883   -44611.761    171.69811   0.92505143 
582000    214.04279    -382.0477    134648.94   -41927.556    2663.0992   -44590.655     171.5589   0.92754903 
584000    216.90066   -163.31742    134529.15   -41928.849    2698.6565   -44627.506    171.80191   0.92837492 
586000    215.45723   -200.54922    134665.45   -41941.872    2680.6976   -44622.569    171.95985   0.92743531 
588000    217.93794   -524.26058    135190.24    -41967.97    2711.5624   -44679.532    172.37685   0.92383513 
590000    213.34888   -60.285005    134706.65   -41958.352    2654.4657   -44612.817    172.38612   0.92715167 
592000    217.73034   -237.82311    134950.59   -41949.094    2708.9794   -44658.074    172.44527   0.92547573 
594000     217.9378   -37.660815    134916.62   -41919.696    2711.5605   -44631.256    172.20091   0.92570873 
596000    213.83103    115.35545    134671.36    -41955.37    2660.4646   -44615.835    172.64143    0.9273946 
598000     217.2336   -174.83124    134857.46   -41916.107     2702.799   -44618.906    172.75832   0.92611481 
600000    210.01051    131.93651    134335.13   -42045.125      2612.93   -44658.055    172.70526   0.92971576 
602000    214.11489   -295.91714    134789.82   -42033.693    2663.9962   -44697.689    173.32454   0.92657954 
604000    214.36439   -276.51918     134649.1    -41934.28    2667.1005   -44601.381    173.04375   0.92754792 
606000    217.95851    -2.189025    134645.48   -41978.245    2711.8183   -44690.063    173.35156   0.92757287 
608000    211.90827    134.52701    134208.19   -42006.445    2636.5418   -44642.987    173.02718   0.93059515 
610000    213.82265   -149.72636    134459.86   -41993.187    2660.3603   -44653.548    173.06488   0.92885332 
612000    213.23729    -239.8898    134294.43   -41964.192    2653.0772   -44617.269    173.31042   0.92999758 
614000    211.66358   -267.21033    134661.78   -42037.774    2633.4973   -44671.271     173.6787   0.92746059 
616000    217.98471   -253.03913    134299.07   -41844.643    2712.1442   -44556.788    174.19321   0.92996545 
618000     213.9815   -85.939668    134523.82   -41945.673    2662.3367    -44608.01    174.17455    0.9284117 
620000    218.35617    8.3877208    134299.01    -41821.65    2716.7659   -44538.416    174.28345   0.92996586 
622000    215.09004   -85.267868    134495.58   -41815.634    2676.1291   -44491.763    175.00817   0.92860666 
624000    217.46638   -369.53041    134737.38   -41887.258    2705.6952   -44592.953      175.325    0.9269402 
626000    218.38123   -146.29338    134653.63   -41939.508    2717.0777   -44656.585     175.4378   0.92751669 
628000    219.97687   -444.75654    134722.26   -41967.756    2736.9305   -44704.686    176.07736    0.9270442 
630000    213.23047   -295.50725    134769.82     -42039.9    2652.9924   -44692.892    176.41375   0.92671706 
632000    210.07731    -271.2408    134674.32   -42029.877    2613.7611   -44643.638     176.1015   0.92737423 
634000    219.93482   -269.67452    135125.34   -41944.405    2736.4073   -44680.813    176.68109   0.92427883 
636000    214.97633   -390.44015    135021.91   -42008.718    2674.7142   -44683.432    176.45247   0.92498684 
638000    211.92067   -423.04757     134934.1   -42051.933     2636.696   -44688.629    176.87286   0.92558877 
640000    215.94528   -425.60885    134915.65   -41961.253    2686.7698   -44648.023    176.87414   0.92571534 
642000      217.027   -169.43073    134440.71   -41992.501    2700.2285    -44692.73    176.51979   0.92898565 
644000    214.24371   -149.83799    134507.91   -42008.827    2665.5991   -44674.426    176.71597   0.92852154 
646000    214.70226   -389.98347     134790.2   -42003.902    2671.3043   -44675.207    176.86439   0.92657697 
648000    212.70981   -231.71871    134647.18   -41993.025    2646.5145    -44639.54    177.17642   0.92756114 
650000    216.10525   -187.57714    135025.83   -41949.592    2688.7602   -44638.352    177.66857      0.92496 
652000    212.67263   -253.11264    135175.42   -41956.549    2646.0519   -44602.601    178.16278    0.9239364 
654000    217.25334   -402.45131     134951.8   -41945.401    2703.0445   -44648.446    178.12137   0.92546738 
656000    212.76259   -687.88023    135290.91   -42066.289    2647.1711    -44713.46    178.97166    0.9231477 
658000    209.53293   -183.38283    134908.05   -42071.157     2606.988   -44678.145    178.24341    0.9257675 
660000    214.02173    56.894188    134678.34   -42042.623    2662.8373   -44705.461    178.30117    0.9273465 
662000    213.44357    -177.7447    134504.91    -42019.59    2655.6438   -44675.234     178.3857   0.92854225 
664000    212.35793    -314.7765    134717.12   -41993.443    2642.1363   -44635.579    178.93225   0.92707956 
666000    214.55146   -232.49142    134668.08   -41999.712    2669.4281    -44669.14    179.27542   0.92741717 
668000    218.21492   -279.46358     135044.2   -41972.403    2715.0085   -44687.412    179.71328   0.92483417 
670000     215.5306   -332.85305    135051.32   -42005.776    2681.6105   -44687.387    179.36845   0.92478539 
672000    215.76755   -378.63048    134976.53   -41972.032    2684.5585    -44656.59    179.52655   0.92529784 
674000    216.61386   -128.65702    134642.98   -41959.094    2695.0882   -44654.183    179.53646   0.92759004 
676000    218.17393   -175.94391    134761.61   -41965.842    2714.4984   -44680.341    179.92187   0.92677351 
678000    212.92058    -52.90878    134624.41   -42016.602    2649.1368   -44665.739    179.70391   0.92771802 
680000    212.75015   -224.03418    134907.56   -42015.831    2647.0163   -44662.847    180.37883   0.92577087 
682000     211.7413   -283.86749    134779.69   -42022.489    2634.4643   -44656.953    180.30918   0.92664918 
684000    218.71427    51.402089    134275.13   -41928.854    2721.2213   -44650.076    179.85492   0.93013123 
686000    212.40229   -429.14788    134887.27   -42012.856    2642.6884   -44655.544    180.79411   0.92591014 
688000    209.35182   -405.77851     134977.2   -42027.824    2604.7347   -44632.559    181.10656   0.92529324 
690000    217.43518   -52.087782    134603.89   -41983.799    2705.3071   -44689.106    180.81811   0.92785946 
692000    214.61134    -80.47082    134578.88   -41908.954    2670.1731   -44579.127    181.21315   0.92803185 
694000    217.20016   -136.66999    134342.19   -41945.277     2702.383    -44647.66     181.7337   0.92966691 
696000    208.28332   -308.55376    134576.34   -42007.487    2591.4405   -44598.927    182.27776   0.92804938 
698000    216.07714   -446.89763    135107.15   -41975.343    2688.4105   -44663.753    182.85525   0.92440326 
700000    214.03145    151.29101    134582.48   -41988.936    2662.9581   -44651.894    182.81119   0.92800707 
702000    218.07259   -135.92241    134746.67     -41984.2    2713.2376   -44697.438     183.1908   0.92687629 
704000     220.0227   -0.2197521     134557.7   -41941.944    2737.5007   -44679.445    183.26733   0.92817794 
706000    216.21344   -214.42139    135141.75   -41931.283    2690.1063   -44621.389    183.91663   0.92416658 
708000    218.89624     -279.647    134986.63   -42048.923    2723.4853   -44772.409    184.03337   0.92522862 
710000    210.94055   -309.29314    134980.11   -42131.071    2624.5014   -44755.572    184.32625   0.92527329 
712000    209.24729   -53.685066    134730.58   -42102.351    2603.4341   -44705.785    184.27493   0.92698699 
714000    221.02241   -441.08253    135269.22    -42051.16    2749.9389   -44801.099    185.15167   0.92329571 
716000    212.98286   -219.86712    135109.22    -42076.86    2649.9117   -44726.772    185.08839   0.92438908 
718000    219.18492   -369.77647    135124.07   -42077.542    2727.0771   -44804.619    185.54023   0.92428751 
720000    217.04169   -308.26004    135306.21   -42008.272    2700.4113   -44708.683     185.7376    0.9230433 
722000    215.01215   -579.54846    135367.77   -42059.466    2675.1599   -44734.626    185.85223   0.92262356 
724000    212.25762   -473.71975    135186.17   -42046.163    2640.8883   -44687.052    185.81179   0.92386296 
726000    211.90764    29.954755    134961.01    -42066.39    2636.5339   -44702.924    185.59663   0.92540425 
728000    217.14718   -6.5654962    134685.91   -42095.674    2701.7238   -44797.397    185.63808   0.92729442 
730000     215.7781   -261.63529    134925.55   -42027.009    2684.6898   -44711.699    186.09904   0.92564745 
732000    216.67168   -218.65973    134897.99   -42027.249    2695.8076   -44723.056    186.50648   0.92583656 
734000     209.7728   -312.54046    135152.75   -42065.764    2609.9724   -44675.736    186.37913   0.92409135 
736000    214.75798   -303.54796    134989.52   -42083.441    2671.9976   -44755.439    186.32883   0.92520883 
738000    214.12133   -346.54329    135089.72   -42005.632    2664.0765   -44669.708    187.13719   0.92452257 
740000    216.20621   -648.94892    135429.78   -42036.626    2690.0163   -44726.643    187.29321    0.9222011 
742000     218.6152   -131.97205    134876.52   -41958.731    2719.9887    -44678.72    187.25531   0.92598395 
744000    219.85064   -110.34746     134926.9   -41975.847      2735.36   -44711.207    187.15681    0.9256382 
746000    215.96922    32.581014    134718.62   -42041.666    2687.0677   -44728.734     187.3615   0.92706925 
748000    214.63567    -272.5887    135151.84   -42064.123    2670.4757   -44734.598    188.01162   0.92409758 
750000    214.45745   -306.04673    135190.21   -42043.342    2668.2584     -44711.6    187.89525   0.92383531 
752000    213.84093   -269.18203       134974   -41990.336    2660.5877   -44650.924    188.20029   0.92531519 
754000    215.81653    -414.8123    135017.85   -41958.357    2685.1679   -44643.525    188.26791    0.9250147 
756000    209.71178   -270.65814    134592.42   -41975.618    2609.2133   -44584.832    187.70259    0.9279385 
758000    211.53972   -297.96963     134637.8   -41939.258    2631.9562   -44571.214    188.27859   0.92762576 
760000     219.2596   -386.25034     134865.2   -41913.046    2728.0063   -44641.053    188.31314   0.92606163 
762000    212.46753   -252.82524    134512.69    -41971.55       2643.5    -44615.05    188.78867   0.92848856 
764000    212.77744    136.51512    133935.79   -41967.112    2647.3559   -44614.468    188.59269    0.9324878 
766000    208.61124   -301.99314    134531.25   -41962.646    2595.5204   -44558.166    189.35187   0.92836041 
768000    212.32894   -25.094923    134324.61   -41993.823    2641.7757   -44635.598    189.60183    0.9297886 
770000    215.19708   -200.36204    134895.23   -41967.975    2677.4608   -44645.436    190.60762   0.92585553 
772000    214.76831   -127.46976    134198.06   -41939.323    2672.1261   -44611.449    189.61356   0.93066543 
774000    217.34358     -206.497    134560.93   -41897.528    2704.1673   -44601.695    190.36291   0.92815564 
776000    213.92616    -43.34559    134239.14   -41894.509    2661.6481   -44556.157    190.76847   0.93038058 
778000     214.2872   -121.96342    134354.67   -41928.783    2666.1402   -44594.923    191.65379    0.9295806 
780000    214.62085   -358.20556    134559.01    -41961.61    2670.2914   -44631.901    191.78887   0.92816894 
782000    216.19351    18.885722    133942.12   -41967.787    2689.8583   -44657.645    191.78581   0.93244371 
784000    218.64707    187.01987    133691.69   -41887.077    2720.3852   -44607.462    191.88537    0.9341904 
786000    214.69089    40.755856    134210.72   -41915.848    2671.1628   -44587.011    192.42938    0.9305776 
788000     218.9315   -426.25088    134574.16   -41906.057     2723.924   -44629.981      193.349   0.92806446 
790000    211.94219   -209.56119    134780.96   -42020.126    2636.9637    -44657.09    193.53371   0.92664045 
792000    216.46698    12.355028    134280.07   -42051.192    2693.2608   -44744.453    193.51722     0.930097 
794000    216.61271   -134.70847    134477.66   -41994.626    2695.0739     -44689.7    193.44804   0.92873038 
796000    215.04498   -357.73792    134763.74   -41970.954    2675.5684   -44646.522    194.48789   0.92675884 
798000     220.0586    184.03179     134553.7   -41942.368    2737.9473   -44680.315    194.86013   0.92820557 
