94000    223.14161   -512.37118    133307.14    -41022.09    2776.3059   -43798.396    122.12645   0.93688526 
96000    222.47983   -113.20517    132835.06   -41011.073    2768.0721   -43779.145    122.97682   0.94021485 
98000    217.79774   -267.80188    133000.19   -41029.936    2709.8179   -43739.754    124.01203   0.93904744 
100000    219.63784   -277.56216    132978.49   -41085.444    2732.7122   -43818.156    125.16191   0.93920068 
102000    218.61299   -115.19222    133296.17    -41106.28    2719.9613   -43826.241    126.74488   0.93696235 
104000    221.60577   -292.89353    133699.52    -41025.15    2757.1971   -43782.347    127.96755   0.93413568 
106000    216.81315   -449.98103    133633.59   -41130.043    2697.5678    -43827.61    128.51648   0.93459652 
108000    216.22484   -508.91825    133986.78   -41155.783     2690.248   -43846.031    129.60586   0.93213296 
110000    218.61808   -267.08453    133268.41   -41157.011    2720.0246   -43877.036    129.53042   0.93715748 
112000    213.52587   -415.97528    133464.45   -41262.109    2656.6678   -43918.777    130.75015   0.93578095 
114000     213.0854   -422.34794    133695.34   -41274.301    2651.1875   -43925.489    131.34022   0.93416489 
116000     222.1342   -240.92636    133280.33   -41180.129    2763.7718     -43943.9    131.31799   0.93707373 
118000    220.57287     33.43248    133059.83   -41184.008    2744.3459   -43928.354    132.70063   0.93862657 
120000     216.9419   -460.45221    133413.14   -41290.804    2699.1697   -43989.973    134.09803   0.93614086 
122000     219.5678   -268.32212    133209.15   -41259.005    2731.8408   -43990.846    134.97771   0.93757443 
124000    218.66802   -564.60189    133552.76   -41274.937    2720.6459   -43995.583    136.37202    0.9351622 
126000     217.1007   -379.39607    133306.47   -41287.742    2701.1454   -43988.887    136.39203   0.93688993 
128000    212.55643   -339.62525    133163.74   -41306.162    2644.6061   -43950.768    136.67866    0.9378941 
130000    223.21277   -309.88211     133738.6   -41206.067    2777.1912   -43983.258    138.36654   0.93386274 
132000    220.01075   -397.69063    133475.94   -41159.267     2737.352   -43896.619    139.40292    0.9357004 
134000     220.4978   -531.61391    134137.23   -41116.575    2743.4118   -43859.987    140.27142   0.93108743 
136000    222.75602   -607.35282    134024.12   -41115.145    2771.5084   -43886.653    141.28355   0.93187324 
138000    222.61241   -461.41551    133525.13   -41091.338    2769.7216    -43861.06    141.63401   0.93535573 
140000    221.90917   -457.00397    133872.85    -41082.33     2760.972   -43843.302     144.3739   0.93292618 
142000    220.02618   -168.24871    133442.09   -41192.536    2737.5439    -43930.08    144.36847   0.93593773 
144000    217.37868   -329.06641    133431.06   -41211.109     2704.604   -43915.713    145.33467   0.93601511 
146000    218.62941   -407.51437    133371.55   -41144.135    2720.1655   -43864.301    145.81686   0.93643281 
148000    221.35378   -448.28838    133628.52   -41155.884    2754.0619   -43909.946    147.49971   0.93463198 
150000    221.06685   -468.14029    133673.85   -41213.217    2750.4918   -43963.708    148.58696   0.93431507 
152000    220.20504   -743.65621    133712.23    -41122.14    2739.7694   -43861.909    149.56278   0.93404689 
154000    225.89687   -531.07219    133845.09   -41045.502    2810.5866   -43856.089    150.33413   0.93311968 
156000     220.3743   -393.73854    133142.29   -41064.416    2741.8752   -43806.291    150.53696    0.9380452 
158000    220.57933   -152.85057    133007.09   -41060.482    2744.4262   -43804.908    151.25607   0.93899877 
160000    221.59999   -364.88457    133181.76   -41087.379    2757.1251   -43844.504    152.59703   0.93776723 
162000    218.11423   -219.71243    133075.43   -41153.619    2713.7557   -43867.374    153.52034   0.93851656 
164000    225.10572    -493.0428    133837.15   -40996.017    2800.7431    -43796.76     155.5069   0.93317506 
166000    220.87588   -386.68494    133277.58   -41096.196    2748.1159   -43844.312    156.46664     0.937093 
168000    219.01753   -468.40078    133696.03   -41098.225    2724.9945   -43823.219    158.26297   0.93416005 
170000    220.83133   -336.96206    133270.83   -41007.319    2747.5616   -43754.881    159.34841   0.93714047 
172000    224.57019   -363.97896    133187.14   -41014.209    2794.0801    -43808.29    160.21316   0.93772935 
174000    221.49223   -513.53213    133137.77   -40992.087    2755.7845   -43747.872    161.34281   0.93807707 
176000     214.9657   -165.85535    132798.18   -41053.669     2674.582   -43728.251    162.20242   0.94047595 
178000    217.78757   -370.62401    132843.38   -41057.801    2709.6914   -43767.493    162.95632   0.94015596 
180000    217.30816    -435.3953    133335.84   -40949.421    2703.7267   -43653.148    165.38898   0.93668356 
182000    220.82815    -605.4092    133341.85    -41053.95     2747.522   -43801.472    167.27403   0.93664134 
184000     219.0159   -399.74479    133279.82   -41134.592    2724.9742   -43859.567    168.30727    0.9370773 
186000    221.75881     -339.554    133351.22   -41109.328    2759.1012   -43868.429    169.34852   0.93657558 
188000    218.94009   -184.76148    133128.18   -41159.546    2724.0309   -43883.577    170.23583   0.93814464 
190000    218.63214   -293.71357    133595.55   -41191.242    2720.1995   -43911.441    172.10722   0.93486265 
192000    215.93626   -395.11366    133746.46    -41250.01    2686.6576   -43936.667    173.07908   0.93380785 
194000    220.95836   -543.53169    133955.02    -41165.66     2749.142   -43914.802    173.80129   0.93235395 
196000    220.38002   -426.31376    133894.29   -41176.541    2741.9464   -43918.487    174.46349   0.93277681 
198000    220.00571   -552.60496    133837.47   -41105.978    2737.2893   -43843.267    175.24905   0.93317285 
200000    214.56806   -212.57655    133101.63   -41221.875    2669.6346    -43891.51     175.3053   0.93833177 
202000    221.88292   -233.92584    133353.29   -41172.585    2760.6454    -43933.23    177.17073   0.93656098 
204000    223.18008   -418.99383    133508.38   -41178.465    2776.7845    -43955.25    178.50111   0.93547306 
206000    218.12443   -446.37115    133501.98   -41176.969    2713.8827   -43890.852    179.85823    0.9355179 
208000    218.13696   -614.97948    133283.54   -41213.194    2714.0385   -43927.232    179.67229   0.93705109 
210000    221.50383   -391.34339    133617.97   -41225.514    2755.9288   -43981.443    180.76755   0.93470579 
212000    221.68099   -366.45895    133548.07   -41139.642    2758.1329   -43897.774    181.00036   0.93519505 
214000    221.49014   -498.44403    133729.16   -41104.787    2755.7585   -43860.545    181.95486   0.93392865 
216000    218.18439   -579.94534    134258.78   -41252.804    2714.6286   -43967.432    183.37322   0.93024449 
218000    213.83381   -575.77396    134251.65   -41279.575    2660.4991   -43940.074    183.77068   0.93029393 
220000    218.98259   -91.559795    133890.15   -41305.679    2724.5598   -44030.239    184.51456   0.93280566 
222000     220.3101   -215.45901    134291.88   -41266.878    2741.0765   -44007.955      185.699   0.93001519 
224000    219.86741   -256.42224    133939.27   -41283.456    2735.5686   -44019.025    186.46599    0.9324636 
226000     218.7703   -630.62244    133760.95   -41310.665    2721.9185   -44032.583    186.49051   0.93370667 
228000    219.01532   -317.56879     133823.6   -41403.711     2724.967   -44128.678     187.5171   0.93326956 
230000    219.83917   -587.21416    134151.22   -41450.143    2735.2173    -44185.36    188.37006   0.93099035 
232000    216.59978   -733.19698    134219.39   -41463.331    2694.9131   -44158.244    188.57488   0.93051748 
234000    218.66844   -380.53945    133985.22   -41428.394    2720.6511   -44149.045    189.87784   0.93214381 
236000    218.90991   -549.42069    134190.42   -41497.522    2723.6554   -44221.178    189.85178   0.93071837 
238000     218.6505    -668.7655    134291.27   -41528.564     2720.428   -44248.992    189.99767   0.93001945 
240000    216.37405   -472.33283    134339.42   -41473.614    2692.1045   -44165.719    191.46907   0.92968612 
242000    216.99938   -269.09068    134397.86   -41470.645    2699.8848    -44170.53    192.06952   0.92928186 
244000    215.64043   -244.05529    133760.91   -41426.151     2682.977   -44109.128    191.01253   0.93370697 
246000    222.21893   -616.06655    134446.41   -41407.047    2764.8259   -44171.873     193.0484   0.92894624 
248000    225.46847   -232.10948    133848.92   -41372.219    2805.2564   -44177.475    193.27367   0.93309302 
250000    221.12701   -460.54443    133994.33     -41412.1    2751.2404   -44163.341    193.85467   0.93208045 
252000    217.04822   -458.77963    134082.35   -41407.215    2700.4925   -44107.708    194.35279   0.93146857 
254000    220.13098   -268.47499    133907.23   -41375.267    2738.8479   -44114.115    194.23943   0.93268669 
256000    217.18281   -395.67816    133846.18   -41441.581    2702.1671   -44143.748    194.85827   0.93311209 
258000    222.67511   -458.52998    134191.44   -41338.137    2770.5016   -44108.638    196.44021    0.9307113 
260000    223.07978    -496.5751    134424.75   -41347.136    2775.5366   -44122.672     196.7634   0.92909598 
262000    218.00351   -818.53294    134140.62   -41310.611    2712.3781   -44022.989    197.73319   0.93106389 
264000    219.70942   -479.65088     134361.1   -41330.523    2733.6029   -44064.126    198.30359   0.92953605 
266000    221.37666   -236.55089    133964.28   -41297.263    2754.3465   -44051.609    198.88709   0.93228952 
268000     221.1701   -637.52974    133990.58   -41231.565    2751.7765   -43983.342      199.748   0.93210647 
270000    218.26691   -460.21943    134156.41   -41414.779    2715.6553   -44130.434    200.78326   0.93095431 
272000    220.49693   -67.547984     134129.5   -41433.385     2743.401   -44176.786    200.69808   0.93114114 
274000    216.04935   -397.19389    134001.63   -41507.098    2688.0647   -44195.162     201.6314   0.93202961 
276000    220.48148   -482.05174    134166.23   -41306.597    2743.2088   -44049.806    203.04576   0.93088617 
278000    214.38474    -503.0337    134203.97   -41322.925    2667.3538   -43990.279    203.42368   0.93062444 
280000    220.66428   -480.85319    133895.16   -41291.164    2745.4832   -44036.647    202.71745   0.93277078 
282000    219.82784    -421.0188    134196.72   -41252.808    2735.0762   -43987.885    204.02374   0.93067473 
284000    216.88576    -516.8783     134090.9   -41321.222    2698.4712   -44019.694    204.65033   0.93140914 
286000    217.72538   -706.73063       134301   -41332.527    2708.9177   -44041.445    204.90212   0.92995204 
288000     215.5574   -278.22403    133884.81   -41330.337    2681.9439   -44012.281    205.94781    0.9328429 
290000    217.98616   -249.72911    133893.15   -41359.718    2712.1623    -44071.88    207.04725   0.93278476 
292000    224.90641   -79.684674    134023.84   -41397.985    2798.2633   -44196.249    208.01823   0.93187517 
294000    220.73679   -301.72428    134111.53   -41464.746    2746.3853   -44211.132    208.64062   0.93126589 
296000    220.92524   -291.49417    134177.09   -41429.267      2748.73   -44177.997    209.04652   0.93081083 
298000    217.80343   -515.54633    133958.81   -41402.007    2709.8887   -44111.896    209.61174   0.93232758 
300000    217.70933   -272.75796    133858.49   -41418.368    2708.7179   -44127.086    210.31719   0.93302628 
302000    220.68484    -538.8725    134538.79   -41463.786    2745.7389   -44209.525    211.07332   0.92830844 
304000    220.33527   -386.10566    134009.39    -41416.86    2741.3897   -44158.249     211.1103   0.93197569 
306000    216.41847   -221.47375     133356.2   -41409.305    2692.6572   -44101.962    210.85534   0.93654059 
308000    217.56773    -173.7169    133326.01   -41508.192    2706.9562   -44215.148    210.79069   0.93675266 
310000    218.44805   -57.210788    133670.46   -41500.186     2717.909   -44218.095    211.74966   0.93433872 
312000     216.2164   -241.00493    134020.44   -41457.744    2690.1431   -44147.887    213.51631    0.9318988 
314000    220.68859   -381.80819    134113.92   -41446.932    2745.7856   -44192.718    214.19158   0.93124931 
316000    220.51435   -301.96482    133934.26    -41443.51    2743.6177   -44187.128     213.8693   0.93249848 
318000     219.1734    -301.8426     134065.9   -41496.783    2726.9338   -44223.717    214.48781    0.9315828 
320000    216.55824   -291.17934     134188.5   -41506.905    2694.3962   -44201.301    215.28176    0.9307317 
322000    223.14759   -549.81389    134203.52   -41375.636    2776.3803   -44152.016       215.38    0.9306275 
324000    219.70844   -432.87708    133669.79   -41367.796    2733.5907   -44101.387    215.10373   0.93434344 
326000    221.52593    -329.0798    133924.34   -41439.247    2756.2037   -44195.451    216.19183   0.93256752 
328000    214.99522    -431.5426    133895.42   -41583.707    2674.9492   -44258.656    216.71448   0.93276898 
330000    220.12959    -394.1602    134117.85   -41415.159    2738.8306    -44153.99    216.37612   0.93122199 
332000    221.88428   -109.78504    134121.69   -41381.754    2760.6622   -44142.416     218.1591   0.93119533 
334000     219.4468    -284.7895    134010.39   -41398.367    2730.3354   -44128.703    217.97175   0.93196874 
336000    221.10405    -203.5077    133982.09   -41435.797    2750.9547   -44186.752    218.12813    0.9321656 
338000    215.55076   -558.34138    134121.27   -41436.451    2681.8612   -44118.312    218.21763   0.93119827 
340000    219.15262   -331.11889    133648.75   -41489.798    2726.6753   -44216.473    218.58824   0.93449056 
342000    217.17561   -461.19855    133718.35    -41358.58    2702.0775   -44060.658    219.31965    0.9340041 
344000    220.90408   -559.18871     134082.7   -41302.747    2748.4667   -44051.214    221.06688   0.93146608 
346000     220.5207    -618.9882    134042.65   -41317.328    2743.6967   -44061.025    221.62777   0.93174439 
348000    216.79423   -182.62609    133641.54    -41401.29    2697.3324   -44098.623    222.32431   0.93454096 
350000    224.38822   -310.19008    133594.42   -41274.312     2791.816   -44066.128    223.31986   0.93487056 
352000    221.31544   -635.19772    134211.73   -41271.429    2753.5849   -44025.014    224.82426   0.93057063 
354000    222.04418   -711.21253    134348.73   -41261.348    2762.6518       -44024    224.77825   0.92962169 
356000     219.8941   -521.14988    134071.36   -41360.624    2735.9007   -44096.525    225.06551   0.93154486 
358000     219.2713   -586.84057    134502.95   -41419.521    2728.1518   -44147.673    226.76789   0.92855579 
360000    219.58298   -391.95541     133818.6    -41351.76    2732.0297    -44083.79    225.95467   0.93330444 
362000    218.89362   -563.88713    134222.38   -41397.513    2723.4528   -44120.966    227.11061   0.93049677 
364000    218.07821    7.7924923    133994.15   -41398.396    2713.3075   -44111.704    227.48293   0.93208169 
366000    224.16619   -297.98951     134369.3   -41407.669    2789.0536   -44196.723    229.38867   0.92947935 
368000    218.99849   -523.02937    134577.79   -41497.768    2724.7575   -44222.526    229.90207   0.92803938 
370000    220.98002   -354.23762    134621.78   -41490.149    2749.4116    -44239.56    230.72574   0.92773611 
372000    221.38654   -324.84386     134345.6   -41429.834    2754.4694   -44184.304    230.81829   0.92964331 
374000    220.33958   -526.42735    134443.99   -41500.385    2741.4433   -44241.828    231.38353   0.92896302 
376000    219.86676    -608.7737    134533.55   -41512.068    2735.5605   -44247.629    232.07664   0.92834456 
378000    223.31222   -197.61146    134297.19   -41456.016    2778.4286   -44234.445    232.10167   0.92997847 
380000    222.22297   -251.09248    134218.98   -41514.219    2764.8762   -44279.095    232.18084   0.93052032 
382000    221.47772   -486.91829    134334.57    -41410.92    2755.6038   -44166.524    233.58508   0.92971965 
384000    223.29739    -381.5579    134428.97   -41487.415     2778.244   -44265.659    234.10161   0.92906679 
386000    226.73549   -410.18714    134721.48   -41454.904    2821.0206   -44275.924    235.15859   0.92704955 
388000    219.41832   -577.18644    134497.78   -41590.835    2729.9811   -44320.816    234.88376   0.92859148 
390000    214.19925   -766.05172    134772.13   -41643.047    2665.0459   -44308.093    235.75018   0.92670121 
392000    215.98921   -674.42195       134967   -41649.356    2687.3164   -44336.673    236.28536    0.9253632 
394000     216.7952   -249.33569     134331.1   -41588.567    2697.3444   -44285.912     235.7936    0.9297437 
396000    219.08243   -275.45058    134638.02   -41583.783    2725.8019   -44309.585    236.52433   0.92762428 
398000    218.00648   -600.17158    134931.01    -41616.58    2712.4151   -44328.996    237.05208   0.92560998 
400000    219.58983     -327.792    134656.67   -41577.957    2732.1149   -44310.072    236.19547   0.92749578 
402000    222.20675   -809.90982     135205.4   -41604.751    2764.6744   -44369.426    238.01884    0.9237315 
404000    220.30177   -534.34629    134784.67   -41606.861    2740.9729   -44347.834    237.93899   0.92661499 
406000    216.69045   -503.25219     134501.4   -41543.593    2696.0411   -44239.635    238.27019   0.92856646 
408000    224.88768   -35.759508    134238.01   -41466.658    2798.0303   -44264.688    238.50026   0.93038846 
410000    221.11293    37.393079    134118.38   -41555.009    2751.0653   -44306.074    238.74607   0.93121832 
412000    220.39124   -332.92622    134520.51   -41532.238     2742.086   -44274.324      239.684   0.92843453 
414000    218.04469   -554.05874    134729.37   -41563.141    2712.8905   -44276.031    240.95916    0.9269953 
416000    215.52378   -342.65337    134266.21   -41603.717    2681.5256   -44285.243    240.51885     0.930193 
418000    222.33995   -665.49616    134924.91   -41533.168    2766.3317     -44299.5    241.73293   0.92565182 
420000    222.96708    -222.5859    134680.69   -41511.612    2774.1344   -44285.746    241.65996   0.92733038 
422000    215.54607   -306.60323    134701.65   -41596.825    2681.8028   -44278.628    241.96738   0.92718606 
424000    218.69055   -216.89705     134393.3   -41571.957    2720.9262   -44292.883    242.29647    0.9293134 
426000    217.53315   -343.70248    134554.37   -41628.713    2706.5259   -44335.239    242.85388   0.92820093 
428000    219.88977   -437.09991    134724.77   -41600.803    2735.8468   -44336.649    244.13945   0.92702693 
430000     219.7668   -495.43189    135127.73    -41604.28    2734.3168   -44338.597    245.27872   0.92426252 
432000     224.5339   -489.08174    134902.21    -41498.27    2793.6286   -44291.899     245.6519   0.92580758 
434000    224.32943   -752.04907    134966.96   -41516.446    2791.0846    -44307.53    246.61797   0.92536346 
436000    218.68224   -553.25645    134918.93   -41589.909    2720.8228   -44310.731    246.98277   0.92569289 
438000    220.97169   -397.87011       135075   -41547.189     2749.308   -44296.497    247.35038    0.9246233 
440000    220.47666   -599.05925    135364.38   -41511.748    2743.1488   -44254.897    248.22135   0.92264661 
442000    217.40737   -680.43123    135044.73   -41586.365     2704.961   -44291.326    248.28281   0.92483053 
444000    221.95119   -459.66436     134809.5   -41568.362    2761.4947   -44329.857    248.15285   0.92644425 
446000    219.13067   -162.40934     134189.4   -41518.874    2726.4021   -44245.276    247.45897   0.93072548 
448000    218.90688   -344.83391    134448.82   -41531.129    2723.6178   -44254.747    248.40063    0.9289296 
450000    223.67315   -233.18334    134860.56    -41437.65    2782.9192   -44220.569     249.0328   0.92609354 
452000    221.19369   -497.15094    134647.71   -41452.511      2752.07   -44204.581    249.83677   0.92755748 
454000    222.32602   -449.92926    134561.14   -41477.268    2766.1584   -44243.426    249.56584   0.92815422 
456000    219.07983   -346.67452    134467.88   -41478.441    2725.7696   -44204.211    250.32913   0.92879794 
458000    218.79204    -678.7372    135274.16   -41541.818    2722.1889   -44264.006    251.82439   0.92326199 
460000    221.32584   -216.66153    134664.62   -41525.842    2753.7143   -44279.556    251.14296   0.92744103 
462000    219.50151   -717.67245    135035.71   -41604.055    2731.0161   -44335.071    252.25786   0.92489231 
464000     217.9513   -509.24871    135140.27   -41555.797    2711.7285   -44267.525    252.91721   0.92417672 
466000    224.45435   -432.10039    134972.57   -41527.717    2792.6389   -44320.355    253.41232   0.92532496 
468000    223.06984   -239.31206    134353.35   -41537.563     2775.413   -44312.976    252.93572   0.92958968 
470000    219.62834   -578.12965    135103.81    -41615.54    2732.5941   -44348.135    254.49828   0.92442614 
472000    218.89025   -318.74488    134695.69    -41610.48    2723.4109   -44333.891    254.71813   0.92722709 
474000     220.4423   -122.28784    134275.22   -41578.988    2742.7213   -44321.709    255.24352   0.93013062 
476000    221.52192   -255.07622    134460.16   -41559.736    2756.1538    -44315.89    255.70072   0.92885126 
478000    218.20156   -455.39307    134648.84   -41625.976    2714.8422   -44340.819    256.49533   0.92754968 
480000    217.58838   -644.31546    135012.88    -41585.75    2707.2131   -44292.963    257.05539   0.92504874 
482000    224.07807   -530.70486    134629.02   -41548.615    2787.9573   -44336.572    257.01475   0.92768627 
484000    216.99148   -465.49076    134732.07    -41631.08    2699.7866   -44330.867    257.72192   0.92697672 
486000    214.81683    -372.5823    134912.24   -41708.827    2672.7297   -44381.556      258.413   0.92573875 
488000    220.58161   -246.65844    134955.08   -41611.999    2744.4546   -44356.454    259.09464   0.92544494 
490000    222.63441   -277.38445    134461.03   -41530.979    2769.9954   -44300.974     258.7754   0.92884524 
492000    220.75193   -447.83486     135134.6   -41598.835    2746.5736   -44345.409    260.33054   0.92421552 
494000    222.64071   -231.68404     134729.6   -41660.223    2770.0737   -44430.297    259.77732   0.92699371 
496000    220.89174   -128.64002    134668.89    -41613.42    2748.3132   -44361.733    260.55488   0.92741161 
498000    217.92218   -120.21902    134582.33   -41701.879    2711.3663   -44413.245    260.72762   0.92800811 
500000    220.67148    13.819279    134385.27   -41660.519    2745.5728   -44406.092    260.71312   0.92936887 
502000    221.48102   -312.33474    134580.19   -41613.044     2755.645   -44368.689     261.7448   0.92802282 
504000    224.09175   -142.83079    134515.97   -41573.845    2788.1274   -44361.973    261.57169   0.92846591 
506000    219.13384   -646.03958    134864.31   -41652.993    2726.4416   -44379.435    262.14749   0.92606781 
508000    220.70645   -358.29957    134615.37   -41609.158    2746.0078   -44355.165    262.79462   0.92778033 
510000    218.25727   -134.95418    134592.71   -41567.601    2715.5353   -44283.136    263.28108   0.92793655 
512000    220.62976   -343.39193    134854.66   -41595.965    2745.0536   -44341.018    263.70571   0.92613405 
514000    219.34224   -273.38401    134601.47   -41629.973    2729.0345   -44359.008    263.61243   0.92787612 
516000    220.48186   -348.44859    134768.46   -41620.152    2743.2135   -44363.365    263.97076   0.92672644 
518000    218.81738   -319.62229    134828.93   -41611.026    2722.5042    -44333.53    264.64583   0.92631078 
520000    218.25316   -434.02778    135240.69   -41649.472    2715.4843   -44364.956    265.98792   0.92349048 
522000    218.45822   -451.75247    135110.27   -41672.037    2718.0356   -44390.072    265.42434   0.92438192 
524000    218.41909   -433.16617    135221.26   -41606.993    2717.5488   -44324.542    266.14249   0.92362316 
526000    220.28437   -144.02852    134430.26   -41578.953    2740.7563   -44319.709    264.77611   0.92905784 
528000     221.7208   -277.00238    134736.85   -41545.073    2758.6283   -44303.702    266.21459   0.92694385 
530000    216.27728   -159.23937    134060.16   -41664.291    2690.9005   -44355.191    265.57892   0.93162273 
532000    220.48814   -89.610884    134525.82   -41572.833    2743.2917   -44316.125    267.27552   0.92839793 
534000    221.29959   -394.55305    135001.94   -41599.496    2753.3877   -44352.884    268.16673    0.9251237 
536000    218.68529   -265.12668    134878.49   -41554.849    2720.8608    -44275.71    268.96091   0.92597045 
538000    216.94924   -291.86043     134555.4   -41637.563     2699.261   -44336.824    268.69541   0.92819384 
540000    218.66973   -277.72836    134535.15   -41577.192    2720.6671   -44297.859    269.05725   0.92833356 
542000    220.58034   -310.94943    134689.37   -41577.102    2744.4387   -44321.541    269.19758   0.92727056 
544000     217.7827   -299.90207    134617.01   -41669.089    2709.6308    -44378.72    270.27028     0.927769 
546000    218.75953   -197.39975    134477.08   -41623.061    2721.7845   -44344.846    270.29085   0.92873439 
548000    222.24119   -157.50209     134590.5   -41637.464     2765.103   -44402.567    270.55164   0.92795176 
550000    219.09029   -188.43092    134796.35   -41652.499    2725.8998   -44378.399    270.97215   0.92653468 
552000    218.22191   -66.183795     134437.5   -41656.589    2715.0955   -44371.684    270.87977   0.92900781 
554000     219.6848   -86.089872    134689.67     -41659.3    2733.2965   -44392.596    271.42862   0.92726854 
556000    222.51387   -331.57865    134908.13   -41748.395    2768.4956   -44516.891    271.75898   0.92576696 
558000    217.87845   -639.44056    135469.58   -41733.646    2710.8222   -44444.468    272.73954   0.92193018 
560000    223.10113   -355.26958    135258.26   -41678.908    2775.8023    -44454.71    272.68457   0.92337056 
562000    217.87728   -534.67153    135428.95   -41722.252    2710.8076    -44433.06    273.87434   0.92220673 
564000    219.30224   -149.37689    134962.83   -41721.147    2728.5368   -44449.684    273.04736   0.92539176 
566000    220.07093   -159.78114    135216.88   -41673.066    2738.1008   -44411.167    273.63391   0.92365312 
568000    218.32716   -343.12627    135013.53   -41631.848    2716.4049   -44348.253    273.71006   0.92504428 
570000     222.3685   -394.46761    134908.87   -41689.479    2766.6869   -44456.166    274.46422    0.9257619 
572000    218.59561   -328.16032    134513.75   -41735.768    2719.7449   -44455.513    273.30334   0.92848119 
574000     222.9393   -421.50894    134414.31   -41620.609    2773.7887   -44394.398    274.18954   0.92916811 
576000    219.67988   -690.69083    135085.85   -41612.424    2733.2354    -44345.66    275.58081   0.92454904 
578000    216.06744   -474.40664    134594.22   -41688.648    2688.2897   -44376.938    275.10399   0.92792613 
580000    216.39809   -438.34703    134591.55   -41678.605    2692.4037   -44371.009     275.5189   0.92794452 
582000    220.97148   -396.41199    134811.01   -41659.103    2749.3053   -44408.408    275.62886   0.92643393 
584000    220.11718   -222.99791    134621.29   -41681.435    2738.6762   -44420.111    275.92596   0.92773953 
586000     219.3983   -526.42633    134617.15   -41678.262    2729.7319   -44407.994     276.5972   0.92776802 
588000    222.20128    -617.2304    135018.48   -41669.341    2764.6064   -44433.947    277.39137   0.92501038 
590000    224.94926    -474.2904    134536.98   -41665.094    2798.7965   -44463.891    276.52344   0.92832092 
592000    219.66094   -633.30587    134922.73    -41692.98    2732.9997    -44425.98    277.85894   0.92566678 
594000     220.9901     -450.322    134561.53   -41669.085     2749.537   -44418.622    277.36495   0.92815152 
596000    219.83361   -341.50903    134554.97    -41707.72     2735.148   -44442.868     278.2415   0.92819682 
598000     221.1629   -266.70448    134854.76    -41689.98    2751.6869   -44441.667    278.74233   0.92613339 
600000    219.11987   -889.31216    135103.09   -41833.002    2726.2677   -44559.269    279.76314   0.92443106 
602000    215.19695   -418.08313    134854.03    -41852.97    2677.4591   -44530.429    279.48002   0.92613839 
604000    220.45469   -433.65223    134864.12   -41734.869    2742.8754   -44477.744     279.5899    0.9260691 
606000    219.62123    -764.1083    135526.11   -41774.328    2732.5056   -44506.833    281.11961   0.92154558 
608000    217.43815   -704.22491    135201.59   -41791.259    2705.3439   -44496.603    281.18747   0.92375755 
610000    221.39082      -408.55    135459.56   -41788.257    2754.5227    -44542.78    281.69086   0.92199833 
612000     219.1714    -332.5147    135137.43   -41762.281    2726.9088    -44489.19    281.44754   0.92419612 
614000    216.76224    -146.8775    135144.14   -41854.933    2696.9344   -44551.867    282.28579   0.92415028 
616000    222.28303   -461.57267    135338.45   -41656.722    2765.6235   -44422.346    282.70244   0.92282339 
618000    218.83689   -282.89877    134884.36   -41754.915     2722.747   -44477.662    282.60427   0.92593012 
620000    222.49703   -557.62863    134902.03   -41614.578    2768.2861   -44382.864    283.28951   0.92580886 
622000    223.09968   -63.170555    134676.04    -41638.03    2775.7842   -44413.814    283.19938   0.92736235 
624000    221.38354   -185.08469    134775.02   -41706.538    2754.4321    -44460.97    283.10326   0.92668131 
626000    219.81352   -452.35716    135083.91   -41722.922    2734.8981    -44457.82    284.03921    0.9245623 
628000    221.52724   -494.89311    135051.36   -41714.788      2756.22   -44471.008    284.28987   0.92478517 
630000    214.70694   -197.07516    134705.23   -41782.565    2671.3625   -44453.927    284.20803   0.92716143 
632000    222.31559   -230.77482    134977.15    -41758.81    2766.0286   -44524.838    284.61688   0.92529361 
634000    223.04347   -443.52731    134766.79   -41663.368    2775.0847   -44438.452    285.20205   0.92673788 
636000    220.16616   -834.39287    135425.97   -41728.376    2739.2856   -44467.662    286.30498   0.92222705 
638000    220.38345   -467.89848    135076.86   -41785.322    2741.9891   -44527.311    286.56231   0.92461054 
640000    219.93182   -54.525966    134744.51   -41729.947    2736.3699   -44466.317    285.94749   0.92689115 
642000     220.7096   -328.55568    135066.75   -41779.138     2746.047   -44525.185    286.39244   0.92467975 
644000    219.60779   -443.98349    135400.06   -41814.761    2732.3384     -44547.1    287.69962   0.92240349 
646000    219.19757   -417.30258    135019.68   -41812.036    2727.2345   -44539.271     287.0244   0.92500215 
648000    218.03588   -316.30999    135215.32   -41800.783    2712.7809   -44513.564    287.11999   0.92366378 
650000    222.35586   -393.00226    135073.59   -41730.902    2766.5297   -44497.432    287.21907   0.92463297 
652000    221.59636   -369.56076    134927.09   -41708.156      2757.08   -44465.236    287.12864   0.92563686 
654000    220.25379   -432.41747    135059.09   -41670.058    2740.3759   -44410.434    287.20554   0.92473224 
656000    214.01312   -706.41706    135183.26   -41773.608    2662.7301   -44436.339    288.23676   0.92388283 
658000    219.30548   -373.00642    134638.95   -41798.677    2728.5771   -44527.254    287.64387   0.92761786 
660000    216.95629   -419.43625    134966.77   -41790.071    2699.3487    -44489.42    288.69113   0.92536475 
662000     220.7216   -654.25407    135435.18   -41793.629    2746.1963   -44539.825    290.29507   0.92216435 
664000    217.79068   -590.06478    135086.84   -41783.539    2709.7301   -44493.269    290.09997   0.92454227 
666000    217.69993   -296.93357    134800.74   -41798.085     2708.601   -44506.686    289.67241   0.92650446 
668000    221.77339   -452.84842    134751.34   -41734.753    2759.2826   -44494.036     290.0479   0.92684413 
670000    220.92225   -308.33353    134842.51   -41754.544    2748.6928   -44503.237    290.39044   0.92621748 
672000     218.5596   -251.51008     134666.7    -41710.33     2719.297   -44429.627    290.57059   0.92742669 
674000    221.29739   -531.28909    135085.78   -41660.317    2753.3603   -44413.677    291.60032   0.92454952 
676000    222.23055    -377.1965    134676.66   -41654.622    2764.9705   -44419.592     291.0544   0.92735812 
678000    221.32022   -486.83579     135102.7   -41702.724    2753.6443   -44456.368    292.49362   0.92443369 
680000    221.86094   -788.31042    135287.95   -41707.327    2760.3719   -44467.699    293.09921   0.92316789 
682000    216.69768   -401.19498    134827.77   -41712.936    2696.1311   -44409.067     292.5878   0.92631876 
684000     221.5478   -367.62293    134646.69   -41618.671    2756.4758   -44375.147    292.38744   0.92756452 
686000    218.91595   -571.21035    135008.99   -41699.433    2723.7306   -44423.164    293.27459   0.92507537 
688000    220.49911   -575.81307    135035.11   -41681.599    2743.4282   -44425.027    293.99588   0.92489646 
690000    223.27691    -277.3884    134606.72   -41657.812    2777.9893   -44435.801    293.49458   0.92783993 
692000    224.96419   -294.95757    134750.36   -41592.117    2798.9822   -44391.099    293.29824   0.92685089 
694000    225.90588   -190.93927    134699.75   -41645.129    2810.6986   -44455.828    293.82426   0.92719914 
696000    217.53106   -326.66593    134965.81   -41764.408    2706.4999   -44470.908    295.00582   0.92537134 
698000    221.49873   -581.31833    134851.75    -41720.41    2755.8653   -44476.275    295.11156   0.92615404 
700000    217.41343   -532.96606    134672.55   -41712.452    2705.0364   -44417.489    295.10533   0.92738643 
702000    220.86214   -536.20224    135238.01     -41664.3    2747.9449   -44412.245     296.7721   0.92350878 
704000    223.92996   -414.59527     134854.4   -41617.267    2786.1144   -44403.381      296.713   0.92613585 
706000    223.29883   -487.28515    134765.61   -41640.412     2778.262   -44418.674    296.35439   0.92674601 
708000    221.95566   -507.82428    135021.56   -41732.707    2761.5504   -44494.258    297.27952   0.92498927 
710000    216.86942   -502.35409    135171.63   -41816.517    2698.2678   -44514.785    297.77688   0.92396233 
712000    217.07808   -32.621088    134728.14   -41783.442     2700.864   -44484.306    297.41323   0.92700373 
714000    221.10617   -649.72501     135117.2   -41717.292    2750.9811   -44468.273    298.14254   0.92433454 
716000    216.05532   -535.47743    134807.51   -41729.918    2688.1389   -44418.057    297.82639   0.92645799 
718000    218.29893   -450.90353    134673.26   -41714.571    2716.0537   -44430.625     298.3186   0.92738154 
720000    222.93825   -91.800266    134452.06   -41616.327    2773.7757   -44390.103    298.12568   0.92890721 
722000    223.68749    -261.7785     134929.7   -41678.426    2783.0976   -44461.524    299.45954   0.92561898 
724000    222.77795   -465.27874    135070.17   -41691.611    2771.7812   -44463.393    299.75925   0.92465636 
726000    223.23445   -558.94426    135432.59   -41718.204    2777.4609   -44495.665    301.05048   0.92218194 
728000    220.25628   -498.45274    135302.03   -41749.318    2740.4069   -44489.725    300.95786   0.92307185 
730000    221.15226    -453.8794    135257.52   -41667.672    2751.5546   -44419.227    301.77525   0.92337561 
732000    222.65867   -198.30393    134741.77    -41679.11    2770.2971   -44449.407    301.99031   0.92691001 
734000    217.22047   -198.99573    134827.61   -41724.894    2702.6356   -44427.529    302.49541   0.92631982 
736000    218.60988   -272.19087    134856.79   -41755.425    2719.9226   -44475.348    303.56123   0.92611941 
738000    219.87015   -389.41379    135127.68   -41692.905    2735.6026   -44428.507     304.1777   0.92426284 
740000     224.2034   -248.89268     134441.3   -41704.291    2789.5166   -44493.807    303.77132   0.92898156 
742000    228.83052   -618.81509    135161.12   -41648.856    2847.0867   -44495.943    305.43538   0.92403412 
744000    221.48819   -606.12663    135555.71   -41673.345    2755.7341   -44429.079    306.33771    0.9213444 
746000    216.17478    -381.9672    134790.42    -41710.25    2689.6253   -44399.876    305.63964    0.9265754 
748000     219.4232   -63.294117    134707.33   -41709.179    2730.0417    -44439.22    305.89448   0.92714698 
750000    219.08556    -343.1345    135048.11   -41709.251    2725.8409   -44435.092    307.54899   0.92480738 
752000    221.48311   -391.09845    134917.87   -41672.835     2755.671   -44428.506    307.49444   0.92570013 
754000     221.4717   -798.44071    135083.25   -41647.283     2755.529   -44402.812    308.35383   0.92456683 
756000    222.27378   -320.61687    134550.39   -41682.878    2765.5084   -44448.386    306.92154   0.92822837 
758000    219.98661   -516.49974    134924.03   -41657.374    2737.0517   -44394.426    308.48179   0.92565787 
760000    219.49986    -478.5636    134713.76    -41648.92    2730.9956   -44379.916    308.46173   0.92710267 
762000    218.44515   -316.80987    134635.19    -41687.21     2717.873   -44405.083    308.81622   0.92764376 
764000    219.77901   -349.77219    134526.14   -41678.707    2734.4687   -44413.176    309.34037   0.92839568 
766000    219.09658   -122.10211    134309.26   -41658.047     2725.978   -44384.025    308.91604   0.92989484 
768000    217.31592   -78.159146    133792.05    -41714.61    2703.8232   -44418.433    307.93943   0.93348963 
770000     216.9859   -304.00864    134052.03   -41720.748    2699.7171   -44420.465    309.23804   0.93167923 
772000    220.61867   -472.73428    134595.88    -41714.16    2744.9157   -44459.076    311.22513   0.92791467 
774000    223.07401   -261.87768     134862.7   -41701.328    2775.4648   -44476.793    311.34701   0.92607884 
776000    220.66354   -528.83791     134923.5   -41690.406    2745.4739    -44435.88    311.16941   0.92566149 
778000    220.37221   -577.20473    134892.97    -41717.42    2741.8492   -44459.269    311.62842   0.92587105 
780000     217.8432   -69.930295    134503.91   -41736.922    2710.3835   -44447.305    311.37825   0.92854912 
782000    213.89017   -225.98242    133966.42   -41695.012    2661.2004   -44356.212    310.71231   0.93227462 
784000    223.11397   -322.29921    134418.79   -41584.358     2775.962    -44360.32    312.40558   0.92913713 
786000    223.94617   -413.79122     134437.5   -41623.144    2786.3162    -44409.46    312.58758   0.92900786 
788000    223.70635   -206.98208    134334.56   -41596.578    2783.3322    -44379.91    312.85133   0.92971972 
790000    218.60285    -674.4256     134627.5   -41695.904     2719.835   -44415.739    313.54012   0.92769676 
792000    216.58405   -613.44116    134537.07   -41708.178    2694.7174   -44402.895    314.01712   0.92832031 
794000    222.39972   -152.68091    134759.03   -41651.471    2767.0754   -44418.547    315.45222   0.92679123 
796000    222.22958   -336.27721    134661.08   -41646.187    2764.9584   -44411.145    314.97221   0.92746536 
798000     224.5196   -252.58221    134584.11   -41644.888    2793.4507   -44438.339    315.52697   0.92799585 
