0.007 190.34719 20.153138 125358.13 -168341 9894.64 -178236 0.40044554 0.99486173
0.008 228.99038 23.801582 125529.93 -163821 11903.4 -175724 1.0570143 0.99350016
0.009 251.82477 28.088328 125585.51 -161085 13090.4 -174175 1.8834335 0.99306043
0.01 269.51077 -101.08546 125760.5 -159052 14009.7 -173062 2.7831181 0.99167863
0.011 279.0496 -152.86533 125666.92 -157606 14505.6 -172111 3.8769079 0.99241713
0.012 275.6863 106.02253 125395.42 -157382 14330.7 -171713 4.9982193 0.99456589
0.013 280.31405 -204.94338 125265.43 -156870 14571.3 -171441 6.030032 0.99559791
0.014 280.10599 103.07569 125459.49 -156585 14560.5 -171146 7.0485468 0.99405794
0.015 288.44739 17.490233 125311.23 -155962 14994.1 -170956 8.2975659 0.99523403
0.016 292.90948 6.8525975 125352.41 -155082 15226 -170308 9.5080672 0.99490713
0.017 300.03016 -104.41379 125258.11 -154977 15596.2 -170573 10.703576 0.99565615
0.018 293.79876 81.924338 125313.15 -155334 15272.3 -170606 11.924238 0.99521877
0.019 297.15492 41.343367 124889.18 -155168 15446.7 -170614 13.140173 0.99859736
0.02 298.7914 -221.07357 124985.72 -154841 15531.8 -170373 14.363209 0.99782602
0.021 296.06186 -320.23039 124953.28 -154398 15389.9 -169788 15.775884 0.99808506
0.022 297.42347 225.82119 124793.47 -154461 15460.7 -169921 17.184273 0.99936325
0.023 296.65306 -11.588607 125002.27 -154346 15420.6 -169767 18.86161 0.99769388
0.024 298.96006 -45.197448 125071.19 -154430 15540.6 -169971 20.259921 0.99714413
0.025 303.3563 -29.957452 124899.72 -154116 15769.1 -169885 21.632495 0.99851308
0.026 303.48316 1.9130845 124934 -153678 15775.7 -169454 23.248526 0.99823906
0.027 300.47886 -54.984717 125188.22 -153771 15619.5 -169390 24.791232 0.99621195
0.028 303.12887 104.78858 125405.72 -153739 15757.3 -169496 26.560594 0.99448415
0.029 294.44061 -97.218117 125105.7 -154060 15305.6 -169365 27.841261 0.99686909
0.03 299.07256 -228.4684 125266.78 -154206 15546.4 -169752 28.90973 0.99558719
0.031 302.66988 33.712569 125268.98 -154224 15733.4 -169958 30.487789 0.99556969
0.032 300.70295 -104.8049 125339.35 -154352 15631.2 -169983 31.733923 0.9950108
0.033 300.24036 117.77304 125081.99 -154255 15607.1 -169862 32.848081 0.99705806
0.034 300.79609 -102.59978 125120.12 -154606 15636 -170242 34.030583 0.99675419
0.035 295.83163 -23.77091 125047.18 -154733 15377.9 -170111 35.317084 0.99733558
0.036 293.34697 149.16051 125225.1 -154940 15248.8 -170189 36.699596 0.99591854
0.037 288.11755 181.16574 125260.28 -155212 14977 -170189 37.75621 0.99563887
0.038 302.82358 3.3078919 125264.08 -154797 15741.4 -170539 38.688604 0.99560863
0.039 294.03025 170.89538 125265.66 -155093 15284.3 -170377 39.851279 0.9955961
0.04 290.98705 -49.787103 125232.57 -155046 15126.1 -170172 40.975684 0.99585914
0.041 296.99783 -184.90413 124982.65 -154945 15438.6 -170383 42.498449 0.9978505
0.042 295.39218 -207.53464 124774.51 -154991 15355.1 -170346 43.948884 0.99951511
0.043 297.74592 -211.88462 124834.64 -154987 15477.5 -170465 45.191162 0.99903359
0.044 295.37344 78.434873 124817.52 -154836 15354.1 -170190 46.380699 0.99917062
0.045 296.9862 45.039085 124965.74 -154835 15438 -170273 47.92815 0.99798558
0.046 290.42652 -454.75905 124765.08 -155056 15097 -170153 49.065655 0.99959064
0.047 293.78743 181.31536 124669 -154392 15271.7 -169663 50.202251 1.000361
0.048 294.36052 6.7179996 124767.68 -154735 15301.5 -170037 51.457172 0.99956978
0.049 300.29641 24.929971 124901.9 -154097 15610 -169707 52.653702 0.99849564
0.05 300.91526 -228.80846 124650.55 -153911 15642.2 -169554 53.831226 1.000509
0.051 297.05776 194.35233 124999.43 -154102 15441.7 -169544 55.678328 0.99771654
0.052 296.7576 208.46307 124911.27 -154389 15426.1 -169815 57.210856 0.99842077
0.053 296.0938 117.67775 124884.08 -154260 15391.6 -169651 58.514659 0.99863815
0.054 291.01652 -47.848156 124713.78 -154453 15127.6 -169581 59.944476 1.0000018
0.055 301.84366 200.78329 124401.69 -154472 15690.5 -170162 61.075518 1.0025105
0.056 301.37992 15.746661 124574.9 -154564 15666.4 -170231 62.678525 1.0011166
0.057 305.71024 34.707752 124542.52 -154619 15891.5 -170510 64.218152 1.0013769
0.058 297.26968 -161.45506 124678.12 -154765 15452.7 -170217 65.59988 1.0002878
0.059 290.20558 -117.86718 124641.55 -154961 15085.5 -170046 66.923893 1.0005813
0.06 300.4172 127.6202 125009.37 -154816 15616.3 -170433 68.211259 0.99763728
0.061 301.63855 365.18119 125053.86 -154454 15679.8 -170134 69.691805 0.99728235
0.062 292.3059 106.32563 125145.5 -154759 15194.7 -169953 71.142898 0.99655201
0.063 293.5069 -120.11468 125164.27 -154513 15257.1 -169770 72.256178 0.99640262
0.064 301.42818 45.41249 125148.07 -154421 15668.9 -170089 73.697736 0.99653156
0.065 304.21015 27.89326 125413.08 -154229 15813.5 -170042 75.57194 0.99442578
0.066 300.07742 107.84741 125708.16 -154569 15598.6 -170168 77.015935 0.99209155
0.067 296.71375 297.20928 125386.5 -154996 15423.8 -170419 78.163025 0.99463665
0.068 292.66125 -16.739059 125304.14 -154485 15213.1 -169698 79.363782 0.99529039
0.069 300.56586 14.605393 125453.76 -154132 15624 -169756 80.813922 0.99410337
0.07 302.91165 -18.469237 125464.35 -154067 15746 -169813 82.178265 0.99401941
0.071 303.11194 -142.81631 125033 -154231 15756.4 -169988 83.393352 0.99744871
0.072 294.61414 -169.84257 124997.44 -154600 15314.7 -169914 85.003448 0.99773246
0.073 297.77469 -161.81666 125001.36 -154988 15478.9 -170467 86.473001 0.99770117
0.074 290.48064 -30.360694 125001.6 -155057 15099.8 -170157 88.251387 0.99769923
0.075 293.13709 -58.300808 124613.15 -154919 15237.9 -170157 89.350181 1.0008094
0.076 289.48708 148.46143 124340.18 -155302 15048.1 -170350 90.39159 1.0030065
0.077 297.18817 -99.179312 124533.77 -154754 15448.5 -170202 91.903009 1.0014472
0.078 296.47872 191.41503 124559.02 -154752 15411.6 -170164 93.190836 1.0012443
0.079 290.43061 160.49992 124807.72 -155114 15097.2 -170212 94.538786 0.9992491
0.08 296.92133 -238.839 124890.46 -154953 15434.6 -170387 96.222634 0.99858713
0.081 293.77399 62.157725 124873.05 -155300 15271 -170571 97.484752 0.99872636
0.082 293.42514 31.431694 124907.47 -155290 15252.9 -170543 98.333031 0.99845115
0.083 291.80492 170.90898 125110.7 -155216 15168.6 -170385 99.24377 0.99682926
0.084 298.74342 -91.406524 125056.66 -154974 15529.3 -170503 99.94526 0.99726002
0.085 301.11022 121.15676 125075.54 -154598 15652.3 -170250 101.02802 0.99710945
0.086 296.86373 -148.94621 125228.06 -154534 15431.6 -169966 102.2246 0.99589503
0.087 294.00241 17.068511 124950.27 -154470 15282.9 -169753 103.13375 0.99810913
0.088 292.36935 145.56817 124992.05 -154645 15198 -169843 104.00332 0.99777551
0.089 293.27304 -156.07271 124447.57 -155090 15244.9 -170335 104.90864 1.0021409
0.09 294.84509 39.671294 124432.52 -154789 15326.7 -170115 106.23287 1.0022622
0.091 295.96216 -31.390106 124564.18 -155025 15384.7 -170409 107.5314 1.0012028
0.092 295.99953 -18.367959 124720.25 -154694 15386.7 -170081 109.31089 0.9999499
0.093 298.95017 203.0652 124870.36 -154947 15540.1 -170487 110.91147 0.99874781
0.094 292.38751 -249.981 125035.4 -154779 15198.9 -169978 112.44701 0.99742955
0.095 298.05534 -74.342445 124952.48 -154883 15493.5 -170377 113.37392 0.9980915
0.096 297.62115 124.92553 124858.83 -154651 15471 -170122 115.22271 0.99884005
0.097 299.94954 -38.450759 124730.35 -154410 15592 -170002 116.50083 0.99986891
0.098 295.87555 -78.719199 124773.05 -154765 15380.2 -170145 117.48901 0.99952674
0.099 294.85718 132.13364 124713.33 -155146 15327.3 -170474 118.47574 1.0000054
0.1 293.75183 58.979407 124992.78 -155141 15269.8 -170411 119.79431 0.99776964
0.101 294.09996 49.986107 124823.48 -154971 15287.9 -170258 121.28102 0.99912294
0.102 289.73706 235.97867 124519.84 -155192 15061.1 -170254 122.47903 1.0015593
0.103 293.21495 74.617511 124740.82 -154968 15241.9 -170210 124.00108 0.999785
0.104 291.3138 -99.897883 124876.84 -154597 15143.1 -169741 125.74781 0.99869602
0.105 298.09213 282.89842 124896.21 -154511 15495.4 -170007 126.82925 0.99854111
0.106 295.14505 90.766897 124704.16 -154193 15342.3 -169535 127.93464 1.000079
0.107 297.3194 -162.15332 125036.16 -154019 15455.3 -169475 129.92501 0.99742353
0.108 303.03537 181.59345 124872.21 -153947 15752.4 -169699 130.90248 0.99873302
0.109 302.88561 -17.344264 125101.78 -154120 15744.6 -169865 132.76375 0.99690028
0.11 303.2703 -28.431682 124750.09 -154198 15764.6 -169963 133.63754 0.99971072
0.111 298.33309 -228.02968 124638.28 -154445 15508 -169953 134.35921 1.0006075
0.112 293.36473 243.49062 124433.44 -154357 15249.7 -169607 135.48791 1.0022547
0.113 304.2765 -56.0531 124645.24 -154449 15816.9 -170266 136.98284 1.0005517
0.114 304.46074 62.127158 124812.64 -154402 15826.5 -170229 138.56521 0.9992097
0.115 301.49566 123.58185 124690.3 -154672 15672.4 -170344 139.76876 1.0001901
0.116 295.13838 149.83459 124964.95 -154757 15341.9 -170099 141.3177 0.99799183
0.117 302.34411 147.41544 124957.86 -154021 15716.5 -169737 142.80858 0.9980485
0.118 296.83607 165.00824 125194.36 -154475 15430.2 -169905 143.78841 0.99616311
0.119 300.72752 9.1850724 124910.41 -154550 15632.4 -170182 144.71295 0.99842761
0.12 295.21349 150.23899 124893.29 -154573 15345.8 -169919 146.10113 0.99856446
0.121 297.08662 191.17014 125341.52 -154365 15443.2 -169808 147.82456 0.99499356
0.122 297.88661 -99.685577 125371.11 -154361 15484.8 -169846 149.68013 0.99475868
0.123 295.68783 279.27888 125333.83 -154497 15370.5 -169868 151.1417 0.9950546
0.124 298.33905 173.88861 125298.61 -154395 15508.3 -169903 152.66959 0.9953343
0.125 293.45744 264.41887 125151.29 -154952 15254.5 -170206 154.65045 0.99650592
0.126 298.35657 -61.581732 125315.32 -154390 15509.2 -169899 156.16774 0.99520158
0.127 296.96026 -65.789124 125559.38 -154197 15436.6 -169634 157.82502 0.99326715
0.128 293.9032 -463.54321 125432.59 -154045 15277.7 -169322 159.23309 0.99427115
0.129 296.25673 175.11914 124871.24 -154281 15400 -169681 160.56495 0.99874079
0.13 306.79811 -190.07235 124975.9 -153912 15948 -169860 162.021 0.99790446
0.131 304.39342 187.9715 125056.61 -154007 15823 -169830 163.43737 0.99726036
0.132 309.4919 55.345513 125103.2 -153703 16088 -169791 164.49485 0.996889
0.133 300.66934 -54.164243 125165.25 -153800 15629.4 -169430 165.42778 0.99639476
0.134 303.68937 170.20159 124997.17 -154240 15786.4 -170026 166.63577 0.99773463
0.135 293.39559 -137.17412 124940.53 -154458 15251.3 -169710 167.55286 0.99818691
0.136 295.75956 60.725629 124835.6 -154776 15374.2 -170150 168.32173 0.99902595
0.137 299.23684 46.034041 124897.58 -154769 15555 -170324 169.53159 0.99853016
0.138 297.35741 -98.974151 124917.2 -154405 15457.3 -169862 170.6399 0.99837335
0.139 294.49817 27.414877 124685.56 -154606 15308.6 -169915 172.11067 1.0002281
0.14 300.34678 185.37217 125020.36 -154335 15612.7 -169948 173.71438 0.99754951
0.141 300.54971 31.680119 125083.75 -154496 15623.2 -170119 175.58162 0.99704398
0.142 300.87243 -30.968485 125316.15 -154635 15640 -170275 176.81392 0.99519502
0.143 290.86558 23.719003 125330.69 -154945 15119.8 -170065 178.39844 0.99507953
0.144 292.66429 -202.82495 125319.38 -154765 15213.3 -169978 180.15558 0.99516929
0.145 296.52884 21.86109 125131.03 -154450 15414.2 -169865 180.93759 0.99666727
0.146 300.92201 -74.236798 125235.84 -154589 15642.6 -170231 182.37556 0.9958332
0.147 300.16004 -139.96201 125164.88 -154797 15602.9 -170400 183.2427 0.99639774
0.148 297.61315 208.01598 125033.36 -155009 15470.6 -170480 183.88683 0.9974458
0.149 292.93586 -75.459165 125131.26 -155342 15227.4 -170569 185.11871 0.99666544
0.15 293.26843 -250.94686 124877.27 -155276 15244.7 -170521 186.11536 0.99869256
0.151 285.67195 48.071075 124818.83 -155443 14849.8 -170292 187.20873 0.99916018
0.152 295.1872 201.24377 125205.03 -155067 15344.4 -170411 189.21827 0.99607824
0.153 299.54217 -38.947518 125206.53 -155112 15570.8 -170683 190.48946 0.99606625
0.154 294.65713 186.16046 125121.89 -154976 15316.9 -170293 191.41764 0.99674013
0.155 295.1722 -35.332386 125216.92 -154746 15343.7 -170090 192.738 0.99598365
0.156 301.27167 -40.405663 125073.86 -154293 15660.7 -169954 193.64308 0.99712281
0.157 295.068 93.64442 125285.5 -154860 15338.2 -170199 195.2403 0.99543849
0.158 292.13824 -211.58518 125038.28 -154923 15186 -170109 196.22809 0.9974066
0.159 291.31364 96.163334 125068.39 -155102 15143.1 -170245 197.50106 0.99716642
0.16 292.71207 -5.2405883 124948.1 -154664 15215.8 -169879 198.79931 0.99812646
0.161 299.78071 13.727707 124785.13 -154323 15583.2 -169906 199.7389 0.99943002
0.162 298.00034 -6.266901 124973.4 -154625 15490.7 -170115 201.2711 0.99792436
0.163 290.23871 -273.72344 125073.96 -154733 15087.2 -169820 203.24418 0.99712201
0.164 305.52391 -181.22505 124978.08 -154104 15881.8 -169986 204.67022 0.99788702
0.165 298.3377 -323.58711 125226.63 -154059 15508.2 -169567 205.9455 0.99590645
0.166 300.30268 -40.016309 125232.56 -153998 15610.4 -169609 207.10704 0.99585924
0.167 296.20233 -217.46455 124804.93 -154138 15397.2 -169535 207.6824 0.99927145
0.168 302.65635 101.62285 124847.56 -154186 15732.7 -169918 209.6912 0.99893027
0.169 299.2705 136.44792 124826.41 -153968 15556.7 -169525 211.16572 0.99909949
0.17 304.77566 -14.101843 125027.51 -154150 15842.9 -169993 213.59213 0.99749248
0.171 303.22296 -36.070359 125012.19 -153731 15762.2 -169493 214.92616 0.99761472
0.172 301.11627 114.37059 125207.37 -153783 15652.7 -169436 217.02498 0.99605959
0.173 299.71575 -54.720023 124982.29 -154217 15579.8 -169797 218.2204 0.99785344
0.174 303.55744 193.22329 125248.82 -154395 15779.5 -170175 219.88924 0.99572996
0.175 301.07353 148.49932 125546.24 -154374 15650.4 -170025 221.53961 0.99337109
0.176 300.79762 3.5897692 125862.76 -154142 15636.1 -169778 223.81576 0.99087296
0.177 299.26971 24.154277 125411.02 -154546 15556.7 -170103 224.09049 0.99444217
0.178 294.46652 -66.53063 125700.01 -154511 15307 -169818 225.93846 0.99215585
0.179 300.46852 -186.51798 125448.19 -154351 15619 -169970 226.30554 0.99414746
0.18 304.59287 122.94674 125400.28 -154060 15833.4 -169893 227.41728 0.9945273
0.181 300.31135 -243.11381 125201.4 -154591 15610.8 -170202 229.2674 0.99610714
0.182 300.21115 -104.02059 124885.86 -154621 15605.6 -170226 230.99078 0.99862391
0.183 304.01111 91.86382 124995.92 -154065 15803.1 -169868 233.06417 0.99774462
0.184 294.55688 121.47103 124556.39 -154352 15311.7 -169663 234.57687 1.0012654
0.185 298.92209 263.6042 124984.69 -154062 15538.6 -169601 236.36577 0.99783428
0.186 296.12155 -240.92165 124907.22 -154317 15393 -169710 237.90138 0.99845311
0.187 301.37618 -147.39361 124811.86 -154213 15666.2 -169879 239.28946 0.99921595
0.188 305.08216 204.4517 124939.7 -154073 15858.8 -169932 240.53648 0.99819353
0.189 296.49875 163.94126 124970.33 -154311 15412.6 -169723 242.09108 0.9979489
0.19 300.0553 -186.98713 124919.33 -154164 15597.5 -169761 244.00682 0.99835631
0.191 297.56389 136.21259 124950.1 -154440 15468 -169908 244.65568 0.9981105
0.192 300.5708 -64.201212 124788.53 -154299 15624.3 -169923 245.65538 0.99940277
0.193 302.24049 -71.450966 125222.68 -153885 15711.1 -169596 248.38381 0.99593781
0.194 301.10315 53.228135 125128.94 -154034 15652 -169686 250.76616 0.99668394
0.195 300.24048 12.39495 125013.92 -153999 15607.1 -169606 252.06952 0.99760095
0.196 296.80969 -85.832353 124982.31 -154294 15428.8 -169723 253.86694 0.99785327
0.197 303.93893 -51.834733 124744.68 -154206 15799.4 -170005 254.94757 0.99975406
0.198 298.93945 389.12731 124895.3 -154301 15539.5 -169840 255.65176 0.99854843
0.199 301.70026 -93.442531 124905.02 -154376 15683 -170059 256.90887 0.99847068
0.2 300.60194 -266.80772 124829.98 -154722 15625.9 -170348 258.84789 0.99907096
0.201 300.65346 -262.26827 124837.07 -154509 15628.6 -170138 260.85368 0.99901417
0.202 293.60296 80.700625 124657.19 -154804 15262.1 -170066 261.54049 1.0004558
0.203 297.01955 193.63744 124837.7 -155009 15439.7 -170449 263.28419 0.9990091
0.204 288.69705 159.39114 124609.87 -154933 15007.1 -169940 264.20721 1.0008356
0.205 300.23641 53.301583 124821.62 -154676 15606.9 -170283 265.66645 0.99913787
0.206 296.35143 -126.91664 124697.79 -154915 15405 -170320 266.80699 1.00013
0.207 299.72792 239.44872 125128.74 -154574 15580.5 -170155 269.51758 0.9966855
0.208 295.60614 -89.671687 125339.32 -154599 15366.2 -169965 270.80431 0.99501101
0.209 295.39671 -63.404432 125065.08 -154662 15355.3 -170017 271.60045 0.99719285
0.21 289.7718 245.69529 125056.88 -155283 15062.9 -170346 272.95751 0.99725825
0.211 296.84438 -186.31692 124997.82 -155382 15430.6 -170812 274.01551 0.9977294
0.212 291.56373 57.959799 124922.32 -155256 15156.1 -170412 275.02207 0.99833242
0.213 296.53025 177.49767 125210.36 -155243 15414.3 -170657 277.00259 0.99603586
0.214 296.87992 -227.85123 125348.9 -154998 15432.4 -170430 278.18321 0.99493496
0.215 291.97651 -54.203455 125439.57 -154956 15177.5 -170134 278.62713 0.99421582
0.216 297.99501 -79.38997 125463.91 -154654 15490.4 -170145 279.6404 0.9940229
0.217 305.2929 -6.3641969 125341.83 -154544 15869.8 -170414 280.67426 0.99499105
0.218 298.969 -12.254066 125346.11 -154583 15541 -170124 282.27782 0.99495709
0.219 298.11793 132.72116 125199.67 -154569 15496.8 -170066 283.30316 0.99612089
0.22 297.76459 129.90334 125220.46 -154705 15478.4 -170183 284.72658 0.99595545
0.221 300.53889 -255.37454 124637.16 -154429 15622.6 -170052 285.05031 1.0006166
0.222 298.34516 -112.28625 124693.19 -154492 15508.6 -170001 287.4419 1.0001669
0.223 294.38907 -104.9397 124744.2 -154351 15303 -169654 288.9958 0.99975797
0.224 300.62928 112.01651 124925.26 -154161 15627.3 -169788 290.87231 0.99830892
0.225 301.7 47.046001 125108.97 -154183 15683 -169866 292.46034 0.996843
0.226 300.66764 30.96032 125134.91 -154076 15629.3 -169705 293.99507 0.99663636
0.227 298.84082 -74.216246 124900.59 -154163 15534.4 -169697 295.0449 0.99850609
0.228 302.04371 85.875592 124965.36 -154089 15700.9 -169790 296.41421 0.99798857
0.229 298.89966 239.24525 125319.37 -154299 15537.4 -169836 298.83082 0.99516942
0.23 297.18401 -166.22721 125289.53 -154218 15448.2 -169666 301.0523 0.99540639
0.231 292.36307 -8.7582901 125166.84 -154778 15197.6 -169975 302.77815 0.99638215
0.232 297.95084 12.437264 125039.39 -154572 15488.1 -170060 304.27486 0.99739771
0.233 293.33917 86.970816 125129.63 -154658 15248.4 -169907 305.63033 0.99667846
0.234 298.81353 -203.00782 125081.82 -154315 15532.9 -169848 308.59677 0.99705941
0.235 293.93896 28.992194 125076.96 -154506 15279.6 -169785 310.87013 0.99709815
0.236 297.86123 -8.7882818 124898.35 -154449 15483.4 -169933 311.95838 0.99852402
0.237 291.53698 1.6979208 124762.09 -154717 15154.7 -169871 314.02351 0.99961457
0.238 292.16288 21.862799 124761.03 -155024 15187.2 -170211 314.45508 0.9996231
0.239 291.27979 217.73223 124703.82 -154984 15141.3 -170125 315.63861 1.0000816
0.24 303.27731 91.746302 125003.65 -154564 15765 -170329 318.07423 0.9976829
0.241 294.09442 -235.83405 124946.56 -154542 15287.6 -169830 318.61339 0.99813872
0.242 296.03328 -202.55334 124997.91 -154864 15388.4 -170252 319.33433 0.99772868
0.243 294.5919 30.678911 124948.62 -154653 15313.5 -169967 319.7072 0.99812232
0.244 299.62943 -212.08177 125046.29 -154921 15575.4 -170497 321.13927 0.99734268
0.245 304.55465 80.013397 125035.39 -154765 15831.4 -170597 322.35397 0.99742967
0.246 296.51012 -128.68167 124917.34 -154781 15413.2 -170194 323.35996 0.9983722
0.247 291.26061 43.604871 124863.07 -154872 15140.3 -170012 324.33811 0.9988062
0.248 291.82441 -116.21227 124720.34 -154855 15169.6 -170025 325.40373 0.99994916
0.249 299.67395 -16.534937 124748.71 -154509 15577.7 -170087 327.45811 0.99972178
0.25 293.76642 103.87154 124969.05 -154354 15270.6 -169624 329.8151 0.99795909
0.251 298.49665 -3.091309 124834.4 -154328 15516.5 -169845 331.55398 0.99903555
0.252 294.76524 53.068379 125030.18 -154544 15322.5 -169866 333.26987 0.9974712
0.253 303.02118 22.519505 124767.23 -154301 15751.7 -170053 334.60088 0.99957342
0.254 298.73601 141.81508 125030.55 -154307 15528.9 -169835 335.63851 0.99746822
0.255 301.658 48.115251 125344.35 -154251 15680.8 -169932 337.25298 0.9949711
0.256 290.44561 -72.880372 125257.58 -154651 15098 -169749 338.39618 0.99566035
0.257 297.75404 -121.81986 124988.7 -154704 15477.9 -170182 339.26877 0.99780226
0.258 299.11041 -145.17624 124728.69 -154675 15548.4 -170223 340.1262 0.99988224
0.259 298.41153 265.24902 124858.12 -154481 15512.1 -169993 340.31435 0.99884573
0.26 297.33859 132.94445 125218.67 -154102 15456.3 -169558 341.66475 0.99596972
0.261 293.91442 -12.71114 125099.92 -154582 15278.3 -169860 342.79156 0.99691516
0.262 298.86355 262.10513 124925.62 -154550 15535.6 -170085 344.24793 0.99830603
0.263 299.69515 -221.37651 125101.63 -154271 15578.8 -169850 344.98814 0.99690154
0.264 298.48612 37.958421 125049.06 -154253 15515.9 -169769 345.50262 0.99732057
0.265 296.37184 -128.95511 124917.84 -154562 15406 -169968 346.15181 0.99836826
0.266 296.66665 -209.94573 124852.74 -154710 15421.4 -170131 347.31215 0.99888881
0.267 293.5512 21.664802 124772.38 -154830 15259.4 -170089 347.94419 0.99953215
0.268 293.26738 -68.74407 124881.64 -154526 15244.6 -169770 349.38688 0.99865766
0.269 298.52579 20.758338 124854.14 -154343 15518 -169861 351.04875 0.99887762
0.27 294.39925 88.166038 124796.52 -154578 15303.5 -169882 352.26984 0.99933881
0.271 301.39624 -137.36756 124670.27 -154653 15667.2 -170320 353.46985 1.0003508
0.272 300.25694 -98.154492 124477.3 -154753 15608 -170361 354.41773 1.0019016
0.273 292.12541 -14.797913 124442.02 -154992 15185.3 -170177 355.83356 1.0021856
0.274 300.14136 -95.774405 124936.76 -154570 15602 -170172 358.19445 0.99821705
0.275 302.86472 358.86398 124809.79 -154305 15743.5 -170049 359.25742 0.99923252
0.276 300.97338 -143.69177 124837.24 -154507 15645.2 -170152 360.97608 0.99901279
0.277 298.67816 105.94082 124543.7 -154534 15525.9 -170060 362.00955 1.0013675
0.278 305.76436 182.04913 124785.9 -154170 15894.3 -170064 365.20975 0.99942383
0.279 297.28768 143.07762 125089.81 -154322 15453.6 -169776 366.97491 0.9969957
0.28 299.05749 -55.027064 125206.76 -154633 15545.6 -170178 368.27928 0.99606446
0.281 300.29052 -193.74611 125184.56 -154476 15609.7 -170086 369.74762 0.99624109
0.282 296.31218 -57.924566 125306.04 -154682 15402.9 -170085 370.92965 0.99527526
0.283 294.19106 36.624379 125496.21 -154542 15292.7 -169835 372.93826 0.99376707
0.284 289.78549 108.11572 125523.64 -154872 15063.7 -169935 374.02557 0.99354997
0.285 296.68304 64.341059 125751.02 -155037 15422.2 -170459 375.22777 0.99175338
0.286 298.1699 1.8334882 125633.94 -154748 15499.5 -170248 376.11024 0.99267765
0.287 295.4427 -261.76678 125476.94 -154740 15357.7 -170098 376.99026 0.99391972
0.288 302.5622 150.06691 125420.92 -154478 15727.8 -170206 379.27155 0.99436363
0.289 305.16691 -234.20253 125511.53 -154432 15863.2 -170295 381.10184 0.9936458
0.29 297.03685 72.756522 125141.77 -154854 15440.6 -170294 381.3542 0.99658175
0.291 297.01007 -138.95774 125208 -154546 15439.2 -169985 383.00641 0.99605458
0.292 299.19119 72.110558 125422.91 -154212 15552.6 -169765 385.24873 0.99434783
0.293 297.30589 -119.5941 125347.58 -154590 15454.6 -170045 386.64271 0.99494545
0.294 293.28413 84.872042 125035.06 -154946 15245.5 -170192 387.49927 0.99743227
0.295 298.24247 -3.4654469 125102.69 -155136 15503.3 -170640 389.65381 0.99689303
0.296 301.33517 94.130638 125036.81 -154613 15664 -170277 390.74041 0.99741832
0.297 292.82285 21.372065 125279.7 -154968 15221.5 -170189 392.44065 0.99548455
0.298 296.72385 -77.41653 125185.52 -154779 15424.3 -170204 393.33467 0.99623346
0.299 295.58343 97.771397 125633.81 -154944 15365 -170309 395.05715 0.99267867
0.3 294.44852 81.079999 125537.34 -154746 15306 -170052 395.75118 0.99344152
0.301 293.63111 -93.601259 125189.71 -154796 15263.6 -170059 396.14815 0.99620009
0.302 291.0242 93.900356 125209.11 -154809 15128 -169937 397.91668 0.99604573
0.303 299.78748 74.176482 125268.81 -154620 15583.6 -170204 399.39776 0.99557104
0.304 297.548 -163.63411 125007.24 -154518 15467.2 -169985 400.05109 0.99765428
0.305 301.77725 1.7299052 124883.26 -154601 15687 -170288 401.30226 0.99864471
0.306 299.6039 333.3017 125195.83 -154518 15574 -170092 403.60357 0.99615144
0.307 297.33395 -102.97819 125143.52 -154593 15456 -170049 405.45993 0.99656783
0.308 304.49867 143.95309 125343.29 -154190 15828.5 -170018 407.44586 0.99497949
0.309 296.03624 121.69324 125210.07 -154853 15388.6 -170242 408.46841 0.99603813
0.31 294.35855 -40.370594 125233.19 -155145 15301.4 -170446 409.95589 0.99585423
0.311 297.54761 -14.085173 125833 -155098 15467.1 -170565 411.51743 0.99110733
0.312 297.40846 -80.420759 126076.78 -155136 15459.9 -170596 412.97116 0.98919088
0.313 301.33005 -91.158474 125931.13 -154955 15663.8 -170619 413.14566 0.99033501
0.314 300.27186 -103.77492 125634.02 -154817 15608.8 -170426 413.87102 0.99267699
0.315 299.14451 66.329017 125568.28 -155080 15550.2 -170630 414.31182 0.99319673
0.316 298.82668 -189.50839 125639.84 -154755 15533.6 -170289 415.64316 0.99263105
0.317 297.41423 40.704647 125576.7 -154863 15460.2 -170323 416.6466 0.99313008
0.318 291.52348 -144.68451 125567.1 -154503 15154 -169657 418.06483 0.99320602
0.319 298.31717 281.12971 125389.2 -154448 15507.1 -169955 419.6699 0.99461519
0.32 298.32187 -308.33396 125436.66 -154400 15507.4 -169907 421.12052 0.99423886
0.321 300.82661 56.342846 125471.58 -154364 15637.6 -170002 423.09064 0.99396217
0.322 296.1427 -135.85062 125275.03 -154364 15394.1 -169758 423.88432 0.99552163
0.323 298.42711 135.29391 125479.47 -154186 15512.9 -169699 425.31927 0.99389963
0.324 300.41125 120.43995 125310.18 -154614 15616 -170230 426.83427 0.99524236
0.325 298.91688 229.43144 125169.25 -154765 15538.3 -170304 428.62736 0.99636293
0.326 303.51403 21.592984 125358.57 -154414 15777.3 -170192 430.92705 0.99485819
0.327 296.86563 -144.11736 125337.31 -154711 15431.7 -170142 432.12365 0.99502697
0.328 292.98904 -49.179137 125425.63 -154923 15230.2 -170153 433.73174 0.99432633
0.329 294.83547 -233.71324 124847.32 -154869 15326.2 -170196 433.59364 0.99893218
0.33 294.37922 239.77049 124864.16 -155125 15302.4 -170427 435.66024 0.99879741
0.331 298.81195 184.26037 125098.34 -154665 15532.9 -170198 437.264 0.99692771
0.332 296.1877 119.40863 124821.42 -154882 15396.5 -170279 438.46124 0.99913941
0.333 301.75928 -99.471871 124681.37 -154517 15686.1 -170203 439.10796 1.0002617
0.334 293.62692 211.87869 124506.05 -154985 15263.3 -170248 439.60147 1.0016702
0.335 303.91078 -209.43673 124679.09 -154772 15797.9 -170570 441.13245 1.00028
0.336 298.32448 -56.819028 124697.48 -154664 15507.5 -170171 443.11315 1.0001325
0.337 293.85303 -225.90162 124769.93 -154655 15275.1 -169930 444.08299 0.99955174
0.338 292.97856 29.920139 124421.75 -154621 15229.6 -169851 444.8621 1.0023489
0.339 298.8145 326.09108 124617.25 -154614 15533 -170147 446.71105 1.0007764
0.34 298.11928 244.32192 124858.92 -154377 15496.9 -169874 447.55698 0.99883933
0.341 297.44247 -21.815339 124927.12 -154570 15461.7 -170032 448.81617 0.99829405
0.342 296.80663 -44.236201 124868.38 -154566 15428.6 -169995 449.95068 0.99876368
0.343 294.0147 -168.05606 124934.79 -154845 15283.5 -170129 452.34682 0.99823276
0.344 297.97424 207.16183 124713.65 -154380 15489.3 -169870 453.29733 1.0000028
0.345 296.92136 -241.88423 124802.29 -154560 15434.6 -169994 454.81129 0.9992926
0.346 295.15509 288.89801 124731.04 -154452 15342.8 -169795 456.24322 0.99986344
0.347 294.8925 260.91635 124464.31 -154980 15329.1 -170309 457.19658 1.0020062
0.348 299.00581 -169.0127 124552.66 -154877 15542.9 -170420 458.5668 1.0012954
0.349 295.12744 141.67352 124449.51 -154938 15341.3 -170279 460.36635 1.0021253
0.35 291.95975 398.21132 124597.66 -155278 15176.7 -170455 462.40352 1.0009337
0.351 296.03247 18.634545 124733.36 -154973 15388.4 -170361 465.1213 0.9998448
0.352 293.37359 -174.53109 124636.43 -154971 15250.2 -170221 466.70265 1.0006224
0.353 298.57679 132.18177 124769.34 -154882 15520.6 -170403 467.80794 0.99955652
0.354 290.02536 181.41317 124730.49 -154982 15076.1 -170058 468.64931 0.99986781
0.355 299.02184 267.85775 124850.12 -154413 15543.8 -169957 470.21097 0.99890973
0.356 296.08089 26.895069 124718.16 -154719 15390.9 -170110 472.31884 0.9999667
0.357 296.47318 113.73402 124941.86 -154485 15411.3 -169897 474.26473 0.99817631
0.358 297.44118 -16.090514 124677.36 -154671 15461.6 -170133 475.77075 1.0002939
0.359 297.07769 -52.813186 125032.43 -154439 15442.7 -169882 478.46794 0.99745326
0.36 301.57596 -48.663688 124965.89 -154251 15676.5 -169927 480.32672 0.99798433
0.361 297.12768 -203.99292 125057.1 -154289 15445.3 -169734 481.63591 0.99725645
0.362 296.00383 -22.94338 124857.09 -154484 15386.9 -169871 482.63485 0.99885399
0.363 293.60751 199.69711 124604.4 -154789 15262.3 -170052 482.70636 1.0008796
0.364 303.55198 187.90984 124753.43 -154547 15779.3 -170326 484.25395 0.99968394
0.365 294.50345 34.885689 124964.49 -154459 15308.9 -169768 485.58276 0.99799555
0.366 293.10084 -38.292953 125103.6 -155087 15236 -170323 487.86129 0.99688583
0.367 296.19777 291.41009 125177.99 -154786 15397 -170183 489.65523 0.99629341
0.368 301.08315 -123.33178 125325.98 -154761 15650.9 -170412 491.48512 0.99511695
0.369 298.78708 -147.04617 125281.25 -154828 15531.6 -170360 492.59408 0.99547218
0.37 295.01865 -79.565608 125060.33 -154491 15335.7 -169827 492.91351 0.99723075
0.371 300.02508 45.317805 125096.89 -154393 15595.9 -169989 493.38617 0.99693926
0.372 299.14523 77.602002 125165.74 -154771 15550.2 -170321 494.41854 0.99639085
0.373 295.27838 -134.87777 125051.1 -154768 15349.2 -170117 494.5079 0.99730431
0.374 296.20792 238.03635 125085.55 -154927 15397.5 -170324 496.92504 0.99702968
0.375 293.25033 -149.41415 125067 -155021 15243.8 -170265 497.16191 0.99717755
0.376 293.3075 131.6471 125092.63 -154790 15246.7 -170036 497.61903 0.99697326
0.377 301.32523 -111.29792 125029.18 -154829 15663.5 -170493 498.79893 0.99747914
0.378 293.33019 -204.58648 124780.26 -155440 15247.9 -170688 499.00252 0.999469
0.379 296.46793 187.93223 124745.44 -155246 15411 -170657 499.76586 0.99974796
0.38 296.95279 -11.105592 125140.69 -155049 15436.2 -170485 501.40047 0.99659032
0.381 300.82519 -101.54887 125245.19 -154843 15637.5 -170481 503.17869 0.99575883
0.382 290.63051 79.417667 125212.09 -154945 15107.6 -170053 504.26284 0.99602207
0.383 294.07376 -111.96552 125107.48 -154594 15286.6 -169880 505.0155 0.99685486
0.384 294.02103 -74.454487 124993.37 -154853 15283.8 -170137 504.57965 0.99776493
0.385 296.82624 222.73822 125313.53 -154961 15429.6 -170391 506.29323 0.99521575
0.386 296.55171 -99.012292 125158.26 -154676 15415.4 -170091 508.27678 0.99645043
0.387 299.51289 42.567247 125244.68 -154659 15569.3 -170228 509.05528 0.99576291
0.388 292.94034 95.71429 125151.92 -154765 15227.6 -169992 509.42418 0.99650094
0.389 298.49603 128.7337 125487.08 -154446 15516.4 -169963 511.69261 0.99383937
0.39 299.53225 204.71358 125621.05 -154668 15570.3 -170239 512.39365 0.99277953
0.391 297.04734 -204.53093 125237.15 -154541 15441.1 -169982 512.20629 0.99582278
0.392 297.32721 -122.09513 125498.8 -154677 15455.7 -170133 514.11647 0.99374661
0.393 296.21559 -86.763033 125034.31 -154599 15397.9 -169997 513.3132 0.99743821
0.394 299.79941 -42.617585 125443.03 -154416 15584.2 -170000 516.04026 0.99418839
0.395 296.60422 -60.075722 125182.32 -154312 15418.1 -169730 516.64215 0.99625895
0.396 293.39752 175.36619 125254.53 -154463 15251.4 -169714 518.93891 0.99568458
0.397 299.06375 -166.93146 125242.93 -154106 15546 -169652 519.86211 0.99577676
0.398 295.15758 -28.264629 125231.11 -154539 15342.9 -169882 521.33822 0.99587075
0.399 296.34569 96.024752 125345.9 -154836 15404.7 -170241 522.25512 0.99495882
0.4 295.56527 -145.94848 125534.8 -155022 15364.1 -170386 523.82358 0.99346159
0.401 296.66099 -193.11966 125600.27 -154426 15421.1 -169847 525.40207 0.99294372
0.402 297.32947 7.9898387 125596.03 -154622 15455.8 -170077 526.54647 0.99297724
0.403 301.18596 17.298619 125603.04 -154438 15656.3 -170094 527.90921 0.99292185
0.404 306.25902 218.75701 125513.19 -153937 15920 -169857 529.16036 0.99363267
0.405 300.81439 29.356724 125440.13 -154006 15637 -169643 531.00225 0.99421139
0.406 302.0962 -183.06689 125231.14 -154261 15703.6 -169965 531.76427 0.99587055
0.407 298.32232 7.5646363 125226.58 -154567 15507.4 -170074 533.66885 0.99590678
0.408 294.73624 -76.3297 125051.31 -154983 15321 -170304 535.4789 0.99730266
0.409 292.09898 42.697068 124936.87 -155075 15183.9 -170259 535.78529 0.9982162
0.41 296.89894 -22.652317 125166.25 -154576 15433.4 -170009 537.67502 0.99638682
0.411 301.87634 -124.62144 125371.94 -154431 15692.2 -170123 539.9186 0.99475209
0.412 304.13947 -55.770457 125483.75 -154465 15809.8 -170275 541.01983 0.99386576
0.413 291.21669 163.05105 125308.92 -155267 15138.1 -170405 540.75073 0.99525238
0.414 301.08387 340.00897 125387.89 -155131 15651 -170782 541.42694 0.99462555
0.415 295.58521 31.58526 125437.65 -155202 15365.1 -170567 542.65012 0.99423105
0.416 289.5433 -119.61568 125186.24 -154995 15051.1 -170046 542.19509 0.99622771
0.417 299.75308 120.45433 125102.73 -154852 15581.8 -170434 542.78112 0.99689273
0.418 294.1061 10.784333 125212.44 -154892 15288.2 -170181 543.75197 0.99601927
0.419 291.63755 -98.965972 125482.07 -154698 15159.9 -169858 545.70598 0.99387911
0.42 298.59651 -242.25054 125368.72 -154650 15521.7 -170171 546.63186 0.99477767
0.421 298.59397 94.132042 125160.22 -154626 15521.5 -170147 546.95521 0.99643484
0.422 299.32659 235.27949 125241.3 -154310 15559.6 -169869 548.08286 0.99578973
0.423 301.87906 -14.071807 125254.5 -154133 15692.3 -169825 549.84073 0.99568478
0.424 302.367 -222.65839 125229.7 -154298 15717.7 -170016 551.86702 0.99588201
0.425 300.62879 250.19334 125060.14 -154319 15627.3 -169946 553.44546 0.99723228
0.426 298.5747 39.721687 125309.21 -154384 15520.5 -169905 554.8226 0.99525009
0.427 298.16729 87.192686 125164.31 -154410 15499.4 -169909 555.35415 0.99640225
0.428 305.97125 150.62778 125126.97 -154195 15905 -170100 555.36867 0.99669964
0.429 297.65143 61.369097 125162.7 -154588 15472.5 -170060 556.65913 0.9964151
0.43 296.84758 -64.565673 124984.47 -154667 15430.8 -170098 557.06656 0.99783602
0.431 299.12713 101.43177 124889.68 -154573 15549.3 -170122 557.54261 0.99859335
0.432 298.84521 40.220381 124814.26 -154365 15534.6 -169899 559.28674 0.99919673
0.433 301.88075 101.45029 124630.91 -154467 15692.4 -170160 560.1592 1.0006668
0.434 303.76111 -4.3459951 124528.11 -154254 15790.1 -170045 561.01156 1.0014928
0.435 296.38785 442.75828 124913.39 -154277 15406.9 -169684 563.74132 0.9984038
0.436 298.64416 -92.817089 125226.06 -153683 15524.1 -169207 565.65004 0.99591097
0.437 302.57217 28.246432 125243.3 -153829 15728.3 -169558 567.35001 0.99577382
0.438 303.97711 -45.942192 125310.76 -153869 15801.4 -169670 568.59051 0.99523779
0.439 302.18946 51.843155 125318.16 -154138 15708.4 -169847 569.60762 0.99517899
0.44 298.73063 138.38024 125137.3 -154270 15528.6 -169798 569.97116 0.99661735
0.441 301.42748 -449.81705 125096.83 -154444 15668.8 -170113 570.44173 0.99693972
0.442 297.59814 -179.55885 124930.83 -154650 15469.8 -170120 570.22727 0.99826439
0.443 294.46641 116.12019 125306.4 -154679 15307 -169986 572.99515 0.99527243
0.444 297.90262 -265.67835 125502.14 -154496 15485.6 -169981 575.04355 0.99372017
0.445 294.70183 -115.71704 125409.49 -154674 15319.2 -169994 576.04853 0.99445431
0.446 295.92935 -230.83773 125150.04 -155049 15383 -170432 576.12316 0.99651586
0.447 295.05774 126.42148 125064.68 -154858 15337.7 -170196 577.17394 0.99719607
0.448 296.87523 -101.69823 124856.72 -154766 15432.2 -170198 578.76428 0.99885695
0.449 302.08765 5.6706154 125252.84 -154505 15703.1 -170208 581.44313 0.99569802
0.45 297.36613 356.84374 125080.98 -154562 15457.7 -170020 582.05562 0.9970661
0.451 302.65295 49.230835 125201.39 -154176 15732.5 -169909 582.9636 0.99610721
0.452 298.0465 -413.69722 125167.06 -154547 15493.1 -170040 584.41122 0.99638037
0.453 296.41381 57.700767 125340.97 -154578 15408.2 -169986 585.87003 0.99499791
0.454 296.26512 -103.52774 125128.73 -154462 15400.5 -169862 585.24983 0.99668557
0.455 294.49492 -226.68839 125107.72 -154430 15308.5 -169738 587.11433 0.99685296
0.456 300.01828 130.01302 124892.79 -154376 15595.6 -169972 587.74719 0.99856844
0.457 295.98448 245.35268 124910.25 -154386 15385.9 -169772 589.0234 0.99842887
0.458 301.72519 328.41512 125175.42 -154117 15684.3 -169802 590.92399 0.99631383
0.459 305.03269 154.8193 125143.88 -153868 15856.2 -169724 591.91223 0.99656497
0.46 302.81243 -44.845322 124960.98 -153718 15740.8 -169459 592.5704 0.99802353
0.461 316.48684 88.733225 124807.74 -153557 16451.6 -170008 593.19645 0.99924897
0.462 309.5339 215.93401 125228.63 -153560 16090.2 -169650 596.21241 0.99589052
0.463 305.53518 51.607914 125560.33 -153635 15882.4 -169517 598.29932 0.99325963
0.464 301.2928 -86.678702 125561.3 -153791 15661.8 -169453 600.04962 0.99325191
0.465 306.59917 132.28679 125362.63 -153924 15937.7 -169862 600.23057 0.99482596
0.466 304.55541 196.38332 125129.04 -153922 15831.4 -169753 601.15881 0.99668309
0.467 299.96132 3.6338098 125266.99 -154396 15592.6 -169988 602.0936 0.99558552
0.468 297.60022 -153.76929 125170.26 -154726 15469.9 -170196 602.63018 0.99635489
0.469 299.74376 107.71488 125186.02 -154290 15581.3 -169871 603.7716 0.99622946
0.47 297.43587 334.98177 125256.19 -154189 15461.3 -169651 605.1018 0.99567135
0.471 299.33068 -88.823256 125442.83 -154009 15559.8 -169569 607.6382 0.99418994
0.472 304.32854 157.61987 125270.16 -154428 15819.6 -170248 608.05112 0.99556037
0.473 299.14197 -67.761314 125280.74 -154629 15550 -170179 608.43005 0.99547625
0.474 299.13589 -38.196811 125422.82 -154430 15549.7 -169980 610.51817 0.99434858
0.475 301.42909 65.493034 125393.6 -154072 15668.9 -169741 612.08812 0.99458033
0.476 302.97812 91.762844 125189.3 -153839 15749.4 -169589 612.6289 0.99620336
0.477 303.14662 -180.377 125151.84 -154034 15758.2 -169792 614.32064 0.99650152
0.478 298.53747 54.107442 124514.5 -154096 15518.6 -169615 615.00979 1.0016022
0.479 295.10794 -96.673549 124644.91 -154582 15340.3 -169922 616.2784 1.0005543
0.48 295.61213 52.721553 124737.72 -154646 15366.5 -170013 617.55702 0.99980987
0.481 301.24495 -239.20336 124720.33 -154481 15659.3 -170140 620.01579 0.99994927
0.482 295.42544 235.68141 124797.11 -154673 15356.8 -170030 621.33185 0.99933409
0.483 295.96494 241.225 125113.33 -154540 15384.9 -169925 624.64078 0.99680831
0.484 298.6289 97.207396 124827.48 -154042 15523.4 -169565 624.86916 0.9990909
0.485 299.75116 228.83215 124843.16 -154312 15581.7 -169893 626.37598 0.99896545
0.486 297.57765 87.62934 125064.55 -154351 15468.7 -169820 628.2429 0.99719705
0.487 299.34864 -92.310994 125132.85 -154167 15560.8 -169728 629.81608 0.9966528
0.488 298.27383 -25.318925 125028.61 -154420 15504.9 -169925 631.03207 0.99748371
0.489 298.5942 16.950946 125439.23 -154383 15521.5 -169905 634.03941 0.99421849
0.49 296.9198 247.50017 125266.97 -154650 15434.5 -170085 634.4742 0.99558571
0.491 300.08594 -290.26797 125469.49 -154678 15599.1 -170277 636.09532 0.99397874
0.492 300.27646 150.45074 125115.67 -154885 15609 -170494 635.6644 0.99678964
0.493 299.96803 223.46548 125387.79 -154593 15593 -170186 638.79491 0.99462639
0.494 299.75802 -28.081454 125477.01 -154465 15582 -170047 640.8602 0.99391917
0.495 302.11848 -77.869952 125310.82 -154568 15704.7 -170273 641.87593 0.99523728
0.496 289.69951 -346.21916 125279.33 -154504 15059.2 -169563 642.30294 0.9954875
0.497 294.53516 183.78544 125359.18 -154481 15310.6 -169791 643.62514 0.99485338
0.498 298.57953 -36.177229 125370.92 -154606 15520.8 -170127 645.16156 0.9947602
0.499 309.65889 -265.16057 125446.89 -154005 16096.7 -170101 646.70208 0.99415782
0.5 301.30583 -246.54879 125596.68 -154309 15662.5 -169971 648.6286 0.99297213
0.501 299.42921 -179.87253 125188.71 -154500 15565 -170065 649.25607 0.99620804
0.502 295.04907 -170.23211 124781.38 -154742 15337.3 -170080 649.36172 0.99946005
0.503 299.8074 18.088592 124840.57 -154537 15584.6 -170121 651.24446 0.99898617
0.504 295.48543 -25.985485 124762.68 -154728 15359.9 -170088 652.08071 0.99960987
0.505 295.75209 31.859908 125124.19 -154920 15373.8 -170294 654.26824 0.99672177
0.506 292.84317 124.85539 124991.99 -154964 15222.6 -170187 654.42867 0.99777594
0.507 291.45128 -38.304672 124641.36 -154992 15150.2 -170142 654.39884 1.0005828
0.508 292.70387 47.433894 124788.37 -154962 15215.4 -170177 656.66234 0.99940409
0.509 301.46838 -170.46485 124625.29 -154447 15671 -170118 657.70925 1.0007118
0.51 297.17027 -31.868359 124692.89 -154641 15447.5 -170089 659.42073 1.0001693
0.511 289.30166 112.26367 124924.68 -154720 15038.5 -169758 661.17368 0.99831357
0.512 292.38311 34.76407 125035.75 -154529 15198.7 -169728 663.72885 0.99742675
0.513 296.97181 13.600959 124867.64 -154887 15437.2 -170324 664.86237 0.99876958
0.514 296.15742 -15.710344 124904.76 -154985 15394.9 -170380 666.64178 0.9984728
0.515 292.35741 93.059817 124967.95 -154981 15197.3 -170179 668.05263 0.99796792
0.516 298.13044 -104.56136 125203.91 -154698 15497.4 -170196 670.92263 0.99608713
0.517 302.42932 -157.71291 125082.91 -154657 15720.9 -170378 670.66539 0.99705066
0.518 296.71387 99.388711 125078.99 -154852 15423.8 -170276 670.0174 0.99708195
0.519 290.59692 -62.530842 125343.31 -154951 15105.8 -170057 673.29791 0.99497932
0.52 296.35249 60.132888 124982.71 -155047 15405 -170452 673.57645 0.99785003
0.521 297.96534 23.555016 125209.39 -154801 15488.9 -170290 674.17832 0.9960435
0.522 290.50405 105.48552 125199.79 -154992 15101 -170093 675.55106 0.99611989
0.523 297.94702 94.950468 125374.95 -154984 15487.9 -170472 677.07151 0.99472825
0.524 297.99162 -267.66983 125064.18 -154628 15490.2 -170118 676.66245 0.9972
0.525 299.78679 87.897753 125097.26 -154592 15583.5 -170176 678.59888 0.99693635
0.526 296.97036 -306.82415 124872.1 -154732 15437.1 -170169 678.03358 0.99873396
0.527 293.55985 0.90330142 124638.13 -154798 15259.9 -170058 678.51499 1.0006088
0.528 296.75399 57.890806 124770.14 -154496 15425.9 -169922 679.51849 0.99955005
0.529 301.5822 385.37717 124986.25 -154523 15676.9 -170200 681.30299 0.99782181
0.53 294.6908 54.041552 125218.23 -154395 15318.6 -169714 684.35232 0.99597324
0.531 295.99294 77.141484 125349.85 -154506 15386.3 -169892 686.16939 0.99492746
0.532 298.35821 31.48907 124935.7 -154447 15509.3 -169956 686.44654 0.99822555
0.533 299.86809 -128.61995 124924.56 -154495 15587.8 -170082 688.52264 0.99831452
0.534 298.26006 243.64892 124646.61 -154957 15504.2 -170461 689.27602 1.0005407
0.535 295.2496 -48.133584 124878.3 -154955 15347.7 -170303 690.90844 0.99868435
0.536 291.93975 11.534723 124922.15 -154935 15175.6 -170111 691.36838 0.99833377
0.537 289.77829 -79.18104 124669.27 -155054 15063.3 -170117 690.97682 1.0003588
0.538 297.30492 83.158674 124829.97 -154420 15454.5 -169875 693.16594 0.99907099
0.539 295.92962 22.920181 124709.3 -154742 15383 -170125 693.88398 1.0000377
0.54 298.65424 114.72157 124571.38 -154572 15524.7 -170096 695.39628 1.0011449
0.541 301.07825 -261.14 124616.8 -154689 15650.7 -170339 697.83911 1.00078
0.542 297.7534 -117.07554 124665.62 -154573 15477.8 -170051 699.52864 1.0003881
0.543 300.46106 -48.571037 124642.9 -154448 15618.6 -170066 701.59044 1.0005705
0.544 297.03247 20.662532 124939.35 -154642 15440.4 -170083 704.66623 0.99819636
0.545 294.20669 19.892156 124743.99 -154563 15293.5 -169857 706.45751 0.99975961
0.546 302.86343 122.29164 124951.45 -154042 15743.5 -169786 708.12814 0.99809969
0.547 298.11308 -5.4520364 124859.15 -154196 15496.5 -169693 708.65336 0.99883755
0.548 295.79726 92.016083 124895.11 -154655 15376.2 -170032 709.92793 0.99854993
0.549 290.97039 -206.07599 124818.98 -154743 15125.2 -169868 711.07058 0.99915894
0.55 291.66061 140.1853 124294.71 -155129 15161.1 -170290 711.30703 1.0033734
0.551 294.10109 62.861101 124288.14 -154958 15288 -170246 712.75152 1.0034264
0.552 291.29128 95.715524 124462.33 -154999 15141.9 -170141 715.48151 1.0020221
0.553 295.95351 112.37043 124712.36 -154713 15384.3 -170097 718.07079 1.0000131
0.554 302.02368 -121.73209 125030.96 -154496 15699.8 -170196 721.34222 0.99746499
0.555 306.76358 64.014798 125137.82 -154255 15946.2 -170201 722.57133 0.99661318
0.556 292.94008 -121.68568 125574.05 -154269 15227.6 -169497 725.2403 0.99315109
0.557 300.07386 37.658714 125295.31 -154280 15598.5 -169879 725.43411 0.99536047
0.558 302.71328 90.701365 125358.69 -154393 15735.7 -170129 727.72999 0.99485724
0.559 298.9323 160.98585 125291.89 -154285 15539.1 -169825 728.82237 0.99538769
0.56 300.21932 -325.72742 125285.11 -154289 15606 -169895 729.52893 0.99544153
0.561 299.94137 146.30483 125331.06 -154038 15591.6 -169630 731.21212 0.99507658
0.562 301.04051 -46.416308 125400.37 -154030 15648.7 -169679 732.97038 0.99452661
0.563 299.41699 250.09297 125579.24 -154193 15564.3 -169757 735.90784 0.99311006
0.564 299.29871 -78.181033 125223.01 -154105 15558.2 -169663 736.24802 0.9959352
0.565 293.93112 9.0310346 125009.85 -154596 15279.2 -169875 737.17108 0.99763339
0.566 297.00474 88.359983 124821.63 -154743 15438.9 -170182 738.33203 0.99913775
0.567 290.75246 0.43801258 124826.94 -154909 15113.9 -170023 739.51543 0.99909528
0.568 297.20581 128.8311 124877.63 -154542 15449.4 -169991 740.63114 0.99868967
0.569 294.78271 -325.22965 125096.49 -154442 15323.4 -169766 743.56627 0.99694245
0.57 300.85508 152.65634 125000.11 -154134 15639.1 -169773 744.45597 0.99771114
0.571 298.12901 35.538834 124895.46 -154496 15497.4 -169994 745.11335 0.99854716
0.572 297.27144 15.996801 124859 -154757 15452.8 -170210 745.5449 0.99883875
0.573 294.59368 -61.571659 124898.61 -154982 15313.6 -170296 746.85211 0.99852195
0.574 296.51825 -3.827079 125052.34 -155049 15413.6 -170462 749.37064 0.99729442
0.575 293.7812 -134.62291 124931.61 -155282 15271.4 -170554 751.16186 0.9982582
0.576 296.87591 -20.434513 124958.81 -155093 15432.2 -170525 753.39842 0.99804092
0.577 289.05692 107.4891 124796.69 -155383 15025.8 -170409 754.20871 0.99933741
0.578 288.77798 15.097489 124534.83 -155520 15011.3 -170531 753.71763 1.0014388
0.579 291.65772 8.3771363 124577.37 -155307 15161 -170468 754.6292 1.0010968
0.58 291.13787 -329.94523 124421.32 -155264 15134 -170398 756.01788 1.0023524
0.581 292.58315 45.181998 124321.63 -154915 15209.1 -170124 756.52777 1.0031561
0.582 296.58909 201.9367 124733.58 -154598 15417.3 -170016 759.62194 0.99984308
0.583 300.37178 178.95875 124951.81 -154233 15614 -169847 761.98041 0.99809679
0.584 298.13421 -173.50491 124915.81 -154259 15497.6 -169757 762.86685 0.99838445
0.585 299.61497 -38.607634 124586.04 -154354 15574.6 -169929 762.89852 1.0010271
0.586 298.3734 -51.414859 124631.37 -154114 15510.1 -169624 763.87717 1.0006631
0.587 296.87963 119.89421 124819.72 -154084 15432.4 -169516 766.93097 0.99915306
0.588 295.4478 -1.462749 124586.9 -154298 15358 -169656 767.34713 1.0010202
0.589 299.41638 280.90124 124531.78 -154541 15564.3 -170105 769.20685 1.0014633
0.59 297.16107 137.01992 124747.18 -154436 15447.1 -169883 772.07395 0.99973407
0.591 301.32572 129.14214 124730.75 -154398 15663.5 -170062 772.54333 0.99986574
0.592 299.60832 266.18529 124883.81 -154589 15574.3 -170163 774.08602 0.99864031
0.593 293.19543 36.064361 124750.17 -154556 15240.9 -169796 776.21678 0.99971012
0.594 300.07461 -154.59419 124740.74 -154898 15598.5 -170497 777.684 0.9997857
0.595 293.07702 -138.88518 124589.33 -154723 15234.8 -169958 778.79659 1.0010007
0.596 291.35685 319.3802 124836.1 -154637 15145.3 -169783 782.23767 0.99902192
0.597 295.57205 211.47763 124704.4 -154743 15364.5 -170107 784.04727 1.000077
0.598 296.84711 -139.20487 124997.78 -154806 15430.7 -170237 787.25206 0.99772972
0.599 295.47643 6.8420549 125124.84 -154711 15359.5 -170071 788.6456 0.99671657
0.6 291.13341 -13.580093 125230.85 -154959 15133.7 -170092 789.645 0.99587285
0.601 299.83571 -69.232584 125169.3 -154759 15586.1 -170345 790.99245 0.99636256
0.602 301.17363 -242.65399 125261.93 -154690 15655.6 -170346 791.64568 0.99562579
0.603 297.48046 -155.06336 125034.28 -154476 15463.7 -169940 791.14638 0.99743851
0.604 302.71649 24.923007 125091.54 -154184 15735.8 -169920 792.27941 0.99698194
0.605 298.30731 -238.52506 125260.91 -154384 15506.6 -169891 794.21616 0.99563389
0.606 292.24157 331.11495 125473.77 -154624 15191.3 -169815 796.50786 0.99394485
0.607 297.27878 16.866208 125603.17 -154650 15453.2 -170103 797.07696 0.99292085
0.608 298.92942 90.465309 125627.88 -154407 15539 -169946 799.96004 0.99272556
0.609 295.10473 -26.843079 125417 -154267 15340.2 -169608 800.32138 0.99439473
0.61 303.55925 130.36984 125584.49 -154450 15779.6 -170230 802.69169 0.99306853
0.611 294.98578 -59.701501 125273.12 -154813 15334 -170147 802.52698 0.99553682
0.612 297.57372 156.0399 125166.91 -154867 15468.5 -170336 802.74512 0.99638154
0.613 295.33165 150.5659 125190.36 -154817 15352 -170169 804.1767 0.99619498
0.614 291.99957 75.950136 125232.78 -154943 15178.7 -170122 805.58246 0.99585749
0.615 298.7453 218.86532 124947.05 -154970 15529.4 -170500 804.7873 0.99813486
0.616 297.16894 102.89614 124758.7 -154764 15447.5 -170211 806.06142 0.99964173
0.617 298.11043 37.804027 124878.25 -155171 15496.4 -170668 807.97207 0.99868474
0.618 290.8175 -15.616947 125117.45 -155590 15117.3 -170708 810.03605 0.99677547
0.619 297.86883 -56.155737 124798.96 -155262 15483.8 -170746 810.22424 0.99931929
0.62 296.80942 20.073587 124939.43 -155009 15428.8 -170438 812.36645 0.99819573
0.621 298.89866 76.109839 124961.5 -155115 15537.4 -170652 815.13878 0.99801943
0.622 297.64838 -37.201842 124738.44 -154813 15472.4 -170286 816.78923 0.99980411
0.623 296.30688 33.445585 124899.2 -154923 15402.6 -170326 818.85851 0.99851721
0.624 295.13677 171.64948 125041.63 -154507 15341.8 -169849 820.5925 0.99737986
0.625 295.59839 407.42082 124931.83 -154564 15365.8 -169930 822.16268 0.99825644
0.626 299.96157 3.200666 125094.67 -154657 15592.6 -170250 823.54982 0.996957
0.627 293.71374 270.7529 125136.9 -154784 15267.9 -170052 824.57424 0.99662056
0.628 296.93858 77.476808 125069.93 -154676 15435.5 -170111 825.71288 0.99715416
0.629 300.78022 -168.61886 125181.55 -154367 15635.2 -170002 826.4018 0.99626508
0.63 303.04172 -23.174511 125115.04 -154152 15752.7 -169905 828.22976 0.99679463
0.631 303.5691 26.076396 125334.77 -154130 15780.2 -169910 831.25565 0.99504714
0.632 301.0805 -143.18484 125044.08 -154300 15650.8 -169951 832.22226 0.99736029
0.633 299.22507 0.38292555 125045.1 -154363 15554.3 -169918 832.88511 0.9973522
0.634 300.22804 20.099593 125280.91 -153916 15606.5 -169522 835.0264 0.99547492
0.635 302.79711 -124.14042 125087.48 -154490 15740 -170230 836.40491 0.99701426
0.636 296.03954 208.23488 124629.93 -154533 15388.8 -169922 835.42053 1.0006745
0.637 296.91584 -61.469632 125014.53 -154555 15434.3 -169990 838.6827 0.9975961
0.638 292.61179 102.88564 125067.9 -155169 15210.6 -170379 839.54294 0.99717039
0.639 294.0159 -29.128122 125104.75 -155113 15283.6 -170396 841.71072 0.99687661
0.64 295.46064 -45.798993 125054.13 -155039 15358.7 -170398 843.13026 0.99728016
0.641 297.12659 -48.870361 125042.67 -154630 15445.3 -170075 844.22142 0.99737156
0.642 298.49104 189.35557 124806.39 -154589 15516.2 -170105 844.94282 0.99925976
0.643 300.14467 297.21344 124930.9 -154115 15602.1 -169717 845.65061 0.99826388
0.644 301.44088 -114.012 125264.24 -154154 15669.5 -169823 848.67472 0.9956074
0.645 303.5413 155.77242 125289.16 -154061 15778.7 -169840 849.88773 0.99540941
0.646 297.14557 57.290017 125393.01 -154371 15446.2 -169817 852.41361 0.99458499
0.647 302.58003 -222.51925 125472.02 -154439 15728.7 -170168 853.46162 0.99395865
0.648 300.71067 212.68192 125258.37 -154607 15631.6 -170238 854.24448 0.99565408
0.649 295.08642 20.519299 125173.75 -154471 15339.2 -169810 855.24771 0.99632714
0.65 297.75149 53.331599 124583.45 -154355 15477.7 -169832 853.84174 1.001048
0.651 296.72937 36.787926 124618.39 -154528 15424.6 -169952 855.68301 1.0007672
0.652 301.26131 -34.529344 124814.49 -154411 15660.2 -170071 857.89863 0.99919491
0.653 296.08007 -109.42228 124643.67 -154398 15390.9 -169789 858.88514 1.0005643
0.654 301.15736 15.216261 124652.97 -154002 15654.8 -169657 858.73707 1.0004896
0.655 297.19981 -119.11337 124859.4 -154289 15449.1 -169738 860.80195 0.99883551
0.656 296.85428 253.64968 124988.19 -154613 15431.1 -170044 862.33436 0.99780626
0.657 298.6635 13.129659 125071.46 -155023 15525.2 -170548 864.73756 0.99714197
0.658 295.89531 167.97208 125146.49 -155021 15381.3 -170402 866.37168 0.99654414
0.659 299.38563 27.571856 125154.87 -154857 15562.7 -170419 868.20688 0.99647747
0.66 296.1909 -16.302474 125163.47 -154333 15396.6 -169730 870.6654 0.996409
0.661 295.19977 -167.47883 125312.57 -153996 15345.1 -169341 873.84263 0.99522339
0.662 305.32502 73.095633 125274.52 -153885 15871.4 -169756 874.5112 0.99552568
0.663 301.30341 82.140614 125364.34 -153997 15662.4 -169660 877.39729 0.99481239
0.664 299.76746 59.844254 125222.29 -154280 15582.5 -169862 879.23528 0.99594096
0.665 294.77792 71.970203 125207.62 -154424 15323.2 -169747 881.52591 0.99605765
0.666 299.39259 -219.42303 124877.89 -154584 15563.1 -170147 882.52577 0.99868764
0.667 298.74818 -308.14794 124915.11 -154789 15529.6 -170318 883.78608 0.99839006
0.668 306.04173 47.886123 125195.28 -154443 15908.7 -170351 886.77079 0.99615581
0.669 299.06378 -228.87139 125213.76 -154646 15546 -170192 887.19978 0.99600879
0.67 291.18039 25.504347 125058.66 -154946 15136.2 -170082 887.25443 0.99724405
0.671 291.55732 -217.09824 124639.77 -155009 15155.8 -170165 885.92612 1.0005956
0.672 292.9547 116.89138 124662.63 -154950 15228.4 -170178 885.99653 1.0004121
0.673 296.6191 48.351989 124899.28 -154879 15418.9 -170298 888.21844 0.99851658
0.674 293.85354 -236.63452 124847 -154885 15275.1 -170160 887.98036 0.9989347
0.675 292.89957 -199.20342 124522 -155033 15225.5 -170259 887.26265 1.0015419
0.676 300.10426 -219.16111 124584.2 -154587 15600 -170187 888.89336 1.0010419
0.677 293.25164 320.91153 124716.66 -154988 15243.8 -170231 891.36902 0.99997871
0.678 295.01639 -87.967299 125093.95 -154822 15335.6 -170157 893.73742 0.99696271
0.679 292.63964 -63.590761 124746.13 -154881 15212 -170093 894.32717 0.99974247
0.68 296.31561 -35.68555 124841.38 -154814 15403.1 -170218 896.02011 0.9989797
0.681 296.90967 194.07985 125058.8 -154504 15434 -169938 897.43647 0.99724289
0.682 303.67964 -112.11228 125360.03 -154096 15785.9 -169882 899.96534 0.99484664
0.683 295.5278 -42.481654 125099.06 -154842 15362.2 -170204 900.58048 0.99692199
0.684 297.41385 -84.600303 125184.04 -154607 15460.2 -170067 903.11671 0.99624524
0.685 302.92439 50.027084 125122.16 -154556 15746.6 -170303 904.07071 0.9967379
0.686 297.70602 -4.391618 124957.86 -154574 15475.4 -170049 904.31745 0.99804851
0.687 299.19393 -157.92949 125187.27 -154526 15552.7 -170079 906.10398 0.99621952
0.688 292.78276 68.772876 125103.01 -155010 15219.5 -170230 907.62961 0.99689054
0.689 298.94736 30.009435 125071.09 -154616 15539.9 -170155 910.12718 0.99714492
0.69 301.09432 -42.062988 124969.97 -154397 15651.5 -170049 910.42725 0.99795174
0.691 298.89178 48.40995 125056.56 -154206 15537 -169743 910.99725 0.99726075
0.692 301.98698 -158.14563 124845.38 -154212 15697.9 -169910 912.00933 0.99894769
0.693 291.35468 -12.583171 125315.52 -154569 15145.2 -169714 915.35798 0.99519998
0.694 301.17842 -120.49154 125227.28 -154143 15655.9 -169799 915.33625 0.99590122
0.695 308.21392 100.55923 125542.12 -153999 16021.6 -170021 919.38171 0.99340369
0.696 306.10969 238.53975 125565.48 -153864 15912.2 -169776 921.07796 0.99321889
0.697 298.28563 -97.938195 125501.77 -153968 15505.5 -169474 921.58114 0.99372307
0.698 302.79998 -56.242547 125513.39 -154147 15740.2 -169887 923.58468 0.99363103
0.699 302.3424 26.706873 125166.06 -153999 15716.4 -169716 923.78203 0.99638833
0.7 296.5579 -265.10537 124765.22 -154390 15415.7 -169806 923.74025 0.99958948
0.701 301.03701 -33.708717 124895.15 -154853 15648.5 -170501 925.59709 0.99854958
0.702 300.70708 -148.01441 125008.23 -154433 15631.4 -170064 927.80963 0.99764635
0.703 299.47997 -75.823481 125024.91 -154475 15567.6 -170042 930.12651 0.99751324
0.704 298.11385 56.710814 125263.22 -154295 15496.6 -169791 933.89089 0.99561552
0.705 298.07917 -91.3645 125407.06 -154527 15494.8 -170021 935.8239 0.99447357
0.706 297.9387 -184.84482 125454.22 -154579 15487.5 -170066 937.73291 0.99409974
0.707 297.60946 21.931627 125006.67 -154860 15470.4 -170330 936.92299 0.99765878
0.708 293.13586 221.58826 124890.05 -154992 15237.8 -170230 937.73354 0.99859035
0.709 299.84149 10.569139 124814.99 -154648 15586.4 -170234 937.61332 0.9991909
0.71 297.3707 78.837958 124866 -154420 15457.9 -169878 938.18905 0.99878274
0.711 296.8643 206.56329 125029.52 -154492 15431.6 -169924 940.87193 0.9974765
0.712 300.81695 -130.1442 125065.18 -154356 15637.1 -169993 941.14248 0.99719204
0.713 293.62844 148.88236 124984.14 -154646 15263.4 -169909 941.10394 0.99783867
0.714 297.89889 122.8621 125140.22 -154543 15485.4 -170028 943.28469 0.99659405
0.715 298.48242 -238.92796 125104.11 -154648 15515.7 -170164 945.2464 0.99688174
0.716 297.31092 376.35058 125378.12 -154471 15454.8 -169926 949.28572 0.9947031
0.717 294.47064 -159.40385 125314.54 -154058 15307.2 -169365 950.76766 0.99520776
0.718 304.06976 76.432727 125456.01 -153521 15806.2 -169327 952.973 0.99408552
0.719 302.74172 13.561709 125117.91 -153154 15737.1 -168891 952.1524 0.9967718
0.72 303.59356 8.7544988 124947.09 -153575 15781.4 -169356 952.07694 0.99813453
0.721 299.27021 59.725638 124909.43 -154109 15556.7 -169666 953.56535 0.99843541
0.722 301.65762 71.997421 124773.93 -154303 15680.8 -169984 954.55242 0.99951974
0.723 302.51049 -240.20626 124725.83 -154437 15725.1 -170162 954.61165 0.99990522
0.724 298.54432 127.87599 124824.32 -154504 15519 -170023 957.09477 0.99911624
0.725 300.41491 -7.7829286 124675.34 -154493 15616.2 -170109 956.92177 1.0003101
0.726 296.37114 111.88812 124688.27 -154526 15406 -169932 957.52043 1.0002064
0.727 302.25837 80.741715 125206.19 -154243 15712 -169955 962.09691 0.99606897
0.728 297.56305 -385.70009 125046.42 -154319 15467.9 -169787 961.91502 0.99734166
0.729 294.53272 -111.93099 125181.69 -154345 15310.4 -169656 964.09135 0.99626396
0.73 301.20958 179.60663 125464.64 -154386 15657.5 -170044 966.42364 0.99401715
0.731 300.56444 -249.62512 125229.74 -154278 15624 -169902 967.29355 0.99588171
0.732 296.94493 42.914076 125110.03 -154386 15435.8 -169822 968.35604 0.99683461
0.733 300.94372 80.044341 125322 -154498 15643.7 -170141 973.31389 0.99514849
0.734 297.32394 -141.50376 125329.98 -154410 15455.5 -169866 974.92931 0.99508515
0.735 295.1602 -80.206129 125214.61 -154682 15343 -170025 976.80175 0.99600202
0.736 298.17645 198.96596 125285.33 -154784 15499.8 -170284 976.51558 0.99543978
0.737 292.99421 124.27445 125341.42 -154787 15230.4 -170017 977.69978 0.99499434
0.738 301.84056 -100.56283 125401.31 -154332 15690.3 -170022 979.97633 0.99451918
0.739 302.41593 -410.47727 125173.02 -154189 15720.2 -169909 979.62605 0.99633293
0.74 305.37464 289.9165 124955.11 -154019 15874 -169893 979.28326 0.99807042
0.741 298.08912 -138.41532 125140.26 -154359 15495.3 -169855 981.83795 0.99659378
0.742 297.85521 17.89452 124758.98 -154481 15483.1 -169964 981.06915 0.9996395
0.743 298.32129 -7.6894112 124793.3 -154365 15507.4 -169873 982.70457 0.99936457
0.744 298.99362 -294.97955 125033.18 -153926 15542.3 -169468 985.86222 0.99744724
0.745 303.3827 -115.43692 125180.04 -153663 15770.5 -169434 988.57893 0.9962771
0.746 304.77995 76.375327 125038.1 -153428 15843.1 -169271 988.3845 0.997408
0.747 306.18567 -77.666505 124746 -153477 15916.2 -169393 987.61353 0.99974349
0.748 296.10998 196.22201 124834.07 -153700 15392.4 -169093 989.2669 0.99903822
0.749 299.9601 318.35458 125338.03 -153552 15592.6 -169144 993.87306 0.99502127
0.75 303.63589 88.381677 125466.41 -154009 15783.6 -169792 996.01759 0.99400309
0.751 299.68237 -3.7024179 125581.71 -154274 15578.1 -169852 998.95897 0.99309052
0.752 296.63142 90.024209 125414.92 -154451 15419.5 -169871 999.18866 0.99441125
0.753 292.44696 -46.983841 125505.46 -154276 15202 -169478 999.89909 0.99369383
0.754 292.13442 -15.61788 125172.92 -154374 15185.8 -169560 999.15788 0.99633371
0.755 298.87233 74.888048 125147.27 -154391 15536 -169927 998.63325 0.99653793
0.756 297.95378 1.9239568 125271.84 -154320 15488.3 -169809 1001.9051 0.995547
0.757 295.7839 117.34014 125070.89 -154490 15375.5 -169866 1002.5807 0.99714654
0.758 294.32455 83.890063 125071.2 -154721 15299.6 -170020 1003.3491 0.99714402
0.759 298.67663 315.56731 125334.19 -154380 15525.8 -169906 1006.1407 0.99505174
0.76 302.05766 293.20281 125233.24 -154024 15701.6 -169725 1006.3854 0.99585381
0.761 298.00645 62.02086 125308.8 -154235 15491 -169726 1008.2572 0.99525339
0.762 300.1582 -201.212 125147.1 -154595 15602.8 -170198 1007.635 0.99653931
0.763 299.85293 -52.314697 125267.25 -154656 15587 -170243 1009.5513 0.99558347
0.764 299.70912 -145.12214 125349.48 -154372 15579.5 -169951 1011.2711 0.99493036
0.765 306.80336 -228.4944 125052.91 -154379 15948.3 -170327 1009.6798 0.99728993
0.766 294.45386 -50.612854 125276.57 -154657 15306.3 -169963 1011.298 0.99550944
0.767 297.42454 -113.14071 125579.06 -154568 15460.7 -170029 1015.0322 0.99311145
0.768 292.86901 163.91189 125363.01 -154928 15223.9 -170152 1015.2769 0.99482298
0.769 296.87497 -258.7051 125185.21 -155146 15432.2 -170578 1015.6978 0.99623595
0.77 299.65675 -89.31662 125143.69 -154782 15576.8 -170359 1017.2148 0.99656646
0.771 296.80153 47.567247 125028.27 -154972 15428.4 -170400 1018.2151 0.99748641
0.772 296.65814 214.39505 125023.86 -154929 15420.9 -170350 1020.8 0.99752158
0.773 300.11191 -297.21355 125274.95 -154701 15600.4 -170301 1023.0658 0.99552226
0.774 299.99815 -62.056527 125333.61 -154450 15594.5 -170045 1025.3893 0.99505632
0.775 302.24811 203.44665 125227.48 -154421 15711.5 -170132 1027.2212 0.99589969
0.776 300.04742 52.341064 125377.07 -154618 15597.1 -170215 1028.8596 0.99471139
0.777 296.51422 -262.95434 125150.23 -154982 15413.4 -170395 1030.0529 0.9965144
0.778 288.37453 13.475623 125413.09 -155097 14990.3 -170087 1033.4602 0.99442575
0.779 297.63616 297.34271 125407.62 -154755 15471.7 -170227 1035.8059 0.99446914
0.78 298.12795 193.44088 125534.54 -154726 15497.3 -170223 1037.6289 0.99346365
0.781 298.64249 -97.714783 125777.02 -154547 15524.1 -170071 1039.5715 0.99154842
0.782 298.29355 -100.01326 125704.86 -154588 15505.9 -170094 1041.266 0.99211761
0.783 289.52976 106.24294 125814.94 -154565 15050.4 -169615 1044.2769 0.99124958
0.784 299.32348 -45.383628 125238.3 -154528 15559.5 -170088 1042.0078 0.99581359
0.785 301.30505 23.551347 125020.93 -154518 15662.5 -170180 1041.5839 0.99754504
0.786 298.08018 -159.39852 124726.95 -154890 15494.8 -170385 1041.2586 0.99989621
0.787 291.61626 -33.767298 124699.79 -155093 15158.8 -170252 1042.9954 1.000114
0.788 297.87591 -104.26947 124606.19 -154447 15484.2 -169931 1044.1133 1.0008652
0.789 298.95781 16.520436 124764.48 -154242 15540.5 -169782 1045.8637 0.9995954
0.79 303.20153 130.14204 124874.63 -154319 15761 -170080 1046.1962 0.9987137
0.791 300.79962 50.408929 125209.87 -154511 15636.2 -170147 1048.7771 0.99603975
0.792 293.31478 -37.909524 125100.42 -154647 15247.1 -169894 1048.891 0.99691118
0.793 294.64621 -139.84881 125181.16 -154855 15316.3 -170171 1050.8097 0.99626812
0.794 295.39361 -147.82639 125206.17 -154767 15355.2 -170122 1052.0956 0.99606912
0.795 290.8366 63.45317 125343.95 -154935 15118.3 -170053 1054.2722 0.99497429
0.796 298.22262 167.79167 125089.84 -154590 15502.2 -170092 1054.0321 0.99699545
0.797 293.62498 -89.531131 125164.11 -154692 15263.2 -169956 1057.8157 0.99640384
0.798 296.40711 -36.958375 124813.82 -154742 15407.9 -170150 1056.2914 0.99920031
0.799 292.46694 -97.417745 124910.82 -154623 15203 -169826 1057.9702 0.99842436
0.8 298.05247 101.25011 125127.72 -154680 15493.4 -170174 1060.2379 0.99669367
0.801 297.40401 155.55022 125104.87 -154997 15459.7 -170457 1061.3195 0.99687573
0.802 294.27124 236.58776 124707.83 -155215 15296.8 -170512 1061.3383 1.0000495
0.803 292.81307 207.53056 125036.27 -154756 15221 -169977 1063.3843 0.99742262
0.804 297.32547 -170.05737 125237.03 -154710 15455.6 -170165 1066.2794 0.99582368
0.805 295.33075 -284.65695 125155.02 -154650 15351.9 -170002 1067.7626 0.99647625
0.806 296.75774 -15.575567 125016.49 -155005 15426.1 -170431 1068.92 0.99758044
0.807 290.79143 -103.01202 125104.35 -154923 15115.9 -170039 1070.2931 0.9968798
0.808 295.15271 -233.02767 125015.68 -154804 15342.7 -170147 1070.2646 0.9975869
0.809 295.98886 304.82953 125206.02 -154654 15386.1 -170041 1073.4561 0.99607032
0.81 295.02361 -182.64355 125240.87 -155041 15335.9 -170377 1075.6682 0.99579317
0.811 297.70241 -78.061045 124869.97 -154507 15475.2 -169982 1075.6194 0.998751
0.812 298.58161 21.660188 124799.04 -154592 15520.9 -170113 1076.0928 0.99931858
0.813 306.53635 3.5778977 124995.1 -154213 15934.4 -170147 1078.6212 0.99775117
0.814 302.38647 -225.32336 125129.75 -154726 15718.7 -170445 1080.87 0.9966775
0.815 293.68175 3.9178462 125191.34 -154947 15266.2 -170214 1082.5595 0.99618711
0.816 298.64341 78.276215 125391.97 -154531 15524.1 -170055 1084.9179 0.99459322
0.817 297.18335 60.926449 125332.21 -154268 15448.2 -169716 1085.7197 0.99506745
0.818 298.48346 -100.83084 125040.29 -154400 15515.8 -169916 1086.1553 0.99739059
0.819 296.58614 -182.9039 124901.73 -154513 15417.2 -169930 1087.2678 0.99849698
0.82 296.27667 114.64653 124901.18 -154775 15401.1 -170177 1089.0498 0.99850138
0.821 293.93049 18.876779 124463.16 -154812 15279.1 -170092 1088.3251 1.0020154
0.822 303.76307 190.0171 124710.88 -154305 15790.2 -170095 1091.8132 1.000025
0.823 302.4458 83.47138 124712.64 -154281 15721.8 -170003 1093.581 1.0000109
0.824 299.4292 118.72189 124542.93 -154275 15565 -169840 1095.7754 1.0013736
0.825 301.30013 120.9679 125019.72 -154188 15662.2 -169850 1101.9239 0.99755463
0.826 294.77382 -246.17192 125238.13 -154136 15323 -169459 1105.5911 0.99581498
0.827 303.10732 -36.103106 125294.17 -153866 15756.2 -169622 1107.8433 0.99536956
0.828 302.55045 51.730203 125030.92 -154548 15727.2 -170275 1108.163 0.99746533
0.829 297.0059 -242.50537 125133.12 -154340 15439 -169779 1110.6901 0.99665065
0.83 298.06698 -35.488138 125448.35 -154553 15494.1 -170047 1112.8942 0.99414623
0.831 298.14693 -207.66752 125455.6 -154617 15498.3 -170115 1114.7576 0.99408874
0.832 300.26055 102.33646 125254.42 -154547 15608.2 -170155 1113.7253 0.99568545
0.833 300.60582 -248.68085 124925.64 -154654 15626.1 -170281 1113.416 0.99830587
0.834 300.55786 218.53389 125256.59 -154315 15623.6 -169938 1117.3089 0.99566823
0.835 295.32181 -79.841189 125159.88 -154666 15351.4 -170017 1118.5617 0.99643757
0.836 293.76019 295.72022 125400.35 -154723 15270.3 -169994 1121.8136 0.99452677
0.837 296.24495 -91.340418 125078.98 -154502 15399.4 -169902 1122.6687 0.99708204
0.838 295.94327 -63.697065 124630.87 -154546 15383.7 -169930 1121.3641 1.000667
0.839 294.58579 157.65433 124840.93 -154176 15313.2 -169489 1123.2279 0.99898333
0.84 295.73361 276.05924 125100.24 -154418 15372.8 -169790 1124.9002 0.9969126
0.841 295.82105 -37.944653 125102.26 -154359 15377.4 -169736 1127.1999 0.9968965
0.842 296.31835 77.623447 125568.8 -154571 15403.2 -169974 1130.305 0.99319262
0.843 298.44383 83.037546 125329.4 -154293 15513.7 -169807 1129.2505 0.99508973
0.844 294.10244 199.16154 125330.33 -154645 15288.1 -169933 1130.0883 0.99508239
0.845 296.16197 -24.45703 125012.63 -154985 15395.1 -170380 1129.7317 0.99761124
0.846 297.07006 -174.42707 125102.7 -155061 15442.3 -170503 1130.1631 0.99689298
0.847 294.27446 143.17176 125175.08 -155126 15297 -170423 1129.6898 0.99631656
0.848 292.40508 -27.588572 125022 -154949 15199.8 -170149 1129.5335 0.99753649
0.849 297.74168 22.145784 125062.62 -154881 15477.2 -170358 1131.6221 0.99721243
0.85 302.32632 -96.813382 125247.56 -154581 15715.6 -170297 1134.2077 0.99574002
0.851 294.62514 -82.256257 125196.11 -154609 15315.2 -169925 1134.8667 0.99614918
0.852 297.90474 -182.0064 125087.6 -154670 15485.7 -170156 1135.3597 0.99701332
0.853 286.94991 205.65081 125071.85 -154840 14916.3 -169756 1138.1432 0.99713887
0.854 291.09436 -57.456708 125411.52 -154638 15131.7 -169770 1140.9881 0.9944382
0.855 298.16682 74.277823 125347.14 -154402 15499.3 -169901 1141.6157 0.99494897
0.856 298.94648 118.22252 125720.41 -154209 15539.9 -169748 1145.4803 0.99199486
0.857 301.67112 -160.47928 125440.17 -154518 15681.5 -170200 1145.9305 0.99421106
0.858 299.08819 -73.323584 125370.63 -154556 15547.2 -170103 1147.2263 0.99476254
0.859 302.41552 114.52127 125400.2 -154069 15720.2 -169790 1148.7072 0.99452795
0.86 301.74829 -114.41051 125358.53 -154272 15685.5 -169958 1148.0678 0.99485854
0.861 296.85505 -197.05308 125225.64 -154177 15431.1 -169608 1149.2123 0.99591427
0.862 298.15047 118.84021 125183.08 -154068 15498.5 -169566 1150.5114 0.9962529
0.863 299.64417 79.6807 125186.87 -154268 15576.1 -169844 1153.2885 0.99622272
0.864 298.16582 -35.735221 125369.41 -154344 15499.3 -169843 1155.8542 0.9947722
0.865 295.17534 138.33246 125509.39 -154304 15343.8 -169648 1158.222 0.99366272
0.866 304.27783 -101.77071 125606.1 -153966 15817 -169783 1159.7562 0.99289768
0.867 299.74031 189.44291 125563.66 -153811 15581.1 -169392 1159.5112 0.99323324
0.868 298.13651 -212.65384 125185.94 -154244 15497.8 -169741 1158.6354 0.99623016
0.869 305.81816 135.07689 125149.8 -154080 15897.1 -169977 1161.4104 0.99651776
0.87 300.60779 208.83006 125077.76 -154235 15626.2 -169861 1162.1065 0.99709177
0.871 294.70201 -110.43854 125024.54 -154497 15319.2 -169817 1163.1985 0.99751616
0.872 293.94962 184.69154 125253.67 -154445 15280.1 -169725 1165.4137 0.99569144
0.873 300.16086 114.81591 125352.44 -154477 15603 -170080 1168.0751 0.99490685
0.874 296.43427 47.198926 124927.87 -154574 15409.3 -169983 1165.9352 0.99828809
0.875 293.03093 -94.132992 124779.89 -154579 15232.4 -169811 1165.7839 0.99947199
0.876 291.87163 -40.868861 124958.44 -154602 15172.1 -169774 1168.9615 0.99804383
0.877 294.77823 -22.824299 124812.6 -154641 15323.2 -169964 1169.2775 0.99921004
0.878 303.31338 319.38358 125165.2 -154441 15766.9 -170208 1173.6575 0.99639516
0.879 295.42199 7.4774618 125249.48 -154508 15356.7 -169865 1176.4954 0.99572471
0.88 297.73885 59.018412 125134.21 -154621 15477.1 -170098 1176.9232 0.99664195
0.881 297.5994 19.314941 124966.58 -154284 15469.8 -169754 1177.0838 0.99797887
0.882 298.95742 -125.12319 124753.5 -154198 15540.4 -169738 1177.0443 0.99968341
0.883 300.02533 198.28545 124824.1 -154493 15595.9 -170089 1178.2238 0.999118
0.884 289.70405 -131.12758 124645.71 -155040 15059.4 -170099 1178.5378 1.0005479
0.885 295.82825 100.76114 124518.42 -154498 15377.8 -169876 1177.7014 1.0015707
0.886 295.41295 -121.9071 124942.59 -154134 15356.2 -169490 1181.632 0.99817044
0.887 305.13044 -34.084785 124731.02 -154030 15861.3 -169891 1180.9469 0.99986354
0.888 308.01706 -48.07141 124882.74 -153774 16011.4 -169785 1183.0668 0.99864887
0.889 300.63455 0.62181982 124971.59 -154019 15627.6 -169647 1185.1429 0.99793882
0.89 305.8049 96.813172 124957.4 -154006 15896.4 -169902 1187.1313 0.99805215
0.891 298.3269 -42.002563 124872.84 -154571 15507.7 -170079 1188.1554 0.99872798
0.892 302.35018 101.86945 124736.64 -154747 15716.8 -170464 1187.929 0.99981853
0.893 298.38983 -47.364339 124820.49 -154815 15510.9 -170326 1188.7776 0.99914688
0.894 293.68331 -97.857632 124700.68 -154951 15266.3 -170217 1188.7021 1.0001069
0.895 294.77204 138.58903 124531.75 -155255 15322.9 -170577 1188.9413 1.0014635
0.896 292.4746 75.409054 124710.58 -155533 15203.4 -170737 1191.1322 1.0000275
0.897 287.69552 224.67184 124662.57 -155321 14955 -170276 1191.0121 1.0004126
0.898 295.62507 91.006216 125026.72 -155057 15367.2 -170424 1192.1445 0.99749882
0.899 289.69301 -163.1525 124851.93 -155333 15058.8 -170392 1191.6466 0.99889526
0.9 295.74358 220.51754 125061.53 -154874 15373.4 -170248 1194.9564 0.99722116
0.901 293.75747 130.46587 125030.02 -154925 15270.1 -170195 1195.2979 0.99747251
0.902 296.61448 -335.0964 125190.9 -155016 15418.6 -170435 1197.2189 0.99619061
0.903 293.45052 197.24153 125300.23 -155090 15254.2 -170344 1199.952 0.99532144
0.904 290.87892 -69.749495 125166.98 -155014 15120.5 -170134 1200.2607 0.99638099
0.905 292.94308 59.693374 125220.39 -154883 15227.8 -170111 1201.82 0.99595605
0.906 301.94934 4.5615656 125061.42 -154338 15696 -170034 1201.3119 0.99722204
0.907 292.67369 -66.155027 124972.76 -154312 15213.8 -169526 1201.4999 0.99792948
0.908 295.05316 -86.269508 124810.52 -154431 15337.5 -169769 1202.7972 0.99922673
0.909 292.65952 13.840582 124544.84 -155022 15213.1 -170235 1201.1846 1.0013582
0.91 288.93086 184.37478 124321.6 -155141 15019.2 -170160 1200.7863 1.0031564
0.911 300.8695 -94.477414 124530.17 -155050 15639.8 -170690 1204.0205 1.0014762
0.912 291.03465 -0.52747177 124694.55 -154757 15128.6 -169886 1205.1229 1.000156
0.913 301.96533 -13.135562 124883.99 -154190 15696.8 -169886 1209.6771 0.99863886
0.914 304.97714 -51.601206 125085.71 -154138 15853.3 -169991 1213.3095 0.99702835
0.915 304.68863 -310.73719 124984.01 -154278 15838.3 -170117 1213.0862 0.99783966
0.916 301.9494 -86.022449 125076.61 -154487 15696 -170183 1215.4135 0.9971009
0.917 299.48022 -110.08029 124815.8 -155008 15567.6 -170575 1214.5617 0.99918441
0.918 297.24769 8.0746037 124562.34 -154810 15451.6 -170261 1214.158 1.0012176
0.919 295.25113 -3.667635 124613.36 -154746 15347.8 -170094 1215.8027 1.0008077
0.92 294.35152 272.16415 124760.46 -154705 15301 -170006 1216.6489 0.99962761
0.921 290.87624 -206.86066 124699.22 -154998 15120.4 -170119 1217.5344 1.0001185
0.922 298.00787 436.44151 124943.33 -154652 15491.1 -170143 1219.9192 0.99816452
0.923 305.41342 45.873521 125047.22 -154226 15876 -170102 1222.1572 0.99733527
0.924 296.98576 -106.34187 125052.86 -154178 15437.9 -169616 1223.3974 0.99729027
0.925 302.1187 -85.964313 125175.75 -154362 15704.8 -170067 1225.9464 0.99631123
0.926 299.87824 -29.93268 124839.74 -154216 15588.3 -169804 1224.3048 0.99899285
0.927 300.10245 35.717913 124984.75 -154238 15600 -169838 1225.5443 0.99783376
0.928 293.07108 346.48731 125012.61 -154479 15234.4 -169713 1226.0218 0.99761141
0.929 302.4338 137.4717 125249.58 -154312 15721.1 -170033 1228.9002 0.99572396
0.93 302.06931 -89.767587 125382.89 -154502 15702.2 -170204 1231.3611 0.99466528
0.931 299.59822 9.2678508 125408.73 -154121 15573.7 -169695 1232.2821 0.99446031
0.932 303.35645 51.532692 125679.61 -154140 15769.1 -169909 1234.7257 0.99231694
0.933 298.37823 203.48116 125754.68 -154253 15510.3 -169763 1236.8736 0.99172453
0.934 299.84522 -10.408829 125536.14 -154475 15586.6 -170062 1237.1795 0.99345097
0.935 291.90751 -27.783471 124997.31 -154766 15174 -169940 1235.214 0.9977335
0.936 291.82139 -195.64888 125017.64 -155112 15169.5 -170282 1236.591 0.99757128
0.937 294.1427 -104.44337 124742.45 -154862 15290.2 -170152 1235.7847 0.99977198
0.938 294.87226 -138.18202 124461.78 -154701 15328.1 -170029 1233.9954 1.0020265
0.939 295.51398 231.67943 124495.55 -154570 15361.4 -169931 1234.0807 1.0017547
0.94 298.72716 322.16703 124493.06 -154672 15528.5 -170201 1235.716 1.0017748
0.941 301.06445 236.68749 124686.75 -154650 15650 -170300 1239.3492 1.0002186
0.942 299.13409 -321.87514 124759.96 -154679 15549.6 -170229 1240.8122 0.99963162
0.943 298.77937 -184.92136 124525.22 -154404 15531.2 -169935 1240.6973 1.001516
0.944 303.87576 -32.343947 124465.78 -154379 15796.1 -170175 1243.0245 1.0019943
0.945 301.30431 18.73397 124534.66 -154064 15662.4 -169726 1244.9885 1.0014401
0.946 303.77527 -112.75501 124734.04 -154296 15790.9 -170086 1248.0734 0.9998394
0.947 296.02577 138.33257 124623.95 -154493 15388 -169881 1248.7679 1.0007226
0.948 295.64774 158.08163 125002.83 -154447 15368.4 -169815 1252.8966 0.99768947
0.949 298.75743 -25.375321 124860.49 -154275 15530 -169805 1252.8864 0.99882683
0.95 301.46876 -197.23049 124612.25 -154089 15671 -169760 1250.7108 1.0008166
0.951 297.23164 224.38571 124916.73 -154011 15450.7 -169462 1254.7042 0.99837714
0.952 299.84413 -3.6104285 125179.17 -154106 15586.5 -169693 1257.0885 0.99628399
0.953 304.04614 121.04489 125090.44 -153618 15805 -169423 1258.0353 0.99699069
0.954 303.57177 25.813029 124978.3 -153901 15780.3 -169681 1258.9904 0.99788523
0.955 303.43943 -86.333742 124992.89 -154014 15773.4 -169787 1261.0529 0.99776878
0.956 302.78903 141.78895 124860.86 -154112 15739.6 -169851 1261.8704 0.9988238
0.957 298.32789 2.3107703 125043.43 -154434 15507.7 -169942 1263.9526 0.99736548
0.958 295.57885 -121.62826 124917.84 -154732 15364.8 -170097 1265.0882 0.99836821
0.959 301.34798 -111.36694 124906.6 -154508 15664.7 -170173 1265.7751 0.99845807
0.96 295.14633 -170.41481 124757.85 -154911 15342.3 -170253 1266.4302 0.99964853
0.961 294.63352 141.20932 125132.69 -154500 15315.7 -169816 1270.8203 0.99665407
0.962 295.72187 -21.978061 125350.25 -154739 15372.2 -170111 1273.601 0.99492428
0.963 302.35531 -58.824391 125041.81 -154471 15717.1 -170188 1273.1191 0.99737841
0.964 302.10522 -350.49232 125067.6 -154411 15704.1 -170115 1274.425 0.99717274
0.965 296.1042 -21.329121 124843.16 -154626 15392.1 -170018 1273.9429 0.99896542
0.966 298.24486 135.67153 124983.64 -154615 15503.4 -170119 1275.6578 0.99784259
0.967 297.60173 -56.223402 124890.93 -155160 15470 -170630 1275.6144 0.99858339
0.968 288.25449 29.507903 125001.98 -155355 14984.1 -170339 1277.6146 0.99769623
0.969 294.90601 136.07243 125281.09 -154951 15329.8 -170281 1281.5121 0.99547349
0.97 295.50782 176.82777 125463.71 -154919 15361.1 -170280 1282.2004 0.99402451
0.971 294.91315 -37.799828 125398.2 -154929 15330.2 -170259 1284.3516 0.99454381
0.972 294.49835 118.55897 125283.76 -155019 15308.6 -170328 1285.1594 0.99545227
0.973 295.63863 82.253764 125510.92 -154987 15367.9 -170354 1287.4454 0.99365058
0.974 295.41938 -70.759639 125327.49 -154992 15356.5 -170348 1287.8155 0.99510497
0.975 299.70887 -11.007326 125465.24 -154488 15579.5 -170067 1289.6865 0.99401242
0.976 293.46599 28.347519 125715.48 -154849 15255 -170104 1291.5078 0.99203375
0.977 295.93891 62.154701 125448 -154488 15383.5 -169872 1291.7628 0.99414901
0.978 298.1652 -21.457093 125534.67 -154314 15499.2 -169813 1293.2371 0.99346264
0.979 302.2642 -59.232423 125373.13 -154087 15712.3 -169799 1293.4534 0.99474264
0.98 301.1588 172.4043 125145.65 -154274 15654.9 -169929 1292.21 0.99655084
0.981 295.82217 16.675882 124950.88 -154733 15377.5 -170111 1292.6031 0.99810427
0.982 299.75009 64.039917 124973.43 -154548 15581.6 -170129 1295.1924 0.99792411
0.983 294.84758 -187.8501 124783.36 -154679 15326.8 -170006 1295.7233 0.99944422
0.984 292.7641 88.03935 124812.3 -154825 15218.5 -170043 1297.3433 0.99921243
0.985 294.6324 -163.30867 125138.51 -154830 15315.6 -170146 1300.7948 0.9966077
0.986 297.35611 -16.649995 124997.95 -154895 15457.2 -170352 1300.3591 0.99772842
0.987 291.08954 -144.69151 124887.06 -155216 15131.4 -170348 1300.7425 0.99861433
0.988 291.1413 55.760512 125209.67 -155004 15134.1 -170138 1303.4547 0.99604131
0.989 297.77178 165.31802 125522.86 -154950 15478.8 -170429 1308.4928 0.9935561
0.99 294.73561 -168.47158 125297.4 -155147 15321 -170468 1307.0544 0.99534391
0.991 297.62251 192.23055 125384.3 -154724 15471 -170195 1309.0449 0.99465409
0.992 292.07105 -181.51818 125338.6 -154641 15182.5 -169823 1308.8764 0.99501675
0.993 297.51027 -254.69178 125205.64 -154335 15465.2 -169800 1310.2213 0.99607333
0.994 297.92994 64.886518 125312.14 -154131 15487 -169618 1313.7085 0.9952268
0.995 306.29485 104.04756 125774.47 -153386 15921.8 -169308 1318.3957 0.99156851
0.996 302.22872 102.70255 125489.97 -153475 15710.5 -169185 1317.5046 0.9938165
0.997 303.92345 83.865012 125228.66 -153639 15798.6 -169438 1317.0266 0.9958903
0.998 303.72598 50.824918 125091.03 -153812 15788.3 -169600 1316.5975 0.99698595
0.999 300.64669 -9.1691524 124895.46 -154206 15628.2 -169834 1317.215 0.99854717
1 298.9159 -125.61985 124766.62 -154350 15538.3 -169888 1317.9113 0.9995783
1.001 309.14651 587.36783 125166.62 -153967 16070.1 -170037 1321.1032 0.99638388
1.002 295.51868 -184.75754 125441.06 -153951 15361.7 -169313 1324.6766 0.994204
1.003 301.68034 25.390053 125266.32 -153772 15682 -169454 1325.1574 0.99559085
1.004 300.02999 -311.79648 124981.78 -154034 15596.2 -169630 1325.0699 0.99785748
1.005 304.31102 -300.11998 125129.91 -153603 15818.7 -169422 1326.4848 0.99667622
