1600    214.23586   -9.0224787    131500.55   -44356.817    2615.0523   -46971.869   0.10220786 
3600    211.65734   -52.497667     131535.3   -44379.832    2583.5778    -46963.41  0.099014263 
5600    218.69285   -21.592913     131593.3   -44262.126    2669.4561   -46931.582   0.09727237 
7600    215.68016   -47.003324    131583.68   -44253.489     2632.682   -46886.171  0.098876348 
9600    221.79664   -103.76129    131676.67    -44218.87    2707.3423   -46926.212  0.097111444 
11600    217.34135   -112.67282    131648.61    -44261.43    2652.9592    -46914.39  0.097891107 
13600    219.41063    62.275548    131434.22   -44264.332    2678.2177    -46942.55   0.10110701 
15600    212.17336    200.41945     131260.2   -44397.144    2589.8766   -46987.021   0.10288728 
17600    212.05859    134.79687    131340.31   -44354.752    2588.4756   -46943.227   0.10071495 
19600    213.53063     56.07771    131422.89   -44361.843    2606.4439   -46968.287    0.1008912 
21600    218.62381    34.074536    131476.54   -44309.198    2668.6134   -46977.812   0.09785547 
23600    213.42075   -12.159781    131502.47   -44292.209    2605.1027   -46897.312   0.10441033 
25600    219.06525    -145.4958    131673.71   -44302.515    2674.0018   -46976.516  0.094922394 
27600    213.68423   -252.16017    131766.36   -44296.066    2608.3188   -46904.385   0.10514947 
29600    210.39892   -204.76852    131725.81   -44339.028     2568.217   -46907.245   0.10123437 
31600    214.72217   -105.21633    131650.24   -44295.198    2620.9883   -46916.187   0.10067841 
33600    218.33729   -28.528894    131559.44   -44179.343    2665.1161   -46844.459   0.10800815 
35600     213.6926   -1.5102525    131510.88   -44290.937    2608.4211   -46899.359   0.10387552 
37600    215.56189    52.268608    131454.01   -44304.596    2631.2383   -46935.834   0.10189819 
39600     213.7677     144.7341       131288   -44395.114    2609.3377   -47004.451  0.099486585 
41600    208.87472    256.20068    131200.79   -44366.558     2549.612    -46916.17   0.10125308 
43600    213.25759    169.40064     131294.4   -44382.681    2603.1111   -46985.792  0.098257009 
45600    205.39242    12.106012    131457.66   -44381.149    2507.1055   -46888.254   0.10225593 
47600    217.42185   -88.445825    131610.98   -44241.898    2653.9418    -46895.84   0.10563636 
49600    213.18114   -174.42576    131712.14   -44251.363    2602.1779   -46853.541   0.10649935 
51600    218.18124    -216.5152    131790.98   -44239.073    2663.2112   -46902.284   0.10252585 
53600    217.36917   -290.65764    131870.91   -44266.617    2653.2988   -46919.916   0.10008089 
55600    214.08042   -82.736043    131619.97   -44292.104    2613.1549   -46905.259   0.10150229 
57600    217.99576     56.54236    131458.27   -44269.746    2660.9472   -46930.694  0.099317856 
59600    214.12003    73.933615    131408.21   -44297.978    2613.6384   -46911.617   0.10126995 
61600    213.34976    175.30085    131307.37   -44251.362    2604.2362   -46855.598    0.1050234 
63600     221.2444    330.38058    131152.77   -44180.028    2700.6014   -46880.629   0.10839478 
65600    211.78017    220.22552    131246.44   -44290.017    2585.0772   -46875.094   0.10784194 
67600     212.3727   -19.790688    131502.99   -44302.715    2592.3098   -46895.024   0.10821191 
69600    215.54928   -62.609444     131578.7   -44314.895    2631.0844    -46945.98   0.10502691 
71600    214.84279   -167.62038    131696.87   -44261.007    2622.4607   -46883.468   0.10252874 
73600    212.66695   -182.59273     131689.6   -44324.056    2595.9015   -46919.957   0.10134986 
75600    215.26466   -8.7317539    131515.81   -44286.224    2627.6103   -46913.834   0.10093562 
77600    217.52034    135.24121    131350.95   -44291.462     2655.144   -46946.606   0.10226728 
79600    212.78464    53.677003    131389.84   -44265.145    2597.3381   -46862.483   0.10904136 
81600    219.55815     18.81494    131505.71   -44217.899    2680.0183   -46897.918    0.1059383 
83600    213.44827   -41.853248    131527.33   -44318.316    2605.4387   -46923.754   0.10249907 
85600    215.95588   -1.6821312    131537.72   -44247.434    2636.0476   -46883.481   0.10032668 
87600    216.27678   -59.073433    131571.21   -44257.098    2639.9646   -46897.062   0.10395652 
89600    217.30004   -75.586697    131551.52   -44247.308     2652.455   -46899.763   0.10313808 
91600    213.34994    10.583547    131465.13   -44328.993    2604.2384   -46933.232  0.098759865 
93600    213.77375    208.46148    131245.37   -44261.989    2609.4116     -46871.4   0.10263128 
95600    216.41961    226.30706    131212.34   -44331.841    2641.7081   -46973.549  0.099738509 
97600     214.9001    87.412278    131392.44   -44301.117    2623.1603   -46924.278   0.10426954 
99600    213.99711    23.794174    131420.47   -44375.184     2612.138   -46987.322   0.10171925 
101600    214.86758   -13.619629    131479.12   -44296.913    2622.7633   -46919.676   0.10658089 
103600    215.47279   -215.80773    131730.27   -44258.191    2630.1508   -46888.342    0.1047316 
105600    214.57157   -339.55246    131887.81   -44285.802    2619.1501   -46904.952    0.1026742 
107600    214.60518   -222.74462    131720.95   -44228.751    2619.5603   -46848.311   0.10565357 
109600     216.0952   -138.51449    131643.98   -44236.233    2637.7482   -46873.981   0.10543547 
111600    215.04456    -58.85819    131530.67   -44361.421    2624.9236   -46986.345   0.10165401 
113600     210.8347    94.432431    131367.24    -44324.27    2573.5363   -46897.806   0.10746584 
115600    214.92419    294.39136    131173.61   -44266.489    2623.4543   -46889.944   0.10737796 
117600    210.00578    238.32806    131207.26   -44296.719    2563.4182   -46860.137   0.10952277 
119600    212.13792    134.53432    131380.21   -44352.844    2589.4439   -46942.288   0.10273871 
121600    212.91921    32.009948    131439.65   -44346.153    2598.9807   -46945.134    0.1010021 
123600    214.10436   -28.287085    131531.38   -44294.946    2613.4471   -46908.393   0.10294816 
125600    210.31699   -206.90247    131714.03   -44358.257    2567.2169   -46925.474  0.097791164 
127600    214.17865   -322.73811    131871.24   -44353.211     2614.354   -46967.565  0.096173975 
129600    214.18775   -232.92592    131730.66   -44371.728    2614.4651   -46986.193   0.09835702 
131600    213.86708   -98.018087    131613.07   -44368.275    2610.5508   -46978.826  0.097827055 
133600    214.35004   -29.924786    131584.26   -44249.518    2616.4461   -46865.964   0.10020743 
135600    211.94564    4.5137371    131495.73   -44309.542    2587.0969   -46896.639   0.10432288 
137600    217.94947    68.415564    131464.19   -44314.009    2660.3821   -46974.391    0.1019003 
139600    213.69994    88.792024    131422.65   -44295.067    2608.5106   -46903.578   0.10190845 
141600    215.18525    137.48199    131364.92   -44267.275    2626.6409   -46893.916   0.10442315 
143600    216.09272    113.58711    131385.81    -44300.59    2637.7179   -46938.308  0.099530826 
145600    217.64746   -9.7385459    131560.19    -44312.68    2656.6957   -46969.376  0.097650598 
147600    216.20016    -206.3277    131723.14    -44282.98    2639.0294    -46922.01   0.10173239 
149600    211.38127   -170.68828     131676.6   -44350.665     2580.208   -46930.873   0.10169048 
151600     217.5195   -102.12499    131638.05    -44226.76    2655.1338   -46881.893   0.10335419 
153600    220.57824   -69.396658    131608.04   -44275.447      2692.47   -46967.917  0.098389904 
155600    212.83122   -44.624644    131565.58   -44288.308    2597.9066   -46886.214  0.099896888 
157600    214.48769    58.043371    131405.79   -44376.881    2618.1262   -46995.008  0.098301988 
159600     215.8077    269.60548    131232.57   -44299.942    2634.2388   -46934.181  0.098091613 
161600    214.06663    283.35151    131176.08   -44352.931    2612.9866   -46965.918  0.097576332 
163600    215.51333    189.56928    131282.28   -44313.907    2630.6455   -46944.553  0.099217664 
165600    216.79831    118.24695    131386.38   -44297.568    2646.3306   -46943.899  0.098082436 
167600    215.33036    30.502364    131453.91   -44329.773    2628.4122   -46958.185  0.098388048 
169600    215.71863     26.40991    131469.86   -44365.531    2633.1516   -46998.683  0.098522269 
171600    210.51356     13.56601    131437.77   -44372.651    2569.6164   -46942.268   0.10016826 
173600    214.74648    96.757886    131371.11   -44337.819    2621.2851   -46959.104   0.10378518 
175600    214.07513    162.50028    131324.27   -44324.927    2613.0903   -46938.017   0.10113883 
177600    211.53502    69.746192    131388.42    -44350.87    2582.0847   -46932.955   0.10755575 
179600    214.82237   -57.808783    131583.84   -44289.316    2622.2115   -46911.527   0.10452267 
181600    213.45221   -186.15124    131713.52   -44320.976    2605.4867   -46926.463   0.10338287 
183600    215.18724   -162.33858    131675.05   -44283.055    2626.6652    -46909.72   0.10672684 
185600    211.56523   -96.838588    131586.28   -44357.859    2582.4534   -46940.312  0.099707252 
187600    214.12305   -40.131228    131554.46   -44324.508    2613.6753   -46938.184   0.10431237 
189600    217.12489    38.417225    131456.63   -44279.235     2650.317   -46929.552   0.10176397 
191600    214.91387    121.83936    131350.21   -44279.586    2623.3283   -46902.914   0.10580028 
193600    210.51544    204.81267    131266.23   -44281.642    2569.6393   -46851.282    0.1091435 
195600    214.41186    224.87624    131279.41   -44293.039    2617.2006    -46910.24    0.1038113 
197600    214.79312    70.568396     131452.1   -44304.094    2621.8544   -46925.948    0.1067871 
199600     214.3014   -67.598499    131594.14    -44305.06    2615.8523   -46920.913  0.098816542 
