94000    207.83013     32.37429    133893.76   -42041.374     2585.802   -44627.176    41.848348   0.93278053 
96000    206.51831    236.07151    133775.67   -42063.893    2569.4803   -44633.373    41.886055   0.93360392 
98000    203.77474   -206.80475    134157.81   -42083.343    2535.3451   -44618.688    42.238791   0.93094462 
100000    201.86092    -121.2327    134635.91   -42134.326    2511.5336   -44645.859    42.455672   0.92763881 
102000    204.25119   -20.177054    134459.42   -42151.267    2541.2732    -44692.54    42.823718    0.9288564 
104000    204.72113   -106.11193    134233.48   -42081.084    2547.1201   -44628.204    42.527099   0.93041981 
106000    204.09841    35.837887    134555.27   -42178.382    2539.3723   -44717.754    42.750197    0.9281947 
108000     203.0663   -46.928749    134865.56   -42190.131    2526.5308   -44716.662    43.060931   0.92605919 
110000    204.74013    129.06936    134662.77   -42185.018    2547.3564   -44732.374    43.066825   0.92745372 
112000    199.93221     89.72829     134479.7   -42269.586    2487.5367   -44757.122    42.994385   0.92871633 
114000    199.35605   -207.32529    134770.61   -42261.914    2480.3682   -44742.282     43.34213   0.92671162 
116000    207.85424   -52.643579    134597.72   -42162.971    2586.1019   -44749.073     43.12652   0.92790198 
118000    207.30138   -285.81249    134959.05   -42150.739    2579.2233   -44729.962    43.520831   0.92541769 
120000    201.02096   -172.04429    134890.11    -42250.52    2501.0829   -44751.603    43.596507   0.92589063 
122000     204.7093   -44.987125    134795.44    -42226.53    2546.9728   -44773.502    43.532959   0.92654091 
124000    203.36525   -68.064041    134819.44   -42242.697    2530.2504   -44772.948     43.67977   0.92637596 
126000    206.54838   -297.58624    134941.74   -42249.246    2569.8545     -44819.1    43.887496   0.92553642 
128000    200.27834   -404.04701    135031.49   -42288.855    2491.8433   -44780.699    43.967857   0.92492121 
130000    207.01456   -22.795546    134919.42   -42224.076    2575.6547    -44799.73    43.833917   0.92568952 
132000    212.21034   -19.962727    134836.01   -42209.288    2640.3001   -44849.588    44.013533   0.92626214 
134000    206.02381     5.682029    134932.72   -42207.262    2563.3279    -44770.59    44.237987   0.92559829 
136000    208.12382   -180.68113    135100.74   -42205.835     2589.456   -44795.291    44.111837   0.92444712 
138000    207.61707   -163.39858    135142.05   -42187.414    2583.1511   -44770.565    44.332686   0.92416452 
140000    208.14948    284.01114    134563.22   -42174.763    2589.7752   -44764.538    44.057222    0.9281399 
142000     204.9977    388.81878    134625.86   -42294.544    2550.5611   -44845.106     44.26651   0.92770802 
144000    205.63809    158.61461    134699.73   -42322.841    2558.5288    -44881.37    44.277555   0.92719927 
146000    206.12431    48.677214    134728.39   -42273.092    2564.5782    -44837.67    44.461677   0.92700206 
148000    203.05279    194.19168    134546.51    -42295.84    2526.3627   -44822.203    44.455164   0.92825519 
150000    207.51496   -16.520284    134815.69   -42349.773    2581.8806   -44931.654    44.835107   0.92640172 
152000    206.03087   -284.77219    134993.79   -42266.129    2563.4157   -44829.544      44.9765   0.92517954 
154000    205.85075    309.87667    134329.29   -42173.167    2561.1747   -44734.342     44.70529   0.92975621 
156000    205.16112    103.51578    134637.87   -42191.971    2552.5943   -44744.565    45.105059   0.92762525 
158000    204.47866    350.92025    134234.74   -42182.465    2544.1032   -44726.568    45.129784   0.93041108 
160000    205.80935    8.8614525    134502.23   -42210.394    2560.6596   -44771.053    45.520232   0.92856076 
162000    202.96148    161.00855    134518.29    -42262.34    2525.2266   -44787.566     45.49073   0.92844987 
164000    206.82829    122.95795    134541.55   -42122.425    2573.3371   -44695.762    45.603433   0.92828936 
166000     206.1543    88.156046    134612.59   -42233.978    2564.9514    -44798.93    45.620744   0.92779946 
168000    210.38507   -292.36928    135076.65   -42245.831    2617.5902   -44863.422    45.897672   0.92461201 
170000    210.33471    -71.47656     135059.2   -42194.018    2616.9636   -44810.982    46.107091   0.92473143 
172000    210.40933    111.62634     134607.1   -42236.927     2617.892   -44854.819    46.036183   0.92783733 
174000    209.23616   -52.505847    135057.36   -42228.847    2603.2957   -44832.143    46.171589   0.92474407 
176000    205.51452   -16.075146    135217.75   -42306.533    2556.9913   -44863.525    46.324659   0.92364718 
178000    203.93201   -218.52842    135127.21   -42322.165    2537.3019   -44859.467     46.43294   0.92426602 
180000    209.13676    160.38845    134741.24   -42239.501    2602.0589    -44841.56     46.31554   0.92691361 
182000     202.5619    -165.7463    135287.61   -42349.881    2520.2551   -44870.136     46.38558   0.92317022 
184000    203.92606   -72.402058    134828.59   -42405.483    2537.2279   -44942.711    46.420097    0.9263131 
186000    200.81852   -182.31037    135091.79   -42371.491    2498.5642   -44870.055    46.597062    0.9245084 
188000    202.93243   -23.024676    134992.35    -42366.06    2524.8652   -44890.925    46.713337    0.9251894 
190000    203.01376    141.95557    134913.98    -42373.78    2525.8772   -44899.657    46.626454   0.92572685 
192000    202.85984    173.94475    134661.31   -42418.361    2523.9621   -44942.323    46.641475    0.9274638 
194000    209.31316    266.47136    134910.57   -42342.356    2604.2537   -44946.609    46.680602   0.92575022 
196000    204.28397   -82.443931    134970.11   -42368.926    2541.6809   -44910.607     46.82219   0.92534184 
198000    209.41193   -102.48106    134945.54   -42286.507    2605.4825   -44891.989    46.989703   0.92551033 
200000    202.06545   -111.80511    134901.36   -42377.742    2514.0783    -44891.82    46.877207    0.9258134 
202000    206.99797    -180.3325    135219.97   -42347.953    2575.4482   -44923.402    47.075663   0.92363197 
204000    208.19223   -16.621736    135111.76   -42341.331    2590.3071   -44931.638    47.080006   0.92437173 
206000    200.82962   -157.49989    134984.27   -42333.552    2498.7023   -44832.255    47.194415   0.92524479 
208000    204.45955   -84.373982    135019.74   -42385.285    2543.8655    -44929.15    47.075242   0.92500172 
210000    204.88962   -239.57939    134826.99   -42410.068    2549.2163   -44959.285    47.249139   0.92632411 
212000    208.65908   -97.129651    134944.44   -42332.347    2596.1157   -44928.463      47.4127   0.92551785 
214000    205.61959   -187.12254       134997   -42293.154    2558.2986   -44851.452    47.427687   0.92515752 
216000    204.75458   -177.27316    135065.43   -42415.966    2547.5362   -44963.502    47.501723   0.92468878 
218000    202.28296   -25.962133    135161.22   -42431.922    2516.7846   -44948.707    47.645395   0.92403346 
220000    202.43774   -137.82163    134970.67   -42429.526    2518.7103   -44948.237    47.661634     0.925338 
222000    204.85621    62.657032    134736.11   -42358.865    2548.8008   -44907.665    47.640756   0.92694893 
224000    206.19349   -119.66783    134982.67   -42364.258     2565.439   -44929.697    47.662546   0.92525574 
226000    203.01805    65.333524    134889.36   -42383.172    2525.9305   -44909.102    47.572909   0.92589579 
228000    201.51121    351.04565    134548.89   -42481.312    2507.1826   -44988.495    47.585794   0.92823874 
230000    201.12438    368.44547    134486.13     -42495.3    2502.3696   -44997.669    47.663542   0.92867188 
232000    197.99581    87.377742    134605.05   -42466.278    2463.4443   -44929.723    47.646394   0.92785145 
234000    201.67094   -136.30787    135050.41   -42425.708    2509.1699   -44934.878    47.764405   0.92479166 
236000    199.51935   -140.05768    135088.05   -42449.638       2482.4   -44932.038    47.965867   0.92453397 
238000     203.5651   -38.893883    134860.49   -42452.914    2532.7369   -44985.651    48.031177     0.926094 
240000    201.49457   -311.43721    135004.22   -42395.615    2506.9756   -44902.591     48.02204   0.92510808 
242000    205.70172   -223.98149    135176.04   -42390.727    2559.3204   -44950.047    48.127071   0.92393214 
244000     201.3199   -240.77172    134932.06   -42377.378    2504.8023   -44882.181    48.105767   0.92560278 
246000    203.99733    8.1613876    134910.89   -42370.756    2538.1146   -44908.871    48.198884   0.92574805 
248000    202.51839    83.586399    134635.78   -42327.295    2519.7138   -44847.009    48.122888   0.92763967 
250000    203.03562   -82.036314    134657.97   -42372.333    2526.1492   -44898.482    48.402607   0.92748679 
252000    208.74074    36.907206    134545.94   -42376.252    2597.1316   -44973.383    48.334059    0.9282591 
254000    203.52309   -267.79576    134717.09   -42351.547    2532.2141   -44883.762    48.610639   0.92707977 
256000    201.41408   -84.819062    134458.57   -42419.097     2505.974   -44925.071    48.337409   0.92886229 
258000    204.44176   -25.406849    134164.79   -42336.551    2543.6441   -44880.196    48.414952   0.93089617 
260000     206.4398    121.43378    134213.08   -42329.712    2568.5036   -44898.216    48.580026   0.93056128 
262000    206.91842     50.01127    134466.83   -42307.514    2574.4586   -44881.972    48.691609    0.9288052 
264000    203.32676   -206.57494    134762.12   -42328.012    2529.7715   -44857.784    48.873662   0.92677002 
266000     204.8708   -109.29156    134545.02    -42313.81    2548.9823   -44862.793    48.727503   0.92826547 
268000    207.91521    109.34125    134147.01   -42274.593    2586.8605   -44861.454    48.569587   0.93101956 
270000     201.1789    121.19125    134343.11   -42444.524     2503.048   -44947.572     48.80858   0.92966058 
272000    202.58801   -72.496892     134612.7   -42445.612      2520.58   -44966.192     48.97753   0.92779869 
274000    202.01698    137.93633     134472.4   -42494.144    2513.4753   -45007.619    49.218477   0.92876672 
276000    205.98472    253.63582     134419.2   -42315.044    2562.8415   -44877.885    49.222949   0.92913434 
278000    206.17329    123.44711    134420.91   -42350.319    2565.1877   -44915.506    49.420933   0.92912252 
280000    204.92729   -80.786444    134863.79   -42341.959    2549.6851   -44891.644    49.468686   0.92607135 
282000    209.94569    33.980272    134777.06   -42326.818    2612.1235   -44938.941    49.639616   0.92666725 
284000    204.44864   -117.29617    135082.37   -42391.435    2543.7298   -44935.165     49.82494   0.92457287 
286000    206.13862   -171.88919    135231.27   -42420.488    2564.7564   -44985.245    49.840917   0.92355485 
288000    203.13162   -359.21071    135155.94   -42418.283    2527.3435   -44945.627    50.260042   0.92406955 
290000     204.4595     36.37846     134885.1   -42423.224    2543.8648   -44967.089    49.943319   0.92592503 
292000    203.79555   -99.631833     134891.7   -42443.955    2535.6041   -44979.559    49.894146   0.92587974 
294000     202.2265   -134.65111    135092.39    -42467.23    2516.0821   -44983.312    50.107927   0.92450426 
296000    204.73546    151.80834    134736.69   -42409.568    2547.2984   -44956.866    50.089139   0.92694493 
298000    206.46034   -241.36593    135002.54   -42398.501    2568.7592    -44967.26    50.231605   0.92511958 
300000    203.61882   -106.05048    134888.58   -42430.828    2533.4052   -44964.233     50.35447   0.92590118 
302000    201.42601     -64.4703       134703   -42474.578    2506.1225   -44980.701    50.132595   0.92717675 
304000    206.21873    224.51055    134594.65   -42420.252    2565.7531   -44986.005     50.12896   0.92792315 
306000    202.84459    85.128808     134740.1   -42405.277    2523.7724    -44929.05    50.469483   0.92692143 
308000    199.77758    381.07653    134353.77   -42499.965    2485.6129   -44985.578    50.423356   0.92958677 
310000    200.65895    134.47222    134481.88   -42496.632    2496.5788    -44993.21    50.587327   0.92870125 
312000    204.39029    51.798404    134597.03   -42456.791    2543.0038   -44999.795    50.433224   0.92790677 
314000    203.40708   -31.641208    134683.16   -42443.203    2530.7707   -44973.974    50.613509   0.92731333 
316000     204.6283   -106.27238    134925.52   -42431.767     2545.965   -44977.732    50.743438   0.92564765 
318000    203.78333   -116.46017    134767.64    -42476.65     2535.452   -45012.102    50.637367   0.92673203 
320000     203.5543   -284.49215    135026.71   -42486.165    2532.6025   -45018.768    50.763622   0.92495397 
322000    207.54507   -39.151402    134965.64   -42375.737    2582.2552   -44957.992    50.887745   0.92537246 
324000    210.31969     -126.517    135055.12   -42385.592    2616.7768   -45002.369    50.948932   0.92475941 
326000    202.17662   -193.07789    134979.93   -42427.712    2515.4616   -44943.173    50.958992   0.92527453 
328000    196.61423   -138.36952    135069.99   -42549.165    2446.2548    -44995.42    51.064701   0.92465759 
330000    206.33389   -456.96954    135346.08   -42410.709    2567.1859   -44977.895    51.282184   0.92277137 
332000    204.23284    95.780551    134961.12   -42416.558    2541.0449   -44957.603    51.234615   0.92540348 
334000    201.92872   -117.01742    135418.41   -42447.953    2512.3772    -44960.33    51.433322   0.92227854 
336000     205.0153   -131.98018    135191.97   -42489.129    2550.7801   -45039.909    51.540425   0.92382332 
338000    200.95345   -73.343636    135037.84     -42489.4     2500.243   -44989.643    51.385824   0.92487773 
340000    201.51343   -64.346748    135137.73   -42533.441    2507.2102   -45040.651    51.547628   0.92419412 
342000    201.44192   -22.817287    135001.58    -42415.81    2506.3205   -44922.131    51.345551   0.92512615 
344000    204.76437    18.331478    134810.81   -42399.121     2547.658   -44946.779    51.458079   0.92643527 
346000     208.7864     170.1501    134655.48   -42445.416    2597.6998   -45043.116    51.473463   0.92750396 
348000     204.6308    399.64201    134426.12   -42511.425    2545.9962   -45057.421    51.603436   0.92908648 
350000    209.79932    56.564337    134865.73   -42382.637    2610.3024    -44992.94    51.622941   0.92605805 
352000     207.9738    38.674143    134850.69    -42367.56    2587.5894   -44955.149    51.765897   0.92616134 
354000    206.98848    18.270384    134800.01   -42357.145    2575.3302   -44932.475    51.991294   0.92650951 
356000    207.33931    88.821594    134906.31   -42436.714    2579.6951   -45016.409     51.85409   0.92577947 
358000    203.12429    123.83534    134919.91   -42449.575    2527.2523   -44976.828    51.759212   0.92568617 
360000    205.49487    69.015573    134692.73   -42396.105    2556.7468   -44952.852    51.810434   0.92724748 
362000    205.45185    10.249834    135198.46    -42454.32    2556.2116   -45010.531    51.922851   0.92377895 
364000    206.00848   -197.13668    135199.37   -42438.721    2563.1372   -45001.858    51.975902   0.92377272 
366000    201.97767   -241.50565    135014.36   -42429.862    2512.9862   -44942.848    52.159484   0.92503854 
368000     201.6967   -217.98696    135017.12   -42498.827    2509.4904   -45008.318    52.096909   0.92501968 
370000    202.16668   -171.70283    135017.35     -42488.5    2515.3379   -45003.838      52.2525    0.9250181 
372000    207.17723   -21.423349    134769.62   -42409.815    2577.6786   -44987.493    52.268922   0.92671841 
374000    205.10432   0.48638527    134579.69     -42440.3    2551.8877   -44992.188    52.310576   0.92802629 
376000    203.01057   -367.94226    134845.82   -42438.894    2525.8375   -44964.732    52.336143   0.92619473 
378000    207.03064   -90.678679    134809.77   -42369.469    2575.8547   -44945.323    52.368064   0.92644246 
380000    205.67586   -85.600111    134563.18    -42420.84    2558.9988   -44979.839     52.40894   0.92814017 
382000    207.98304   -171.34511    134651.18   -42319.849    2587.7044   -44907.554    52.442555   0.92753358 
384000    207.47124   -361.55539     135103.7   -42394.992    2581.3367   -44976.329    52.814322   0.92442691 
386000    204.81379   -140.57719    134659.86   -42354.071    2548.2729   -44902.344    52.741217   0.92747381 
388000     206.7457   -66.449462    134502.19   -42454.264    2572.3096   -45026.573    52.567519     0.928561 
390000    202.10176   -66.521947    134802.56   -42514.566    2514.5302   -45029.097    52.902004   0.92649199 
392000    201.80174    217.99788    134310.89   -42525.859    2510.7973   -45036.656    52.870029   0.92988361 
394000    203.58024    151.61734    134370.96   -42454.073    2532.9252   -44986.998    52.870654   0.92946786 
396000    204.46578   -48.785544     134721.3   -42446.698     2543.943   -44990.641    53.217198   0.92705083 
398000    200.47903   -203.66986    134868.05   -42468.765    2494.3403   -44963.105    53.224507   0.92604206 
400000     205.0853   -157.34078    134774.02   -42425.877     2551.651   -44977.528    53.097281   0.92668818 
402000    204.12081   -49.582518     134777.9   -42435.338    2539.6509   -44974.989    53.380685    0.9266615 
404000    204.82036    15.635944    134457.06   -42430.548    2548.3547   -44978.902    53.139033   0.92887269 
406000    209.04083     116.5815    134676.53    -42379.12    2600.8653   -44979.985    53.551306   0.92735901 
408000    211.08484    90.501365    134662.11   -42322.766    2626.2967   -44949.063     53.61487   0.92745826 
410000    204.70538    117.39086    134667.47   -42426.331    2546.9241   -44973.255    53.759716   0.92742137 
412000    208.57718   -221.16352    134936.92   -42412.007    2595.0967   -45007.104    53.877941   0.92556944 
414000     201.3351   -152.45785     134918.3   -42459.359    2504.9914    -44964.35    53.904329   0.92569717 
416000    201.00434    73.236063    134620.66   -42496.353    2500.8761   -44997.229    54.142895   0.92774387 
418000     208.4999   -11.342446    134767.43   -42415.403    2594.1351   -45009.538    54.122485   0.92673352 
420000    210.51719   -22.115498    134702.25   -42383.319     2619.234   -45002.553    54.253127    0.9271819 
422000    205.10564   -2.6824701    134814.29   -42466.255     2551.904   -45018.159     54.44668    0.9264114 
424000    204.33295    336.23684    134299.88   -42439.225    2542.2904   -44981.516    54.467716    0.9299598 
426000    203.22215    344.45561    134391.63   -42489.085    2528.4698   -45017.555     54.30491    0.9293249 
428000    200.51117   -112.65156    134708.81   -42465.366    2494.7402   -44960.106    54.755793   0.92713674 
430000    203.76835    46.461647    134528.71   -42446.843    2535.2657   -44982.109     54.60559   0.92837796 
432000    205.41014    -45.65478    134445.23   -42312.759    2555.6927   -44868.452    54.714909   0.92895445 
434000    207.20138   -74.170885    134830.34   -42325.713    2577.9791   -44903.692    54.820709   0.92630111 
436000    204.79547    223.94358    134663.62   -42405.127     2548.045   -44953.172    54.872256   0.92744787 
438000    206.51177    71.576926    134733.59   -42367.028    2569.3991   -44936.427    55.025343   0.92696626 
440000    205.72811    129.97812    134655.12   -42359.676    2559.6488   -44919.325    55.007965   0.92750641 
442000     204.9581    38.177852    134649.45   -42435.524    2550.0684   -44985.593    55.291954   0.92754553 
444000    204.00846   -84.914171    134585.48   -42428.919    2538.2531   -44967.172    55.201435   0.92798636 
446000    207.96497    19.048335    134759.79   -42394.802    2587.4795   -44982.281    55.245423   0.92678602 
448000    205.21027    47.875998    134549.59   -42434.862    2553.2059   -44988.068    55.230459   0.92823389 
450000     205.3227    108.37388    134543.68   -42355.265    2554.6047   -44909.869    55.384782   0.92827467 
452000    205.35508      252.582    134187.49   -42342.756    2555.0076   -44897.763    55.536114   0.93073868 
454000    205.01458   -93.082702    134316.93   -42352.904    2550.7711   -44903.675    55.553183   0.92984178 
456000    204.60788     37.93345    134279.59   -42352.482     2545.711   -44898.193    55.817732   0.93010036 
458000    205.79685    84.933175    134289.56   -42400.925     2560.504   -44961.429    55.847352   0.93003129 
460000    205.84285    39.886503    134311.66   -42354.608    2561.0764   -44915.685    55.889491   0.92987822 
462000    205.59852   -112.82485    134620.29   -42435.274    2558.0364   -44993.311     56.01277   0.92774639 
464000    203.05633   -71.565974    134661.12    -42381.26    2526.4068   -44907.666    56.122681   0.92746513 
466000    207.96789    76.987089    134327.31   -42353.782     2587.516   -44941.298    56.282432   0.92976994 
468000    204.65588    146.92909    134371.77   -42368.214    2546.3082   -44914.522    56.425741   0.92946224 
470000    206.01096    19.751773    134656.34   -42458.827     2563.168   -45021.995     56.51085   0.92749807 
472000    205.19702     171.4677    134751.95   -42464.803    2553.0411   -45017.844    56.961895   0.92683992 
474000    202.63567    108.68516    134571.43   -42440.224    2521.1729   -44961.397    56.733952   0.92808326 
476000    205.58234    132.16461    134666.34   -42439.981    2557.8351   -44997.816    56.890572   0.92742919 
478000    207.35351   -122.10317    134855.78   -42499.198    2579.8719    -45079.07    56.994767   0.92612637 
480000    207.54981   -211.13773    134924.92   -42453.085    2582.3142     -45035.4     57.04365   0.92565174 
482000    206.31991   -97.328334    134838.35    -42418.77     2567.012   -44985.782    57.013617   0.92624605 
484000     206.5143   -37.073339    134726.11   -42480.678    2569.4306   -45050.108    57.153019   0.92701771 
486000    199.75212    91.694911    134833.98   -42559.077    2485.2961   -45044.373    57.324248    0.9262761 
488000    203.92089    163.74639    134787.71   -42474.255    2537.1636   -45011.419    57.525069   0.92659407 
490000    207.58918    171.80486    134701.79   -42405.202     2582.804   -44988.007    57.300833   0.92718512 
492000    204.63408    69.728831    134733.01   -42477.964     2546.037   -45024.001    57.327506   0.92697024 
494000    205.01439    181.17286    134697.72   -42519.461    2550.7688    -45070.23    57.350823   0.92721309 
496000    206.76216    120.09516    134548.11   -42463.532    2572.5143   -45036.046     57.27544   0.92824413 
498000    203.18672    250.40578    134484.88   -42528.856     2528.029   -45056.885    57.252882   0.92868057 
500000    203.82815    196.68438    134428.14   -42488.196    2536.0097   -45024.206    57.464995   0.92907255 
502000    200.95913   -148.98046    134984.32   -42454.879    2500.3137   -44955.193    57.794758   0.92524443 
504000    206.21539    64.672026     134800.7   -42423.541    2565.7115   -44989.252    57.581523   0.92650474 
506000    205.16975    -222.6719    134923.25   -42500.021    2552.7017   -45052.723    57.713509   0.92566321 
508000    203.86521    -65.87615     134815.3   -42464.035    2536.4708   -45000.506    57.483565   0.92640442 
510000    205.92493   -17.278194    134877.57   -42430.202    2562.0977   -44992.299    57.738137   0.92597672 
512000    205.73795     233.7547    134452.57   -42459.871    2559.7712   -45019.642    57.731746   0.92890369 
514000    203.82822     199.0473    134650.77   -42493.899    2536.0105    -45029.91    57.894183   0.92753644 
516000    203.38419   -145.24487    134885.33   -42500.559    2530.4859   -45031.045    58.003286   0.92592348 
518000    203.23869    301.44589    134395.87   -42490.581    2528.6756   -45019.257    57.752475   0.92929564 
520000     204.9841    325.69731    134366.05   -42515.186    2550.3919   -45065.578    57.949003   0.92950184 
522000    202.17435   -135.99562    134671.02   -42513.544    2515.4333   -45028.978    58.016131   0.92739697 
524000    204.22503   -82.865401    134931.31   -42461.745    2540.9477   -45002.693    58.265958   0.92560791 
526000    207.21263   -55.235434    134663.43   -42450.244    2578.1191   -45028.363     58.15385   0.92744917 
528000    211.38482   -260.08654    135177.04   -42425.773     2630.029   -45055.802    58.487383   0.92392532 
530000    207.72556   -96.024021    134705.44   -42546.422    2584.5009   -45130.923    58.456116   0.92715999 
532000    205.90042    87.953405     134478.3   -42479.482    2561.7927   -45041.275    58.252078   0.92872599 
534000    202.80185    43.621661     135009.4   -42507.694    2523.2406   -45030.935    58.469582   0.92507257 
536000    204.61502   -127.94024    134943.13   -42480.955    2545.7999   -45026.755    58.567529   0.92552685 
538000    203.67795   -29.602929    134876.58   -42564.405    2534.1409   -45098.546     58.53156   0.92598351 
540000    205.14281    83.204297    134729.66   -42508.027    2552.3666   -45060.393    58.649096   0.92699327 
542000    205.27744    14.574418    134953.23   -42508.662    2554.0416   -45062.703    58.754632    0.9254576 
544000    200.61932    60.105161    134833.61   -42577.651    2496.0858   -45073.737    58.567807    0.9262786 
546000    204.53698   -16.352564    134923.63   -42516.438    2544.8289   -45061.267    58.699776    0.9256606 
548000    203.14511   -10.233133    134794.23   -42525.222    2527.5114   -45052.734    58.605861   0.92654923 
550000    203.58088    187.62414    134456.22   -42534.817    2532.9332    -45067.75    58.455512   0.92887852 
552000    206.45248   -11.459448    134764.86   -42516.228    2568.6614   -45084.889    58.616065   0.92675116 
554000    207.00016   -60.214044    134792.16   -42489.099    2575.4756   -45064.575    58.674779   0.92656344 
556000    199.55554    33.137794    134607.46    -42570.35    2482.8503     -45053.2    58.507544   0.92783487 
558000    204.34338   -119.83986    134893.43   -42553.338    2542.4201   -45095.759    58.835241   0.92586784 
560000    202.62832    139.23157    134758.03   -42478.918    2521.0816   -44999.999     58.78573   0.92679811 
562000    205.95311   -24.020846    134867.48   -42520.779    2562.4483   -45083.228    58.815637   0.92604599 
564000    209.73187   -34.806643    134850.37   -42516.825    2609.4632   -45126.288    59.023484   0.92616354 
566000    209.30118     172.5956    134840.67   -42481.959    2604.1046   -45086.063     58.93174   0.92623013 
568000    207.85656      56.0084    134803.53   -42476.419    2586.1307    -45062.55    58.986277   0.92648533 
570000    205.73353    76.926563    134751.24   -42546.276    2559.7162   -45105.992    59.002476   0.92684485 
572000    204.59227   -5.2869367    134794.31   -42581.056    2545.5169   -45126.573    58.991923   0.92654872 
574000     207.7686   -107.80352    134981.93   -42478.858    2585.0364   -45063.894    59.122913   0.92526082 
576000    206.13183    47.098295    134782.52   -42489.925    2564.6719   -45054.597    58.929994   0.92662973 
578000    205.65911    98.489082    134704.44   -42529.189    2558.7903   -45087.979    59.159283   0.92716687 
580000    203.41862   -109.33312    134744.96   -42516.761    2530.9144   -45047.676    59.267659   0.92688807 
582000    205.44817    -52.67348    134851.87   -42499.272    2556.1658   -45055.438    59.367397    0.9261532 
584000    204.73058   -16.905262    134921.63   -42497.241    2547.2376   -45044.479     59.22935   0.92567434 
586000    203.23934    75.819636    134895.47   -42514.895    2528.6837   -45043.579     59.29257   0.92585384 
588000    204.73939    14.422097    135142.38   -42529.088    2547.3472   -45076.435    59.573962   0.92416228 
590000    206.90428   -60.472947    135144.21   -42515.545    2574.2825   -45089.828    59.631691   0.92414978 
592000    207.73695    57.623423    135188.71   -42498.273    2584.6425   -45082.915    59.647348   0.92384555 
594000    207.25819    170.29137    135105.48   -42467.621    2578.6859   -45046.307    59.699764   0.92441469 
596000    207.54605   -16.369339    135279.91     -42517.1    2582.2674   -45099.367    59.758876   0.92322275 
598000    207.72885   -103.46929    135482.98   -42500.546    2584.5419   -45085.088     59.76502   0.92183895 
600000    200.97792    182.09191    134992.31   -42637.154    2500.5474   -45137.701    59.648722   0.92518964 
602000    201.41723    51.972946     135107.7   -42635.339    2506.0132   -45141.352    59.836183    0.9243995 
604000    206.22375    193.64888    134956.32   -42532.934    2565.8156    -45098.75    59.950395   0.92543637 
606000    203.53926    7.1179411    135105.31   -42583.942    2532.4153   -45116.357    60.058351   0.92441584 
608000    201.49297    3.6369453    135104.32   -42613.123    2506.9556   -45120.078    59.934589   0.92442261 
610000    201.01881    209.92391    134759.55   -42598.796    2501.0562   -45099.852     59.76916   0.92678766 
612000     203.1563   -117.75567    135001.65   -42562.314    2527.6506   -45089.965    59.934178   0.92512567 
614000    204.15844    125.43897    134922.87   -42640.117    2540.1191   -45180.236    59.982804   0.92566585 
616000    205.59393   -147.35762    135172.38   -42457.991    2557.9793   -45015.971    60.148016   0.92395721 
618000     203.9344   -257.11971    135409.65   -42546.766    2537.3316   -45084.098    60.120759   0.92233821 
620000    207.01579    -274.9958    135326.38    -42435.68      2575.67    -45011.35    60.093738   0.92290571 
622000    209.54763    73.667036    134916.96   -42446.066    2607.1708   -45053.237    60.266802   0.92570636 
624000    205.11939    62.219778    134978.22   -42514.001    2552.0751   -45066.076    60.133881   0.92528627 
626000    204.49391   -7.2084117    135111.04   -42543.749     2544.293   -45088.042    60.376478   0.92437666 
628000    204.96974   -127.85392    135062.67   -42544.914    2550.2132   -45095.127    60.465947   0.92470772 
630000    203.11509    -199.4009    135114.22   -42604.459    2527.1379   -45131.597    60.411857   0.92435488 
632000    204.68489   -128.45249    135120.59   -42584.753    2546.6692   -45131.422    60.518632   0.92431131 
634000    206.01857    -93.21839    135103.79   -42505.757    2563.2627    -45069.02    60.514256   0.92442626 
636000    207.48211     98.35338    134903.95   -42561.463    2581.4719   -45142.935     60.55408   0.92579564 
638000    200.22509    114.73486    134702.32   -42606.116    2491.1808   -45097.297    60.603009   0.92718147 
640000     204.6189    142.42041     134868.5   -42535.833    2545.8481   -45081.681    60.637438   0.92603899 
642000    204.80795   -85.743872    135230.11   -42566.679    2548.2002   -45114.879    60.841435   0.92356276 
644000    205.88708    -57.19905    135111.67   -42580.464    2561.6267   -45142.091     60.92941   0.92437237 
646000    202.37834    19.759141    135123.73   -42565.079    2517.9713    -45083.05    61.010861   0.92428984 
648000    204.31271     176.6679    134770.63   -42562.008    2542.0385   -45104.046    60.743932   0.92671147 
650000    205.73995   -66.365858    135006.29   -42510.882    2559.7961   -45070.678    61.031745   0.92509389 
652000    206.94481   -117.82677    135080.35   -42494.979    2574.7868   -45069.766    61.151857   0.92458664 
654000    207.13974    107.56884    134854.61   -42456.226    2577.2122   -45033.438    61.022135    0.9261344 
656000    203.42295    250.90024    134676.48    -42560.69    2530.9682   -45091.658    61.015951   0.92735936 
658000    203.75571   -72.549995    134982.22   -42571.651    2535.1084    -45106.76    61.229304   0.92525883 
660000    205.94239   -139.68231    135019.67   -42540.201    2562.3148   -45102.515    61.297973   0.92500218 
662000    206.32149   -125.11068    134962.06   -42543.061    2567.0316   -45110.093    61.159272   0.92539702 
664000    205.70929   -54.700698    135072.49   -42539.021    2559.4146   -45098.436    61.357685   0.92464045 
666000    204.70965   -244.70569     135504.7   -42556.665    2546.9773   -45103.643    61.495628    0.9216912 
668000    205.39888   -166.49219       135258   -42524.115    2555.5526   -45079.668    61.384605   0.92337233 
670000    204.37037    46.568352     135171.7   -42543.983    2542.7559   -45086.739    61.676384   0.92396186 
672000    206.68918   -150.97822    135054.11   -42509.271    2571.6064   -45080.877    61.544892    0.9247663 
674000      208.605     156.9211    134980.01   -42468.683    2595.4428   -45064.126    61.307178     0.925274 
676000    206.95823    338.82761    134688.95   -42469.974    2574.9539   -45044.928    61.248137   0.92727347 
678000    205.10081    224.60215    134724.51   -42501.261     2551.844   -45053.105    61.453033   0.92702873 
680000    205.51988     223.4648    134599.17   -42492.999     2557.058   -45050.057    61.529445   0.92789197 
682000    201.80348    369.84628    134689.87   -42520.274     2510.819   -45031.093    61.448758   0.92726717 
684000    208.83925    73.179748    134888.66   -42461.517    2598.3573   -45059.874    61.630962   0.92590059 
686000    205.51185   -22.159261    134898.13   -42542.284    2556.9581   -45099.242    61.696147   0.92583563 
688000    203.78732    30.771248    134800.07   -42550.994    2535.5017   -45086.496    61.655809   0.92650907 
690000    209.06263    156.26364    134746.47    -42518.12    2601.1366   -45119.256    61.800977   0.92687767 
692000    204.14821   -116.87853    134998.85   -42439.653    2539.9919   -44979.645    62.054196   0.92514482 
694000    205.73653   -133.57239    135117.29    -42471.73    2559.7535   -45031.483    62.037069   0.92433392 
696000    203.97921   -369.94902    135261.93   -42549.967    2537.8891   -45087.856    62.029051   0.92334547 
698000    202.90705   -381.35732    135256.74   -42507.115    2524.5495   -45031.665    62.184593   0.92338088 
700000    203.73403   -179.89631    135021.88   -42503.271    2534.8386    -45038.11    62.222576   0.92498703 
702000    206.22961   -142.28833    135026.04   -42449.456    2565.8884   -45015.344    62.117761   0.92495853 
704000    207.56242   0.82440859    134963.15   -42398.963    2582.4711   -44981.434    62.227594   0.92538958 
706000     208.6941   -103.25355    134751.46   -42384.184    2596.5514   -44980.736     62.33562   0.92684335 
708000    205.38389    332.91975     134145.1   -42450.516     2555.366   -45005.882    62.167283   0.93103281 
710000    205.33233    141.74403     134200.3    -42487.48    2554.7246   -45042.205    62.161593   0.93064986 
712000     204.0501    71.347476    134390.43       -42465    2538.7712   -45003.772    62.182811    0.9293332 
714000    206.62567    110.57115    134629.77    -42430.55    2570.8161   -45001.366    62.445428   0.92768108 
716000    207.47674    15.952259    134580.45   -42449.158    2581.4051   -45030.563    62.623483   0.92802102 
718000    203.59162   -68.596029     134598.6   -42442.753    2533.0669    -44975.82    62.539396   0.92789593 
720000     209.9504   -169.87642    134674.54   -42380.012    2612.1821   -44992.194    62.838697   0.92737268 
722000    207.86676   -139.90059    134934.92   -42436.947    2586.2577   -45023.205    62.970202   0.92558318 
724000    205.34446    -23.19808    134737.09   -42438.533    2554.8755   -44993.409    62.919408   0.92694215 
726000    204.93263   -34.247639    134448.01    -42451.75    2549.7516   -45001.501    62.992285   0.92893523 
728000     203.7923   -114.89533    134799.13   -42467.847    2535.5637   -45003.411    63.428509   0.92651556 
730000    205.59394   -329.67631    134804.22   -42396.901    2557.9795   -44954.881    63.574433   0.92648056 
732000    206.07704   -186.24226    134621.22   -42391.713    2563.9902   -44955.703    63.613946   0.92774001 
734000     203.6927    151.11944    134499.11   -42433.204    2534.3245   -44967.529    63.704053   0.92858229 
736000    203.93924   -193.91839    134317.54   -42448.976    2537.3918   -44986.368    63.694021   0.92983756 
738000     208.6512     -62.6382    134494.42   -42373.591    2596.0176   -44969.609    64.005866   0.92861464 
740000    208.73866   -345.96763    134537.12   -42382.073    2597.1057   -44979.179    64.234516   0.92831996 
742000    209.42732    217.51683    134278.69   -42328.592     2605.674   -44934.266    63.893988   0.93010659 
744000    205.97872   -49.558048    134470.56    -42351.34    2562.7668   -44914.107    64.062497   0.92877944 
746000    205.83019    206.85298    134492.12   -42431.423    2560.9189   -44992.342    64.168419   0.92863052 
748000    205.89348    65.832341    134667.71    -42460.79    2561.7063   -45022.497    64.381946   0.92741973 
750000     204.5278   -280.95292    134885.39   -42444.947    2544.7147   -44989.662    64.492808   0.92592307 
752000    202.08057    55.021308     134751.4   -42420.679    2514.2665   -44934.945    64.648887   0.92684373 
754000    202.58995   -32.613305    134646.88   -42403.978    2520.6041   -44924.582    64.515276   0.92756321 
756000    205.37837   -20.522285    135115.15   -42427.514    2555.2973   -44982.811    64.961638   0.92434853 
758000    203.34789   -260.66634     135077.3   -42416.549    2530.0343   -44946.583    65.010342   0.92460757 
760000    206.75063    59.754077    134470.73   -42405.151    2572.3708   -44977.522    64.860177   0.92877828 
762000    202.53264    202.33663    134428.63   -42447.191    2519.8911   -44967.082    64.663015   0.92906912 
764000    207.10395    169.00105    134540.85   -42445.539    2576.7668   -45022.306    64.901858   0.92829423 
766000    203.16408   -113.02792    134615.63   -42443.844    2527.7474   -44971.592    65.062467    0.9277785 
768000    204.26814    227.18624    134752.85   -42496.912     2541.484   -45038.396    65.444409   0.92683378 
770000    202.58992   -95.273933    135047.27   -42510.966    2520.6037    -45031.57    65.639139   0.92481314 
772000    208.55645   -214.90418    135035.26   -42492.812    2594.8387   -45087.651    65.876128    0.9248954 
774000    207.48176   -143.06405    135155.71   -42468.797    2581.4676   -45050.265    66.023084   0.92407112 
776000    208.86145    315.35645    134995.72   -42465.279    2598.6335   -45063.912    66.183762    0.9251663 
778000    202.08512    5.0909329    134959.86   -42491.051    2514.3231   -45005.374    66.226479   0.92541214 
780000    203.39547    102.12271    134966.12   -42507.026    2530.6263   -45037.652     66.13314    0.9253692 
782000    209.32406   -8.0900406     135182.4   -42486.418    2604.3892   -45090.807    66.537053    0.9238887 
784000    207.68876   -64.262804    135269.59   -42399.558     2584.043   -44983.601    66.552442   0.92329318 
786000    204.47009   -197.25091    135141.21   -42431.725    2543.9967   -44975.722    66.494815    0.9241703 
788000    205.79887    125.50426    134948.14   -42412.971    2560.5293     -44973.5    66.457676   0.92549249 
790000    203.08929   -273.49447    135140.27   -42508.103    2526.8169    -45034.92    66.627975    0.9241767 
792000    201.47581   -294.66726    135322.62   -42522.331    2506.7421   -45029.073    66.834932   0.92293136 
794000    205.93576   -276.14468    135228.14   -42464.491    2562.2323   -45026.724    66.907763    0.9235762 
796000    203.98642   -38.622315    135032.01   -42457.664    2537.9789   -44995.643    66.857553   0.92491769 
798000     203.5621   -115.42115    135003.29   -42428.738    2532.6995   -44961.437    66.889521   0.92511439 
