1600    294.35547   -1023.1762    133250.94   -42133.489    3593.0256   -45726.515   0.16292577 
3600    298.88142   -1045.7704    133309.39   -42164.737    3648.2713   -45813.008   0.15503418 
5600    301.62358    -892.4148     133156.4   -41997.119    3681.7432   -45678.862     0.161017 
7600    297.86417   -1298.1031    133616.62   -41969.982    3635.8544   -45605.836   0.17027263 
9600     300.1197   -817.98749     133130.8   -41932.085    3663.3862   -45595.472    0.1645166 
11600    299.12648   -909.71114    133235.12   -41993.953    3651.2626   -45645.216   0.16295653 
13600    301.48877   -1147.4823    133443.38   -41998.449    3680.0977   -45678.546   0.16646448 
15600    292.14555    -908.6519    133180.38   -42191.654    3566.0505   -45757.705   0.15837698 
17600    298.77918   -999.07245    133347.03   -42130.266    3647.0233   -45777.289   0.15047245 
19600    293.12402   -1116.9331    133482.05   -42141.546    3577.9941    -45719.54    0.1562888 
21600    298.36944   -570.52799    132767.76   -42074.296    3642.0218   -45716.317   0.15303356 
23600    297.64486   -1266.8279    133591.64   -42035.222    3633.1773     -45668.4   0.16503406 
25600    297.40749   -978.49209    133215.72   -42053.734    3630.2798   -45684.014   0.16376144 
27600    299.69353    -945.8044    133224.89   -42047.523    3658.1843   -45705.708   0.16315378 
29600    293.78474   -1240.8576    133585.49   -42104.234    3586.0591   -45690.293   0.15787168 
31600    296.65961   -336.83603     132483.2   -42052.752    3621.1509   -45673.903   0.15786263 
33600    306.86962   -1185.6815    133576.96   -41877.182    3745.7785   -45622.961   0.16484198 
35600    300.89563   -981.93296    133307.31   -42036.915    3672.8576   -45709.772   0.15797511 
37600    291.05712   -949.98081    133235.02    -42058.27    3552.7647   -45611.035   0.16475129 
39600    288.37335   -1259.4079    133603.23   -42181.469    3520.0054   -45701.475   0.16102024 
41600    293.44709   -526.97163    132743.92   -42157.579    3581.9377   -45739.517   0.14986909 
43600    290.63319   -1186.7857    133485.77   -42170.532      3547.59   -45718.122   0.15741996 
45600    289.04563   -1039.8892     133285.8   -42172.132    3528.2115   -45700.344   0.16044594 
47600       298.83   -867.58167    133173.55   -41976.862    3647.6436   -45624.506   0.15835073 
49600    302.10667   -1248.4829    133578.49   -41977.833      3687.64   -45665.473   0.17100882 
51600    303.82602   -655.84737    132935.52   -41970.477    3708.6271   -45679.104   0.15424619 
53600    300.06474   -1159.6879    133570.39   -41999.956    3662.7154   -45662.671   0.16090355 
55600    303.49935   -1042.3445     133380.4   -42042.591    3704.6396    -45747.23   0.15427873 
57600    300.31035   -930.66603    133224.73   -42012.149    3665.7134   -45677.862   0.16009883 
59600    293.65404   -1189.2177    133561.96   -42049.417    3584.4637   -45633.881   0.16057094 
61600    302.44679   -720.54659    132999.22   -41990.721    3691.7916   -45682.513   0.15306505 
63600    301.34228   -1178.8143    133648.75   -41878.277    3678.3096   -45556.586   0.16602042 
65600    302.39999     -1028.56    133366.48   -42037.094    3691.2204   -45728.315   0.15385928 
67600    295.96296    -780.1335     133017.7   -42060.995    3612.6474   -45673.643   0.15838568 
69600    296.42975    -1220.749    133582.42   -42069.059    3618.3452   -45687.404   0.16530579 
71600    294.56725   -898.39232    133166.86   -41999.647    3595.6107   -45595.258   0.16203341 
73600    295.87287   -1050.9442    133362.34    -42085.13    3611.5477   -45696.678    0.1563941 
75600    296.55012   -1180.3634    133466.23   -42033.258    3619.8145   -45653.072   0.16456516 
77600    300.24692   -776.20608    133066.38   -42046.767    3664.9392   -45711.706   0.15035086 
79600    304.73139   -1364.1973    133837.59   -42001.375    3719.6785   -45721.054   0.15389109 
81600     300.7281   -850.74735    133149.81   -41941.325    3670.8126   -45612.138   0.15960565 
83600     297.8358   -1019.7765    133344.54   -42079.591     3635.508   -45715.099   0.16065409 
85600    303.40492   -1042.4741    133414.31   -41978.914    3703.4871   -45682.401   0.15769253 
87600    299.19816    -894.1287    133160.56   -41991.889    3652.1376   -45644.027   0.15884224 
89600    300.39593   -1149.2633    133533.68   -41973.026    3666.7581   -45639.784   0.16112974 
91600    297.27562   -837.75893    133085.68   -42095.942    3628.6702   -45724.613   0.15015947 
93600    302.52916   -944.50558    133292.23   -42001.514    3692.7971   -45694.311   0.16086179 
95600    293.28671   -1203.4421    133530.88   -42096.113    3579.9799   -45676.093   0.16782559 
97600    297.49528   -767.29904    133058.36   -42062.181    3631.3515   -45693.532   0.16025759 
99600    297.78806   -1097.1311    133433.88    -42156.93    3634.9253   -45791.855   0.15537767 
101600    297.00519   -1028.1355    133389.89   -42047.511    3625.3693    -45672.88   0.15450517 
103600    299.15015   -671.88073    132891.84   -41995.373    3651.5515   -45646.924    0.1527276 
105600    300.81557   -1246.0624    133609.37   -42028.288    3671.8804   -45700.169   0.16190246 
107600    302.61288   -861.63488    133153.07   -41955.628    3693.8191   -45649.447   0.16057381 
109600      300.626   -1069.3511     133432.4   -41961.214    3669.5664    -45630.78   0.17147189 
111600    296.15558   -1008.5712    133256.81    -42140.28    3614.9985   -45755.278   0.16500901 
113600    297.41329   -941.81573    133161.08   -42091.317    3630.3507   -45721.668   0.15920974 
115600    300.40176   -1320.4085    133726.05    -42002.14    3666.8292   -45668.969   0.15617586 
117600    298.12892   -714.32004     132987.9   -42055.424     3639.086    -45694.51   0.15069883 
119600    295.95483   -1086.4966    133391.79   -42127.084    3612.5481   -45739.632   0.15517974 
121600    295.28807   -1023.7107     133290.9   -42120.654    3604.4093   -45725.064   0.15591688 
123600    298.69248   -940.19969    133191.15   -42044.617    3645.9651   -45690.582   0.16294531 
125600    295.22341   -1268.9969    133598.63   -42126.803      3603.62   -45730.423     0.163104 
127600    295.89847   -763.39178    133019.44   -42130.717    3611.8601   -45742.577   0.14926594 
129600    294.00566   -1029.7671    133343.21   -42151.958    3588.7557   -45740.713    0.1439151 
131600    296.64186   -1114.7067    133432.93    -42148.36    3620.9342   -45769.295   0.15521294 
133600    302.14075   -938.81331    133259.39   -41984.506     3688.056   -45672.562   0.15152234 
135600    294.78033   -1040.6417    133333.52   -42064.686    3598.2116   -45662.897   0.15680769 
137600    299.29431   -1097.7936     133429.6   -42070.835    3653.3112   -45724.146   0.15476354 
139600    299.14785    -768.4497     133034.4   -42050.554    3651.5234   -45702.077   0.15252432 
141600     305.6814   -1216.9572    133669.01   -42002.391    3731.2747   -45733.665   0.15139186 
143600     297.4193   -846.49246    133163.99   -42057.092    3630.4241   -45687.516   0.14698669 
145600    299.28784   -1000.6908    133310.17   -42069.321    3653.2322   -45722.553   0.15150649 
147600    299.71363   -1183.3717    133554.67   -42025.651    3658.4296    -45684.08   0.15568921 
149600    293.25955   -863.81435    133133.49   -42127.384    3579.6485   -45707.033   0.15737128 
151600    305.07027   -1071.0765    133448.41   -41951.088     3723.815   -45674.903   0.15806578 
153600    300.36846   -984.11582    133333.48   -42014.983    3666.4227   -45681.406   0.15712945 
155600    297.08364   -829.95864    133140.08   -42037.002    3626.3269   -45663.329   0.15045786 
157600     292.4387   -1424.0921    133792.93    -42152.63    3569.6287   -45722.258   0.16028821 
159600    296.58405   -746.00898    133040.52   -42061.679    3620.2286   -45681.907   0.14592268 
161600    294.16088   -1123.0854    133422.92    -42128.88    3590.6505    -45719.53   0.15969105 
163600    294.56975    -964.8301    133300.54   -42075.973    3595.6412   -45671.614   0.15064329 
165600    301.44693    -872.4825    133121.51   -42053.779     3679.587   -45733.366   0.15376375 
167600    297.55651   -1249.2369    133620.97   -42092.518    3632.0989   -45724.617   0.14931558 
169600    294.24484   -740.16361    132959.54   -42153.656    3591.6752   -45745.331   0.15330514 
171600    296.53781   -1197.4628    133556.23   -42156.663    3619.6642   -45776.327   0.15527164 
173600    296.65535   -1036.2819    133349.53   -42110.189    3621.0989   -45731.288   0.15546223 
175600    293.93807   -908.82393    133219.71   -42092.116    3587.9308   -45680.047   0.14890939 
177600    293.94431   -1131.9893    133481.35   -42121.347    3588.0068   -45709.354   0.15116852 
179600    300.20986   -803.28262    133177.53   -42042.191    3664.4868   -45706.677   0.14822541 
181600    295.96647   -1047.5551    133452.77   -42079.742    3612.6901   -45692.432   0.15340548 
183600    299.06887   -1141.1783    133532.66    -42029.03    3650.5594   -45679.589   0.15410912 
185600       290.82   -769.40254       133042   -42141.281    3549.8702   -45691.151   0.15275718 
187600    295.05629   -1182.7009    133562.04   -42088.923    3601.5802   -45690.504   0.14845004 
189600    302.89728   -843.35507    133188.19   -42027.964    3697.2906   -45725.255   0.15129658 
191600    302.78636   -957.37256    133318.78   -42025.196    3695.9367   -45721.133   0.15825651 
193600    303.32489   -1301.8661    133815.15   -42020.543    3702.5101   -45723.053   0.15462068 
195600    298.91816   -722.01676    133020.86    -42049.75    3648.7198    -45698.47    0.1496982 
197600     295.8271   -1126.9446    133472.76   -42056.501     3610.989    -45667.49   0.15891199 
199600    298.53649   -895.36032    133211.95   -42060.871    3644.0609   -45704.932   0.15577165 
