# Radial distribution function (200 data points):
# "Pair separation distance" g(r)
0.025 0.0 
0.075 0.0 
0.125 0.0 
0.175 0.0 
0.225 0.0 
0.275 0.0 
0.325 0.0 
0.375 0.0 
0.425 0.0 
0.475 0.0 
0.525 0.0 
0.575 0.0 
0.625 0.0 
0.675 0.0 
0.725 0.0 
0.775 0.0 
0.825 0.0 
0.875 0.0 
0.925 0.0 
0.975 0.0 
1.025 0.0 
1.075 0.0 
1.125 0.0 
1.175 0.0 
1.225 0.0 
1.275 0.0 
1.325 0.0 
1.375 0.0 
1.425 0.0 
1.475 0.0 
1.525 0.0 
1.575 0.0 
1.625 0.0 
1.675 0.0 
1.725 0.0 
1.775 0.0 
1.825 0.0 
1.875 0.0 
1.925 0.0 
1.975 0.0 
2.025 0.0 
2.075 0.0 
2.125 0.0 
2.175 0.0 
2.225 0.0 
2.275 0.0 
2.325 0.0045022236 
2.375 0.0086293174 
2.425 0.0289700259 
2.475 0.0754880381 
2.525 0.2633915566 
2.575 0.7451052785 
2.625 1.5010905756 
2.675 2.5270760456 
2.725 3.4512219325 
2.775 3.7167154389 
2.825 3.5893675781 
2.875 3.1888311704 
2.925 2.3326052596 
2.975 1.6608961943 
3.025 1.1436615602 
3.075 0.7206890718 
3.125 0.5582496048 
3.175 0.4418189806 
3.225 0.3580247151 
3.275 0.2836407878 
3.325 0.2971884997 
3.375 0.2585351438 
3.425 0.2634902627 
3.475 0.2821633737 
3.525 0.2742156427 
3.575 0.3008760574 
3.625 0.2889291802 
3.675 0.2793187091 
3.725 0.3665868866 
3.775 0.3859738593 
3.825 0.4474792804 
3.875 0.5591899661 
3.925 0.6493014023 
3.975 0.7501337112 
4.025 0.9103847708 
4.075 0.9981048164 
4.125 1.1585679492 
4.175 1.2440827485 
4.225 1.3743322922 
4.275 1.511500819 
4.325 1.5509182592 
4.375 1.6555406798 
4.425 1.6829732287 
4.475 1.7586023447 
4.525 1.6474466462 
4.575 1.6755877453 
4.625 1.6577596398 
4.675 1.6236030853 
4.725 1.5349162736 
4.775 1.4613102893 
4.825 1.3736831074 
4.875 1.257578297 
4.925 1.1840104122 
4.975 1.2104809005 
5.025 1.1074752452 
5.075 1.0356777882 
5.125 0.9534850867 
5.175 0.8824393322 
5.225 0.8861356212 
5.275 0.8440513094 
5.325 0.8600328117 
5.375 0.8954944731 
5.425 0.8517740005 
5.475 0.8086820199 
5.525 0.8411523161 
5.575 0.8112539325 
5.625 0.824587195 
5.675 0.7874498271 
5.725 0.7893493145 
5.775 0.8063903131 
5.825 0.7746739349 
5.875 0.8362883367 
5.925 0.826393101 
5.975 0.7887597116 
6.025 0.8488028417 
6.075 0.813785332 
6.125 0.8271519561 
6.175 0.9018941694 
6.225 0.8617132664 
6.275 0.9005742142 
6.325 0.894301023 
6.375 0.9503947671 
6.425 0.9604225373 
6.475 1.0036978731 
6.525 0.9414996354 
6.575 1.0550321485 
6.625 1.0918465436 
6.675 1.0902991672 
6.725 1.0886769276 
6.775 1.0864533973 
6.825 1.0669355798 
6.875 1.0612565573 
6.925 1.0424343441 
6.975 1.0855733279 
7.025 1.0474896392 
7.075 1.047809406 
7.125 1.008225012 
7.175 1.0079322615 
7.225 1.0327281344 
7.275 1.0006470061 
7.325 0.9970121662 
7.375 0.965192962 
7.425 0.9394350957 
7.475 0.9460749028 
7.525 0.9576135758 
7.575 0.9653729391 
7.625 0.9573585638 
7.675 0.923027369 
7.725 0.9567957324 
7.775 0.9735174007 
7.825 1.0179562719 
7.875 0.9976143246 
7.925 0.993203721 
7.975 0.9827021981 
8.025 1.0124438361 
8.075 1.0253258907 
8.125 1.0297043324 
8.175 1.0608483916 
8.225 1.0551850427 
8.275 1.0385624099 
8.325 1.043683288 
8.375 1.0833073544 
8.425 1.0742590357 
8.475 1.0626373943 
8.525 1.1004422418 
8.575 1.0701038606 
8.625 1.0354854593 
8.675 1.0636859393 
8.725 1.0911738326 
8.775 1.0506433208 
8.825 1.0478344618 
8.875 1.0425500663 
8.925 1.0232630128 
8.975 0.9958796991 
9.025 1.0338803495 
9.075 1.0189728327 
9.125 1.0221591334 
9.175 1.0309980226 
9.225 0.9732352947 
9.275 1.0159591146 
9.325 1.0039737766 
9.375 0.9777860782 
9.425 0.9666172792 
9.475 0.9523759479 
9.525 0.9743266643 
9.575 0.9779818242 
9.625 0.9825595097 
9.675 0.9485093795 
9.725 0.964000614 
9.775 0.9493243659 
9.825 0.9522931131 
9.875 0.9524078005 
9.925 0.977426361 
9.975 0.981839193 
