# Radial distribution function (200 data points):
# "Pair separation distance" g(r)
0.025 0.0 
0.075 0.0 
0.125 0.0 
0.175 0.0 
0.225 0.0 
0.275 0.0 
0.325 0.0 
0.375 0.0 
0.425 0.0 
0.475 0.0 
0.525 0.0 
0.575 0.0 
0.625 0.0 
0.675 0.0 
0.725 0.0 
0.775 0.0 
0.825 0.0 
0.875 0.0 
0.925 0.0 
0.975 0.0 
1.025 0.0 
1.075 0.0 
1.125 0.0 
1.175 0.0 
1.225 0.0 
1.275 0.0 
1.325 0.0 
1.375 0.0 
1.425 0.0 
1.475 0.0 
1.525 0.0 
1.575 0.0 
1.625 0.0 
1.675 0.0 
1.725 0.0 
1.775 0.0 
1.825 0.0 
1.875 0.0 
1.925 0.0 
1.975 0.0 
2.025 0.0 
2.075 0.0 
2.125 0.0 
2.175 0.0 
2.225 0.0 
2.275 0.0 
2.325 0.0044665725 
2.375 0.0042804928 
2.425 0.0041058035 
2.475 0.0512407187 
2.525 0.2423706654 
2.575 0.7246394962 
2.625 1.3665637559 
2.675 2.3822181063 
2.725 3.0076934645 
2.775 3.6057627941 
2.825 3.5972502402 
2.875 3.049656264 
2.925 2.4806391646 
2.975 1.8496202354 
3.025 1.1398826368 
3.075 0.8937278111 
3.125 0.7367904582 
3.175 0.4958050522 
3.225 0.508408748 
3.275 0.4367246673 
3.325 0.3494343033 
3.375 0.3179602272 
3.425 0.3313859173 
3.475 0.3439128265 
3.525 0.3789187747 
3.575 0.3136071484 
3.625 0.3270650455 
3.675 0.346830579 
3.725 0.3741247349 
3.775 0.4523848345 
3.825 0.5182002546 
3.875 0.5837060878 
3.925 0.6864769388 
3.975 0.7747560997 
4.025 0.8033197566 
4.075 0.9204073376 
4.125 1.1124996336 
4.175 1.2273052968 
4.225 1.2768813276 
4.275 1.4810354734 
4.325 1.6135037887 
4.375 1.5579128264 
4.425 1.620321637 
4.475 1.685596462 
4.525 1.6874662087 
4.575 1.591950662 
4.625 1.5949662399 
4.675 1.5654511395 
4.725 1.5022133059 
4.775 1.4306772327 
4.825 1.3161340874 
4.875 1.3146745816 
4.925 1.2154483296 
4.975 1.1326074944 
5.025 0.9983017222 
5.075 0.9862276419 
5.125 0.967997474 
5.175 0.9484811192 
5.225 0.9083047324 
5.275 0.8998448053 
5.325 0.7859525421 
5.375 0.8374226239 
5.425 0.8163145895 
5.475 0.8417479397 
5.525 0.8194628385 
5.575 0.8374582078 
5.625 0.8516346411 
5.675 0.8524383123 
5.725 0.813302988 
5.775 0.8296882976 
5.825 0.867453526 
5.875 0.84715488 
5.925 0.8232882188 
5.975 0.8359439407 
6.025 0.8440769955 
6.075 0.8204262688 
6.125 0.8418412131 
6.175 0.8371286306 
6.225 0.89539107 
6.275 0.8958957881 
6.325 0.9674916779 
6.375 0.9196983109 
6.425 0.9691948319 
6.475 1.0256973959 
6.525 0.9913232869 
6.575 1.0092565633 
6.625 1.0397406283 
6.675 1.0692014807 
6.725 1.0891322713 
6.775 1.0725898738 
6.825 1.0372343046 
6.875 1.0947422738 
6.925 1.0648929861 
6.975 1.0983181672 
7.025 1.0665937638 
7.075 1.0033343387 
7.125 1.0097538356 
7.175 1.0524811377 
7.225 1.0120615337 
7.275 1.0118843381 
7.325 1.0098176223 
7.375 0.994839867 
7.425 0.9731651197 
7.475 0.926915875 
7.525 0.9807318209 
7.575 0.9530998303 
7.625 0.9763564821 
7.675 0.9624470048 
7.725 0.960548414 
7.775 0.9981619282 
7.825 0.9886013539 
7.875 0.9593457516 
7.925 0.9615032275 
7.975 1.0144033733 
8.025 0.9755574328 
8.075 0.9894344813 
8.125 1.0288656295 
8.175 1.014150883 
8.225 1.0161348665 
8.275 1.075473095 
8.325 1.0915098068 
8.375 1.0599266321 
8.425 1.0541866679 
8.475 1.0606100234 
8.525 1.0837546489 
8.575 1.0113890925 
8.625 1.0551995146 
8.675 1.0806099215 
8.725 1.0473263884 
8.775 1.0755626977 
8.825 1.06868012 
8.875 1.039199342 
8.925 1.0175852257 
8.975 1.0389521775 
9.025 1.0022744877 
9.075 1.0296679105 
9.125 1.0082654715 
9.175 1.0265627817 
9.225 0.9956039074 
9.275 1.021106036 
9.325 0.9738096669 
9.375 0.9810322964 
9.425 0.9461877564 
9.475 0.9816811602 
9.525 0.9631516083 
9.575 0.9607564627 
9.625 0.9445452601 
9.675 0.9745319379 
9.725 0.9596860591 
9.775 0.9612648593 
9.825 0.9687650861 
9.875 0.956751206 
9.925 0.9750791418 
9.975 0.9517390926 
