# Radial distribution function (200 data points):
# "Pair separation distance" g(r)
0.025 0.0 
0.075 0.0 
0.125 0.0 
0.175 0.0 
0.225 0.0 
0.275 0.0 
0.325 0.0 
0.375 0.0 
0.425 0.0 
0.475 0.0 
0.525 0.0 
0.575 0.0 
0.625 0.0 
0.675 0.0 
0.725 0.0 
0.775 0.0 
0.825 0.0 
0.875 0.0 
0.925 0.0 
0.975 0.0 
1.025 0.0 
1.075 0.0 
1.125 0.0 
1.175 0.0 
1.225 0.0 
1.275 0.0 
1.325 0.0 
1.375 0.0 
1.425 0.0 
1.475 0.0 
1.525 0.0 
1.575 0.0 
1.625 0.0 
1.675 0.0 
1.725 0.0 
1.775 0.0 
1.825 0.0 
1.875 0.0 
1.925 0.0 
1.975 0.0 
2.025 0.0 
2.075 0.0 
2.125 0.0 
2.175 0.0 
2.225 0.0 
2.275 0.0 
2.325 0.0 
2.375 0.0042950322 
2.425 0.0123592488 
2.475 0.0751446586 
2.525 0.2925926825 
2.575 0.8074838649 
2.625 1.4661351316 
2.675 2.447866742 
2.725 3.200615478 
2.775 3.7470003068 
2.825 3.5791117219 
2.875 3.0219112985 
2.925 2.4239359512 
2.975 1.7628339096 
3.025 1.2099439322 
3.075 0.8045249752 
3.125 0.5904421326 
3.175 0.466245858 
3.225 0.3331022695 
3.275 0.2642801282 
3.325 0.260774529 
3.375 0.3296749068 
3.425 0.2891404566 
3.475 0.2848924404 
3.525 0.2963655746 
3.575 0.3620627845 
3.625 0.3060517536 
3.675 0.3354516341 
3.725 0.3841256405 
3.775 0.4012189466 
3.825 0.4288845408 
3.875 0.5776214053 
3.925 0.6337668839 
3.975 0.8126537968 
4.025 0.8568937183 
4.075 0.9658440441 
4.125 1.1419072664 
4.175 1.2968005462 
4.225 1.3504368398 
4.275 1.4025494113 
4.325 1.546453827 
4.375 1.6188976556 
4.425 1.6815042807 
4.475 1.7215672569 
4.525 1.7641915961 
4.575 1.7570937881 
4.625 1.6286991641 
4.675 1.6239772682 
4.725 1.4573975185 
4.775 1.4716642659 
4.825 1.3757598306 
4.875 1.3323926608 
4.925 1.185616434 
4.975 1.1393911608 
5.025 1.0371932218 
5.075 0.9218497897 
5.125 0.9399238965 
5.175 0.9299909435 
5.225 0.8971910721 
5.275 0.9168322534 
5.325 0.8868795274 
5.375 0.8654247669 
5.425 0.7845127979 
5.475 0.8260176396 
5.525 0.8103411712 
5.575 0.8169177255 
5.625 0.7955680358 
5.675 0.8237383196 
5.725 0.8138479386 
5.775 0.772937947 
5.825 0.793284967 
5.875 0.8072148977 
5.925 0.8481687897 
5.975 0.8509986562 
6.025 0.8335958326 
6.075 0.8330600294 
6.125 0.8169314563 
6.175 0.8583980921 
6.225 0.8696725751 
6.275 0.9217045823 
6.325 0.9229354701 
6.375 0.9413025103 
6.425 1.0018316704 
6.475 0.9656159653 
6.525 1.0180213234 
6.575 1.0620019115 
6.625 1.0377523224 
6.675 1.0505391524 
6.725 1.0885460771 
6.775 1.081511345 
6.825 1.0631225473 
6.875 1.073344288 
6.925 1.0740673364 
6.975 1.1015508004 
7.025 1.0549979514 
7.075 1.0062583212 
7.125 1.0251146705 
7.175 1.0273486599 
7.225 1.0312793219 
7.275 0.9846511601 
7.325 0.9527417621 
7.375 0.9554572828 
7.425 0.9369196222 
7.475 0.9712559592 
7.525 0.9391384238 
7.575 0.9766039421 
7.625 0.9592543083 
7.675 1.0056115447 
7.725 0.9699008697 
7.775 1.00716329 
7.825 0.9951247107 
7.875 0.9626043302 
7.925 0.9998726894 
7.975 1.006040088 
8.025 1.0289056095 
8.075 1.0306938828 
8.125 1.0382322834 
8.175 1.0146954509 
8.225 1.0142144403 
8.275 1.0497597367 
8.325 1.0452281313 
8.375 1.0811429173 
8.425 1.0618632943 
8.475 1.0669110419 
8.525 1.083768791 
8.575 1.0339347755 
8.625 1.0643202261 
8.675 1.0797732904 
8.725 1.0645688485 
8.775 1.0534155269 
8.825 1.0660883707 
8.875 1.0325786959 
8.925 1.0563233726 
8.975 1.0039821373 
9.025 1.0318544922 
9.075 0.9834486804 
9.125 1.018673408 
9.175 1.0283228517 
9.225 1.0072417226 
9.275 0.9617706308 
9.325 0.9701518958 
9.375 0.9722357105 
9.425 0.9747662934 
9.475 0.9701729039 
9.525 0.9624174919 
9.575 0.9608487152 
9.625 0.973382664 
9.675 0.9685243871 
9.725 0.9245201834 
9.775 0.9772077951 
9.825 0.9462044499 
9.875 0.9821127955 
9.925 0.9670774377 
9.975 0.9393884078 
