# Radial distribution function (200 data points):
# "Pair separation distance" g(r)
0.025 0.0 
0.075 0.0 
0.125 0.0 
0.175 0.0 
0.225 0.0 
0.275 0.0 
0.325 0.0 
0.375 0.0 
0.425 0.0 
0.475 0.0 
0.525 0.0 
0.575 0.0 
0.625 0.0 
0.675 0.0 
0.725 0.0 
0.775 0.0 
0.825 0.0 
0.875 0.0 
0.925 0.0 
0.975 0.0 
1.025 0.0 
1.075 0.0 
1.125 0.0 
1.175 0.0 
1.225 0.0 
1.275 0.0 
1.325 0.0 
1.375 0.0 
1.425 0.0 
1.475 0.0 
1.525 0.0 
1.575 0.0 
1.625 0.0 
1.675 0.0 
1.725 0.0 
1.775 0.0 
1.825 0.0 
1.875 0.0 
1.925 0.0 
1.975 0.0 
2.025 0.0 
2.075 0.0 
2.125 0.0 
2.175 0.0 
2.225 0.0 
2.275 0.0 
2.325 0.0044935512 
2.375 0.0 
2.425 0.0206530161 
2.475 0.0793080314 
2.525 0.3467023515 
2.575 0.666738643 
2.625 1.4594221927 
2.675 2.3694500432 
2.725 3.3039124233 
2.775 3.6117702241 
2.825 3.530710415 
2.875 3.1062806684 
2.925 2.3820561565 
2.975 1.7812008136 
3.025 1.2609135593 
3.075 0.8246270456 
3.125 0.6218462952 
3.175 0.4987997897 
3.225 0.3760192594 
3.275 0.2989477147 
3.325 0.2856302632 
3.375 0.296422833 
3.425 0.3147509678 
3.475 0.3500132528 
3.525 0.2951914497 
3.575 0.3021971078 
3.625 0.351223078 
3.675 0.357918413 
3.725 0.3326188648 
3.775 0.4670492217 
3.825 0.4632202013 
3.875 0.5564951121 
3.925 0.6354365649 
3.975 0.7594502118 
4.025 0.8816421047 
4.075 0.9815539978 
4.125 1.097805665 
4.175 1.279313202 
4.225 1.3662418002 
4.275 1.4580814659 
4.325 1.5661112097 
4.375 1.58889734 
4.425 1.6549200192 
4.475 1.6448316077 
4.525 1.6774909058 
4.575 1.6236168349 
4.625 1.6386680193 
4.675 1.648261565 
4.725 1.5080227827 
4.775 1.4457109766 
4.825 1.3741672819 
4.875 1.3287480983 
4.925 1.1987546405 
4.975 1.1502444244 
5.025 1.0601278163 
5.075 1.0459436578 
5.125 0.940550502 
5.175 0.8489930065 
5.225 0.8968854513 
5.275 0.9035340444 
5.325 0.886646054 
5.375 0.81473441 
5.425 0.8460064164 
5.475 0.8168486912 
5.525 0.8029268635 
5.575 0.7940601551 
5.625 0.7930576508 
5.675 0.8130861634 
5.725 0.8085806775 
5.775 0.8383415367 
5.825 0.8147044471 
5.875 0.7931547028 
5.925 0.8268771094 
5.975 0.8348694318 
6.025 0.8712579222 
6.075 0.849735137 
6.125 0.8449835703 
6.175 0.8358144769 
6.225 0.8506504813 
6.275 0.8784814229 
6.325 0.9223309949 
6.375 0.9479663671 
6.425 0.9609262996 
6.475 1.0255194783 
6.525 1.0104335429 
6.575 1.0513142016 
6.625 1.0631777741 
6.675 1.0794759484 
6.725 1.0726149301 
6.775 1.0970617737 
6.825 1.0758316705 
6.875 1.0597262508 
6.925 1.0505570963 
6.975 1.0615130249 
7.025 1.0651606566 
7.075 1.0389970684 
7.125 1.0469553219 
7.175 1.0059907394 
7.225 1.0181745383 
7.275 1.0129475985 
7.325 0.9765299141 
7.375 0.9731591453 
7.425 0.9768401166 
7.475 0.9238198123 
7.525 1.0128234115 
7.575 0.9673234231 
7.625 0.9960413074 
7.675 0.9699098368 
7.725 0.9639079374 
7.775 0.990930352 
7.825 0.9997299927 
7.875 1.0074435743 
7.925 1.0237792187 
7.975 0.9804273401 
8.025 0.9916340934 
8.075 0.9879601354 
8.125 1.0159460534 
8.175 1.0133704679 
8.225 1.0553069206 
8.275 1.0472042058 
8.325 1.0623521406 
8.375 1.028579534 
8.425 1.0153804642 
8.475 1.0484153508 
8.525 1.0478518288 
8.575 1.0640783027 
8.625 1.087696071 
8.675 1.051953498 
8.725 1.0217428767 
8.775 1.0577681327 
8.825 1.0667136856 
8.875 1.0547282654 
8.925 1.0246464572 
8.975 1.0289430441 
9.025 1.0172753902 
9.075 1.0016723053 
9.125 1.0222323376 
9.175 1.0073699206 
9.225 1.0096098936 
9.275 0.9798349746 
9.325 0.9741045608 
9.375 0.9695458534 
9.425 0.9792485463 
9.475 0.9543295363 
9.525 1.0027050608 
9.575 0.9927902234 
9.625 0.9489394043 
9.675 0.9773041715 
9.725 0.940054991 
9.775 0.9416485669 
9.825 0.9534784915 
9.875 0.9797181659 
9.925 0.9649398658 
9.975 0.967985439 
