# Radial distribution function (200 data points):
# "Pair separation distance" g(r)
0.025 0.0 
0.075 0.0 
0.125 0.0 
0.175 0.0 
0.225 0.0 
0.275 0.0 
0.325 0.0 
0.375 0.0 
0.425 0.0 
0.475 0.0 
0.525 0.0 
0.575 0.0 
0.625 0.0 
0.675 0.0 
0.725 0.0 
0.775 0.0 
0.825 0.0 
0.875 0.0 
0.925 0.0 
0.975 0.0 
1.025 0.0 
1.075 0.0 
1.125 0.0 
1.175 0.0 
1.225 0.0 
1.275 0.0 
1.325 0.0 
1.375 0.0 
1.425 0.0 
1.475 0.0 
1.525 0.0 
1.575 0.0 
1.625 0.0 
1.675 0.0 
1.725 0.0 
1.775 0.0 
1.825 0.0 
1.875 0.0 
1.925 0.0 
1.975 0.0 
2.025 0.0 
2.075 0.0 
2.125 0.0 
2.175 0.0 
2.225 0.0 
2.275 0.0 
2.325 0.0 
2.375 0.0 
2.425 0.0246728268 
2.475 0.0907965171 
2.525 0.2920520772 
2.575 0.7148163698 
2.625 1.4002567666 
2.675 2.4534823275 
2.725 3.4128925493 
2.775 3.5045559725 
2.825 3.4634148861 
2.875 3.007551001 
2.925 2.5975249373 
2.975 1.7841671904 
3.025 1.2922744085 
3.075 0.7774640297 
3.125 0.5398258977 
3.175 0.5037666235 
3.225 0.3743383046 
3.275 0.3111390866 
3.325 0.299664719 
3.375 0.3184507616 
3.425 0.3236512719 
3.475 0.3164073088 
3.525 0.326956735 
3.575 0.3235515384 
3.625 0.2999654444 
3.675 0.352737287 
3.725 0.385158715 
3.775 0.4242347874 
3.825 0.4594965586 
3.875 0.5620597915 
3.925 0.5917832727 
3.975 0.7575856452 
4.025 0.8478470467 
4.075 0.9713409303 
4.125 1.1341126601 
4.175 1.2291987269 
4.225 1.4156774865 
4.275 1.4317150893 
4.325 1.5991867005 
4.375 1.6335943151 
4.425 1.6376416813 
4.475 1.6592150012 
4.525 1.6829833083 
4.575 1.6799038183 
4.625 1.6415172189 
4.675 1.5357786511 
4.725 1.4731187602 
4.775 1.4381874667 
4.825 1.362830497 
4.875 1.2688782016 
4.925 1.197383689 
4.975 1.1841843694 
5.025 1.0764580903 
5.075 0.9933826988 
5.125 1.009080701 
5.175 0.9725191164 
5.225 0.9167923407 
5.275 0.8690771884 
5.325 0.895474894 
5.375 0.8730332206 
5.425 0.83072088 
5.475 0.809163339 
5.525 0.8294413516 
5.575 0.8301915242 
5.625 0.8269626175 
5.675 0.7929319315 
5.725 0.8765349318 
5.775 0.7910876248 
5.825 0.853112204 
5.875 0.7580806785 
5.925 0.8066481436 
5.975 0.8175897662 
6.025 0.8253938748 
6.075 0.8439707147 
6.125 0.8031746168 
6.175 0.8314438499 
6.225 0.9111257896 
6.275 0.870869344 
6.325 0.954476717 
6.375 0.9633648016 
6.425 0.9361271681 
6.475 0.9632550573 
6.525 1.0456760512 
6.575 1.0186450258 
6.625 1.0429976203 
6.675 1.0491408891 
6.725 1.0651463571 
6.775 1.0589660021 
6.825 1.0912694268 
6.875 1.0652215311 
6.925 1.1361254274 
6.975 1.0741650396 
7.025 1.0863699218 
7.075 1.0039160038 
7.125 1.0236969895 
7.175 1.0151161303 
7.225 0.9608107337 
7.275 0.9892287416 
7.325 0.953685653 
7.375 0.9839255345 
7.425 0.9386976842 
7.475 0.9651334771 
7.525 0.9899319824 
7.575 0.9646848802 
7.625 0.9404286262 
7.675 0.9889743456 
7.725 0.9705402602 
7.775 0.9720990343 
7.825 0.9865720196 
7.875 0.9682347511 
7.925 1.0049560179 
7.975 1.038401781 
8.025 1.0089803528 
8.075 1.0350943002 
8.125 1.0300865979 
8.175 1.0580520233 
8.225 1.0359332214 
8.275 1.0534706909 
8.325 1.0293397787 
8.375 1.0822483306 
8.425 1.0694408084 
8.475 1.0646030901 
8.525 1.0474932514 
8.575 1.0484684226 
8.625 1.0604032819 
8.675 1.041466709 
8.725 1.0626019108 
8.775 1.0615190813 
8.825 1.0656711767 
8.875 1.0481710846 
8.925 1.0513357592 
8.975 1.0198399943 
9.025 1.0195564796 
9.075 1.0203918311 
9.125 0.9767120925 
9.175 1.0051647549 
9.225 0.9840682251 
9.275 1.0263357927 
9.325 1.0000633043 
9.375 0.9638358709 
9.425 0.9884826317 
9.475 0.9780776479 
9.525 0.9899595821 
9.575 0.9625024451 
9.625 0.9637530591 
9.675 0.9520091192 
9.725 0.9601438288 
9.775 0.9430069679 
9.825 0.9291745546 
9.875 0.9731065426 
9.925 0.9569437617 
9.975 0.9558808445 
