# Radial distribution function (200 data points):
# "Pair separation distance" g(r)
0.025 0.0 
0.075 0.0 
0.125 0.0 
0.175 0.0 
0.225 0.0 
0.275 0.0 
0.325 0.0 
0.375 0.0 
0.425 0.0 
0.475 0.0 
0.525 0.0 
0.575 0.0 
0.625 0.0 
0.675 0.0 
0.725 0.0 
0.775 0.0 
0.825 0.0 
0.875 0.0 
0.925 0.0 
0.975 0.0 
1.025 0.0 
1.075 0.0 
1.125 0.0 
1.175 0.0 
1.225 0.0 
1.275 0.0 
1.325 0.0 
1.375 0.0 
1.425 0.0 
1.475 0.0 
1.525 0.0 
1.575 0.0 
1.625 0.0 
1.675 0.0 
1.725 0.0 
1.775 0.0 
1.825 0.0 
1.875 0.0 
1.925 0.0 
1.975 0.0 
2.025 0.0 
2.075 0.0 
2.125 0.0 
2.175 0.0 
2.225 0.0 
2.275 0.0 
2.325 0.0 
2.375 0.0043124286 
2.425 0.004136436 
2.475 0.0635360175 
2.525 0.2670707142 
2.575 0.6640115697 
2.625 1.3485181644 
2.675 2.4543820405 
2.725 3.2332340122 
2.775 3.7463827795 
2.825 3.6667607142 
2.875 3.1047811935 
2.925 2.3370859538 
2.975 1.8221937357 
3.025 1.2600357868 
3.075 0.9081133919 
3.125 0.5753973473 
3.175 0.4295253015 
3.225 0.3975996267 
3.275 0.3175134852 
3.325 0.2860336005 
3.375 0.3096547087 
3.425 0.2778696522 
3.475 0.2840319438 
3.525 0.3269310209 
3.575 0.3692391496 
3.625 0.2998867593 
3.675 0.3458159548 
3.725 0.4049655584 
3.775 0.4386903145 
3.825 0.4721874724 
3.875 0.5734809638 
3.925 0.6489658 
3.975 0.6619933809 
4.025 0.8138176715 
4.075 1.0239569184 
4.125 1.057897718 
4.175 1.2127375079 
4.225 1.310936817 
4.275 1.484098965 
4.325 1.574824876 
4.375 1.5466602362 
4.425 1.6547722819 
4.475 1.64108069 
4.525 1.7416367019 
4.575 1.6723973013 
4.625 1.6136891362 
4.675 1.583808661 
4.725 1.5177792871 
4.775 1.4584212319 
4.825 1.4137234391 
4.875 1.2794465558 
4.925 1.264631719 
4.975 1.135160687 
5.025 1.0895623137 
5.075 1.0936998108 
5.125 0.9344695746 
5.175 0.9973404583 
5.225 0.8642930371 
5.275 0.8855772465 
5.325 0.8475780736 
5.375 0.8108329743 
5.425 0.772812673 
5.475 0.8472165227 
5.525 0.8486864391 
5.575 0.7975294209 
5.625 0.8526068484 
5.675 0.8044151667 
5.725 0.8379254534 
5.775 0.833690253 
5.825 0.758501293 
5.875 0.7837031776 
5.925 0.82042257 
5.975 0.8483131155 
6.025 0.8242400253 
6.075 0.8634584882 
6.125 0.8383958323 
6.175 0.862512859 
6.225 0.8939106811 
6.275 0.9297622852 
6.325 0.9497797195 
6.375 0.9283556331 
6.425 0.9422479292 
6.475 0.9683666336 
6.525 0.9838642352 
6.575 1.0055325391 
6.625 1.0220032427 
6.675 1.0635295605 
6.725 1.0934929424 
6.775 1.1039105487 
6.825 1.1170399728 
6.875 1.0766623952 
6.925 1.0606638672 
6.975 1.0965123607 
7.025 1.0198379853 
7.075 1.04386603 
7.125 1.0158498598 
7.175 1.0093013722 
7.225 1.0401163848 
7.275 0.9794469734 
7.325 1.0314059688 
7.375 0.9615634142 
7.425 0.9799844513 
7.475 0.9516808448 
7.525 0.9446606099 
7.575 0.924176298 
7.625 0.9882431773 
7.675 0.928744671 
7.725 0.9534477828 
7.775 1.0136570822 
7.825 1.0071008842 
7.875 0.9782707061 
7.925 1.0039225248 
7.975 1.0242664565 
8.025 1.0039883496 
8.075 1.0218114534 
8.125 1.0092740478 
8.175 1.0002418826 
8.225 1.0352224888 
8.275 1.031986448 
8.325 1.059991388 
8.375 1.0643663865 
8.425 1.0298371782 
8.475 1.0529438984 
8.525 1.0730962604 
8.575 1.0665733523 
8.625 1.0669961042 
8.675 1.0243473628 
8.725 1.0624898099 
8.775 1.0513639367 
8.825 1.0547891516 
8.875 1.1071755116 
8.925 1.0157102687 
8.975 1.0403617396 
9.025 1.0318526964 
9.075 1.0317379452 
9.125 1.0134507552 
9.175 1.0050358204 
9.225 0.9895971466 
9.275 0.9880051219 
9.325 0.9824737813 
9.375 1.0160287239 
9.425 0.998704969 
9.475 0.9751862861 
9.525 0.9861567294 
9.575 0.9570459149 
9.625 0.989141335 
9.675 0.9477592527 
9.725 0.9614446875 
9.775 0.9579987071 
9.825 0.9530609003 
9.875 0.922729443 
9.925 0.9514856512 
9.975 0.9629959185 
