# Radial distribution function (200 data points):
# "Pair separation distance" g(r)
0.025 0.0 
0.075 0.0 
0.125 0.0 
0.175 0.0 
0.225 0.0 
0.275 0.0 
0.325 0.0 
0.375 0.0 
0.425 0.0 
0.475 0.0 
0.525 0.0 
0.575 0.0 
0.625 0.0 
0.675 0.0 
0.725 0.0 
0.775 0.0 
0.825 0.0 
0.875 0.0 
0.925 0.0 
0.975 0.0 
1.025 0.0 
1.075 0.0 
1.125 0.0 
1.175 0.0 
1.225 0.0 
1.275 0.0 
1.325 0.0 
1.375 0.0 
1.425 0.0 
1.475 0.0 
1.525 0.0 
1.575 0.0 
1.625 0.0 
1.675 0.0 
1.725 0.0 
1.775 0.0 
1.825 0.0 
1.875 0.0 
1.925 0.0 
1.975 0.0 
2.025 0.0 
2.075 0.0 
2.125 0.0 
2.175 0.0 
2.225 0.0 
2.275 0.0 
2.325 0.0 
2.375 0.0128272281 
2.425 0.0205062366 
2.475 0.0826816146 
2.525 0.2837129363 
2.575 0.7565716335 
2.625 1.4245493355 
2.675 2.4806896153 
2.725 3.2122247582 
2.775 3.626817197 
2.825 3.4784191501 
2.875 3.0229289677 
2.925 2.3482131542 
2.975 1.6840661378 
3.025 1.2414095807 
3.075 0.9080400842 
3.125 0.664351321 
3.175 0.5000399265 
3.225 0.398855092 
3.275 0.3148123944 
3.325 0.3817696473 
3.375 0.2689075864 
3.425 0.279617839 
3.475 0.2916020525 
3.525 0.3125037139 
3.575 0.3472269956 
3.625 0.3175250749 
3.675 0.3625179229 
3.725 0.3789241194 
3.775 0.4417281511 
3.825 0.473116032 
3.875 0.6280325444 
3.925 0.6340516823 
3.975 0.744894317 
4.025 0.9185496604 
4.075 1.0181509582 
4.125 1.1537879872 
4.175 1.2619191155 
4.225 1.3538297629 
4.275 1.4516781078 
4.325 1.6026876828 
4.375 1.5864256369 
4.425 1.6468538808 
4.475 1.6825215671 
4.525 1.6691028377 
4.575 1.6662363496 
4.625 1.515396905 
4.675 1.6222014889 
4.725 1.475699235 
4.775 1.4333208099 
4.825 1.3478253052 
4.875 1.2776959379 
4.925 1.2638169678 
4.975 1.1527888043 
5.025 1.0736072287 
5.075 1.0047984281 
5.125 0.9834518866 
5.175 0.9834524866 
5.225 0.9170146649 
5.275 0.8563742421 
5.325 0.9024596641 
5.375 0.8548594538 
5.425 0.8383548971 
5.475 0.8335723897 
5.525 0.8019611772 
5.575 0.7814328193 
5.625 0.8240102462 
5.675 0.8028142551 
5.725 0.8065135026 
5.775 0.7680202267 
5.825 0.7477837873 
5.875 0.8322393176 
5.925 0.8422984755 
5.975 0.8323139724 
6.025 0.8026111162 
6.075 0.8273580954 
6.125 0.8621225626 
6.175 0.8615007146 
6.225 0.8495842176 
6.275 0.8373240928 
6.325 0.9163789357 
6.375 0.9026542695 
6.425 0.9803887788 
6.475 1.0015483013 
6.525 1.0213801204 
6.575 0.9975363686 
6.625 1.0270469704 
6.675 1.0847957563 
6.725 1.0921900242 
6.775 1.1171140682 
6.825 1.1158218251 
6.875 1.0511742949 
6.925 1.0818169939 
6.975 1.0807395405 
7.025 1.1015754595 
7.075 1.0581140252 
7.125 1.0148095834 
7.175 1.0302307114 
7.225 1.0174069725 
7.275 0.9902545638 
7.325 0.9695897862 
7.375 0.9839803384 
7.425 0.9821472825 
7.475 0.9655989881 
7.525 0.9651618124 
7.575 0.9856683852 
7.625 0.9765175153 
7.675 0.9486861507 
7.725 1.0176819331 
7.775 0.9655347414 
7.825 0.9607191805 
7.875 1.0084509142 
7.925 1.0218795858 
7.975 0.9882491204 
8.025 1.0149219259 
8.075 1.0086802548 
8.125 1.0050723179 
8.175 1.0108601204 
8.225 1.0239202121 
8.275 1.055964051 
8.325 1.0311377644 
8.375 1.0587504274 
8.425 1.0771420975 
8.475 1.0698427037 
8.525 1.0516883184 
8.575 1.0843967129 
8.625 1.0504621717 
8.675 1.0364650867 
8.725 1.0433127194 
8.775 1.0543226036 
8.825 1.0399319781 
8.875 1.0603993443 
8.925 1.0261451918 
8.975 1.0360027117 
9.025 1.0141912865 
9.075 1.0314538867 
9.125 1.0028017006 
9.175 1.0082329287 
9.225 0.9936488404 
9.275 0.9902540738 
9.325 0.95941537 
9.375 0.9826878126 
9.425 0.9855932486 
9.475 0.9545322223 
9.525 0.9809575889 
9.575 0.9710024465 
9.625 0.9614610293 
9.675 0.961082676 
9.725 0.974687367 
9.775 0.9440433868 
9.825 0.9459526221 
9.875 0.9784440072 
9.925 0.972772863 
9.975 0.9497133541 
