# Radial distribution function (200 data points):
# "Pair separation distance" g(r)
0.025 0.0 
0.075 0.0 
0.125 0.0 
0.175 0.0 
0.225 0.0 
0.275 0.0 
0.325 0.0 
0.375 0.0 
0.425 0.0 
0.475 0.0 
0.525 0.0 
0.575 0.0 
0.625 0.0 
0.675 0.0 
0.725 0.0 
0.775 0.0 
0.825 0.0 
0.875 0.0 
0.925 0.0 
0.975 0.0 
1.025 0.0 
1.075 0.0 
1.125 0.0 
1.175 0.0 
1.225 0.0 
1.275 0.0 
1.325 0.0 
1.375 0.0 
1.425 0.0 
1.475 0.0 
1.525 0.0 
1.575 0.0 
1.625 0.0 
1.675 0.0 
1.725 0.0 
1.775 0.0 
1.825 0.0 
1.875 0.0 
1.925 0.0 
1.975 0.0 
2.025 0.0 
2.075 0.0 
2.125 0.0 
2.175 0.0 
2.225 0.0 
2.275 0.0 
2.325 0.0 
2.375 0.0 
2.425 0.016512425 
2.475 0.0792600895 
2.525 0.2893785762 
2.575 0.8310889047 
2.625 1.5325238793 
2.675 2.588535112 
2.725 3.2071077329 
2.775 3.7325335269 
2.825 3.5468273463 
2.875 3.0779699649 
2.925 2.2983302973 
2.975 1.6566948227 
3.025 1.2574983833 
3.075 0.8087242841 
3.125 0.5866680457 
3.175 0.4479259762 
3.225 0.3034344976 
3.275 0.3462981136 
3.325 0.2591076667 
3.375 0.2962436445 
3.425 0.2441984381 
3.475 0.2452632391 
3.525 0.3028279197 
3.575 0.2925171197 
3.625 0.3547056128 
3.675 0.3343345797 
3.725 0.3464143345 
3.775 0.4258821981 
3.825 0.4712366025 
3.875 0.5351410836 
3.925 0.6807510045 
3.975 0.8020108617 
4.025 0.8226682366 
4.075 1.0160471665 
4.125 1.0957153257 
4.175 1.2339720156 
4.225 1.3830955912 
4.275 1.5541696083 
4.325 1.4457655415 
4.375 1.6805242192 
4.425 1.6985531283 
4.475 1.6911158088 
4.525 1.7499857441 
4.575 1.6609105267 
4.625 1.6944230199 
4.675 1.6250498769 
4.725 1.5375578692 
4.775 1.4586785152 
4.825 1.4150476522 
4.875 1.2380532139 
4.925 1.1079525471 
4.975 1.1593575378 
5.025 1.0517955907 
5.075 1.0198619614 
5.125 1.0037565223 
5.175 0.9382228424 
5.225 0.9141278705 
5.275 0.8593652539 
5.325 0.868987174 
5.375 0.8285268464 
5.425 0.8430203836 
5.475 0.8422709326 
5.525 0.8191424546 
5.575 0.7904558123 
5.625 0.8271048871 
5.675 0.7831965138 
5.725 0.7769829429 
5.775 0.8159971873 
5.825 0.7555429047 
5.875 0.8151824326 
5.925 0.8291433762 
5.975 0.8098846115 
6.025 0.814555035 
6.075 0.829487431 
6.125 0.8554735701 
6.175 0.8811493651 
6.225 0.8952429746 
6.275 0.9248072807 
6.325 0.910850519 
6.375 0.9264861523 
6.425 0.9644620232 
6.475 1.0330060991 
6.525 1.0223671148 
6.575 1.0130541621 
6.625 1.0326668374 
6.675 1.0684710564 
6.725 1.0198980518 
6.775 1.1075053843 
6.825 1.0574614217 
6.875 1.0734670197 
6.925 1.0929516231 
6.975 1.0733463059 
7.025 1.0841935989 
7.075 1.032064089 
7.125 1.014760606 
7.175 1.039335499 
7.225 0.9836094097 
7.275 0.9926114734 
7.325 0.972772433 
7.375 0.9582880465 
7.425 0.9634795469 
7.475 0.9701847616 
7.525 0.963765642 
7.575 0.9477000562 
7.625 0.9808249476 
7.675 0.9820994714 
7.725 0.9909883085 
7.775 0.9943472739 
7.825 0.9753369471 
7.875 0.97356049 
7.925 0.9887586525 
7.975 0.9947211326 
8.025 1.0008356751 
8.075 1.0242214809 
8.125 1.0138609486 
8.175 1.0243820764 
8.225 1.0571809557 
8.275 1.0713882349 
8.325 1.0333369647 
8.375 1.062569127 
8.425 1.0718836281 
8.475 1.0558934382 
8.525 1.0549013414 
8.575 1.057492242 
8.625 1.0779010355 
8.675 1.0764795321 
8.725 1.0625825319 
8.775 1.0681634554 
8.825 1.0588993853 
8.875 1.0491592608 
8.925 1.042008483 
8.975 1.059363562 
9.025 1.0235156746 
9.075 0.99310778 
9.125 1.0178241592 
9.175 0.9885925466 
9.225 1.0084290419 
9.275 0.9529978295 
9.325 1.0114847789 
9.375 0.9570825453 
9.425 0.9617125196 
9.475 0.9899882111 
9.525 0.9654400303 
9.575 0.9535298837 
9.625 0.9580616875 
9.675 0.9645239224 
9.725 0.9571983601 
9.775 0.9547991768 
9.825 0.9564229951 
9.875 0.9868434175 
9.925 0.9732287359 
9.975 0.9293386383 
