# Radial distribution function (200 data points):
# "Pair separation distance" g(r)
0.025 0.0 
0.075 0.0 
0.125 0.0 
0.175 0.0 
0.225 0.0 
0.275 0.0 
0.325 0.0 
0.375 0.0 
0.425 0.0 
0.475 0.0 
0.525 0.0 
0.575 0.0 
0.625 0.0 
0.675 0.0 
0.725 0.0 
0.775 0.0 
0.825 0.0 
0.875 0.0 
0.925 0.0 
0.975 0.0 
1.025 0.0 
1.075 0.0 
1.125 0.0 
1.175 0.0 
1.225 0.0 
1.275 0.0 
1.325 0.0 
1.375 0.0 
1.425 0.0 
1.475 0.0 
1.525 0.0 
1.575 0.0 
1.625 0.0 
1.675 0.0 
1.725 0.0 
1.775 0.0 
1.825 0.0 
1.875 0.0 
1.925 0.0 
1.975 0.0 
2.025 0.0 
2.075 0.0 
2.125 0.0 
2.175 0.0 
2.225 0.0 
2.275 0.0 
2.325 0.0 
2.375 0.0 
2.425 0.012339545 
2.475 0.0987169199 
2.525 0.2352185117 
2.575 0.6894621929 
2.625 1.4322049863 
2.675 2.5453735306 
2.725 3.2411165415 
2.775 3.8729520185 
2.825 3.4794484847 
2.875 2.9644188444 
2.925 2.502059994 
2.975 1.587847296 
3.025 1.2397352829 
3.075 0.8799852606 
3.125 0.5449167238 
3.175 0.4655025448 
3.225 0.3674563138 
3.275 0.3788741732 
3.325 0.2997407905 
3.375 0.2888019858 
3.425 0.3278574253 
3.475 0.3084752854 
3.525 0.2744797773 
3.575 0.2990299441 
3.625 0.3552639712 
3.675 0.336707839 
3.725 0.3120403242 
3.775 0.4447109208 
3.825 0.4943321873 
3.875 0.5493153107 
3.925 0.6971312308 
3.975 0.7501236394 
4.025 0.8331316033 
4.075 0.9672175516 
4.125 1.1216065693 
4.175 1.2225722172 
4.225 1.3577693181 
4.275 1.5048736576 
4.325 1.5776095782 
4.375 1.6921408095 
4.425 1.6565874665 
4.475 1.6052813043 
4.525 1.6751411575 
4.575 1.6757076291 
4.625 1.6668117135 
4.675 1.5616237587 
4.725 1.5070796856 
4.775 1.4481004735 
4.825 1.3631764588 
4.875 1.3302684917 
4.925 1.1966904092 
4.975 1.1199833235 
5.025 1.0604462721 
5.075 1.0105398154 
5.125 0.9614486162 
5.175 0.9402501405 
5.225 0.9382894228 
5.275 0.8788600842 
5.325 0.8624332757 
5.375 0.8305549434 
5.425 0.8309317629 
5.475 0.8513300405 
5.525 0.7781453441 
5.575 0.8459674512 
5.625 0.7973576394 
5.675 0.8066525378 
5.725 0.8516650601 
5.775 0.7912884466 
5.825 0.8397838699 
5.875 0.8248497817 
5.925 0.815810292 
5.975 0.7913730445 
6.025 0.8149418602 
6.075 0.8219005755 
6.125 0.8846190301 
6.175 0.9014352678 
6.225 0.895127437 
6.275 0.9177779166 
6.325 0.9311382423 
6.375 0.9046857458 
6.425 0.9844135664 
6.475 0.9871543649 
6.525 0.9749242894 
6.575 1.0009986633 
6.625 1.0383023477 
6.675 1.1335552372 
6.725 1.0584637292 
6.775 1.0734633538 
6.825 1.032866742 
6.875 1.086986017 
6.925 1.1006014187 
6.975 1.079409669 
7.025 1.0405723169 
7.075 1.0041708532 
7.125 1.024433341 
7.175 0.9928204015 
7.225 1.0226844705 
7.275 0.9584015112 
7.325 0.9787226597 
7.375 0.9539340435 
7.425 0.9310383853 
7.475 0.9757682049 
7.525 0.9440487717 
7.575 0.9784193961 
7.625 0.9793591168 
7.675 0.9990806986 
7.725 0.9570051148 
7.775 0.9963543453 
7.825 0.9789215657 
7.875 1.0203564637 
7.925 1.004825993 
7.975 0.9808561067 
8.025 1.0336504706 
8.075 1.0565019418 
8.125 0.9933405669 
8.175 1.0203166261 
8.225 1.037626421 
8.275 1.06327581 
8.325 1.0536832769 
8.375 1.0628659084 
8.425 1.0635782294 
8.475 1.0813751776 
8.525 1.0880319899 
8.575 1.0388656868 
8.625 1.0499421854 
8.675 1.0600521869 
8.725 1.042535698 
8.775 1.0542492265 
8.825 1.0690475937 
8.875 1.0447519763 
8.925 1.0291312066 
8.975 1.0540321137 
9.025 1.0227850586 
9.075 1.0136017635 
9.125 1.0214069244 
9.175 0.9858804658 
9.225 0.9803386966 
9.275 0.9987592924 
9.325 0.9841830277 
9.375 0.9627044673 
9.425 0.9718507538 
9.475 0.9645846484 
9.525 0.9638159296 
9.575 0.9709257758 
9.625 0.9626921906 
9.675 0.9463072997 
9.725 0.9770121182 
9.775 0.9503346263 
9.825 0.9662460556 
9.875 0.9403627388 
9.925 0.9601333879 
9.975 0.970466568 
