# Radial distribution function (200 data points):
# "Pair separation distance" g(r)
0.025 0.0 
0.075 0.0 
0.125 0.0 
0.175 0.0 
0.225 0.0 
0.275 0.0 
0.325 0.0 
0.375 0.0 
0.425 0.0 
0.475 0.0 
0.525 0.0 
0.575 0.0 
0.625 0.0 
0.675 0.0 
0.725 0.0 
0.775 0.0 
0.825 0.0 
0.875 0.0 
0.925 0.0 
0.975 0.0 
1.025 0.0 
1.075 0.0 
1.125 0.0 
1.175 0.0 
1.225 0.0 
1.275 0.0 
1.325 0.0 
1.375 0.0 
1.425 0.0 
1.475 0.0 
1.525 0.0 
1.575 0.0 
1.625 0.0 
1.675 0.0 
1.725 0.0 
1.775 0.0 
1.825 0.0 
1.875 0.0 
1.925 0.0 
1.975 0.0 
2.025 0.0 
2.075 0.0 
2.125 0.0 
2.175 0.0 
2.225 0.0 
2.275 0.0 
2.325 0.0 
2.375 0.0 
2.425 0.0287108256 
2.475 0.0708751255 
2.525 0.2269869068 
2.575 0.8184665188 
2.625 1.4876600359 
2.675 2.3359284171 
2.725 3.0695387699 
2.775 3.7523695762 
2.825 3.6267658433 
2.875 2.9939685141 
2.925 2.5541852579 
2.975 1.6814637674 
3.025 1.1914183961 
3.075 0.8647416988 
3.125 0.5903031558 
3.175 0.468971174 
3.225 0.3687359654 
3.275 0.3912953764 
3.325 0.2945294983 
3.375 0.3282182405 
3.425 0.2816944009 
3.475 0.2896259051 
3.525 0.3105853529 
3.575 0.3189437127 
3.625 0.3689433294 
3.675 0.362544369 
3.725 0.4050264248 
3.775 0.4722266085 
3.825 0.5176629671 
3.875 0.5670374964 
3.925 0.6575830458 
3.975 0.8151692281 
4.025 0.8605517586 
4.075 1.0196777659 
4.125 1.1141812231 
4.175 1.2301841378 
4.225 1.4079775693 
4.275 1.4742206712 
4.325 1.548647084 
4.375 1.5021106522 
4.425 1.6999432674 
4.475 1.6368744565 
4.525 1.6892505838 
4.575 1.584538117 
4.625 1.5527185754 
4.675 1.578175073 
4.725 1.5125400033 
4.775 1.4196729517 
4.825 1.3541400347 
4.875 1.310266711 
4.925 1.2171713749 
4.975 1.0944009031 
5.025 1.1052083459 
5.075 1.0376494651 
5.125 0.9642388534 
5.175 0.8961598987 
5.225 0.8914598229 
5.275 0.9439874324 
5.325 0.8804089463 
5.375 0.8206915487 
5.425 0.8490704145 
5.475 0.8239772168 
5.525 0.837577204 
5.575 0.783817998 
5.625 0.774519412 
5.675 0.7946343875 
5.725 0.8242345067 
5.775 0.8194259854 
5.825 0.8246126171 
5.875 0.7868764351 
5.925 0.858849839 
5.975 0.7999445079 
6.025 0.8099787457 
6.075 0.8339541429 
6.125 0.8763301832 
6.175 0.8900293184 
6.225 0.9324322353 
6.275 0.9366217519 
6.325 0.9007697402 
6.375 0.9525744847 
6.425 0.9541666679 
6.475 0.9717050466 
6.525 1.0248538147 
6.575 1.0439187366 
6.625 1.0859244857 
6.675 1.0150401323 
6.725 1.10880308 
6.775 1.07252876 
6.825 1.0822448916 
6.875 1.090545312 
6.925 1.064794816 
6.975 0.9940554382 
7.025 1.0307862138 
7.075 1.0056671527 
7.125 1.0543196355 
7.175 1.0026623726 
7.225 1.0045431947 
7.275 0.9930612544 
7.325 0.9894403347 
7.375 0.9831651879 
7.425 0.9704060532 
7.475 0.9764614438 
7.525 1.0001611904 
7.575 0.9739702575 
7.625 0.952111805 
7.675 0.9741428562 
7.725 0.9801662916 
7.775 0.9668022095 
7.825 0.9808795705 
7.875 0.9999677758 
7.925 1.0442289695 
7.975 1.0156270958 
8.025 1.0311010677 
8.075 1.002095398 
8.125 1.0277988669 
8.175 1.0408901332 
8.225 1.0475268246 
8.275 1.0486438657 
8.325 1.0211201161 
8.375 1.0550449089 
8.425 1.0320249822 
8.475 1.0739505833 
8.525 1.0574072004 
8.575 1.0559369835 
8.625 1.0596175345 
8.675 1.0647458871 
8.725 1.0776086886 
8.775 1.0296527672 
8.825 1.031645659 
8.875 1.0549645501 
8.925 0.9956363309 
8.975 1.0435644041 
9.025 1.0264068426 
9.075 1.0089772462 
9.125 1.0205453836 
9.175 0.9616017472 
9.225 0.9792661691 
9.275 1.0152807425 
9.325 0.9894432728 
9.375 0.9443382971 
9.425 0.937060724 
9.475 0.9822753693 
9.525 0.992992921 
9.575 0.9600234102 
9.625 0.9714250721 
9.675 0.9583182893 
9.725 0.945684043 
9.775 0.9655693526 
9.825 0.9495198614 
9.875 0.9505648705 
9.925 0.9806794691 
9.975 0.9754786448 
