# Radial distribution function (200 data points):
# "Pair separation distance" g(r)
0.025 0.0 
0.075 0.0 
0.125 0.0 
0.175 0.0 
0.225 0.0 
0.275 0.0 
0.325 0.0 
0.375 0.0 
0.425 0.0 
0.475 0.0 
0.525 0.0 
0.575 0.0 
0.625 0.0 
0.675 0.0 
0.725 0.0 
0.775 0.0 
0.825 0.0 
0.875 0.0 
0.925 0.0 
0.975 0.0 
1.025 0.0 
1.075 0.0 
1.125 0.0 
1.175 0.0 
1.225 0.0 
1.275 0.0 
1.325 0.0 
1.375 0.0 
1.425 0.0 
1.475 0.0 
1.525 0.0 
1.575 0.0 
1.625 0.0 
1.675 0.0 
1.725 0.0 
1.775 0.0 
1.825 0.0 
1.875 0.0 
1.925 0.0 
1.975 0.0 
2.025 0.0 
2.075 0.0 
2.125 0.0 
2.175 0.0 
2.225 0.0 
2.275 0.0 
2.325 0.0 
2.375 0.0 
2.425 0.0041265696 
2.475 0.0990382314 
2.525 0.2512089012 
2.575 0.7429438125 
2.625 1.4298231748 
2.675 2.3569622781 
2.725 3.3072220824 
2.775 3.5010988995 
2.825 3.7097072048 
2.875 3.2118756431 
2.925 2.3910755735 
2.975 1.6944640394 
3.025 1.2464224326 
3.075 0.8263881997 
3.125 0.5417204488 
3.175 0.4549811602 
3.225 0.410650707 
3.275 0.3258063106 
3.325 0.2809613175 
3.375 0.3025247363 
3.425 0.2710007391 
3.475 0.3134985469 
3.525 0.3417752178 
3.575 0.2753194383 
3.625 0.3471866252 
3.675 0.3126481811 
3.725 0.3970039489 
3.775 0.5364118175 
3.825 0.4727198521 
3.875 0.5704969282 
3.925 0.6537187562 
3.975 0.755636895 
4.025 0.8508226164 
4.075 0.9776726974 
4.125 1.1295358065 
4.175 1.227943767 
4.225 1.4274432396 
4.275 1.4194776556 
4.325 1.5256619161 
4.375 1.6355239675 
4.425 1.6371922908 
4.475 1.638378116 
4.525 1.6474083336 
4.575 1.6521763037 
4.625 1.6722369822 
4.675 1.516740814 
4.725 1.4956803905 
4.775 1.4293985487 
4.825 1.3790797029 
4.875 1.3386828164 
4.925 1.237603543 
4.975 1.1118629866 
5.025 1.0965740727 
5.075 1.0251356422 
5.125 0.9959914743 
5.175 0.9487474883 
5.225 0.9173431827 
5.275 0.9157336299 
5.325 0.8686636959 
5.375 0.810578889 
5.425 0.8600224601 
5.475 0.758571234 
5.525 0.8307623496 
5.575 0.8252972101 
5.625 0.8260300265 
5.675 0.7972218089 
5.725 0.7907615688 
5.775 0.8142381385 
5.825 0.776717953 
5.875 0.830346919 
5.925 0.84542525 
5.975 0.8014261254 
6.025 0.8710756325 
6.075 0.8502204623 
6.125 0.8512739343 
6.175 0.8693655906 
6.225 0.8861422379 
6.275 0.9343239627 
6.325 0.9050520283 
6.375 0.9398751513 
6.425 0.967630211 
6.475 0.9730027194 
6.525 1.0043169471 
6.575 1.043551356 
6.625 1.019012597 
6.675 1.0626267462 
6.725 1.0635186653 
6.775 1.0737851594 
6.825 1.0581097441 
6.875 1.0833360124 
6.925 1.0525674534 
6.975 1.0814265767 
7.025 1.0528105323 
7.075 1.031195094 
7.125 1.0311139671 
7.175 1.0210357022 
7.225 0.9892868395 
7.275 1.0105828633 
7.325 0.9592940889 
7.375 0.971762659 
7.425 0.99393372 
7.475 0.9607030148 
7.525 0.9394074232 
7.575 0.9600349643 
7.625 0.9462334838 
7.675 0.9689626956 
7.725 0.9686598722 
7.775 1.025691264 
7.825 0.9626876245 
7.875 0.9688936301 
7.925 1.0053918353 
7.975 1.0164814527 
8.025 1.0128982517 
8.075 1.0465425995 
8.125 1.0355397668 
8.175 1.0156489739 
8.225 1.0510479122 
8.275 1.0344864654 
8.325 1.0445073677 
8.375 1.0497181329 
8.425 1.0390050311 
8.475 1.0825298441 
8.525 1.0735419042 
8.575 1.0669996105 
8.625 1.0546644931 
8.675 1.0615677138 
8.725 1.0908775134 
8.775 1.0406619792 
8.825 1.0320192127 
8.875 1.053390198 
8.925 1.033090216 
8.975 1.0592704884 
9.025 1.0541206977 
9.075 0.9785940115 
9.125 1.0267716159 
9.175 1.027718934 
9.225 0.9886625258 
9.275 0.9859305775 
9.325 0.9982705585 
9.375 0.9470623723 
9.425 0.9640864217 
9.475 0.9674539397 
9.525 0.9835370129 
9.575 0.9589982752 
9.625 0.949322513 
9.675 0.9957938446 
9.725 0.955045882 
9.775 0.9643488397 
9.825 0.9668770875 
9.875 0.9620879107 
9.925 0.9176823352 
9.975 0.9692352241 
