# Radial distribution function (200 data points):
# "Pair separation distance" g(r)
0.025 0.0 
0.075 0.0 
0.125 0.0 
0.175 0.0 
0.225 0.0 
0.275 0.0 
0.325 0.0 
0.375 0.0 
0.425 0.0 
0.475 0.0 
0.525 0.0 
0.575 0.0 
0.625 0.0 
0.675 0.0 
0.725 0.0 
0.775 0.0 
0.825 0.0 
0.875 0.0 
0.925 0.0 
0.975 0.0 
1.025 0.0 
1.075 0.0 
1.125 0.0 
1.175 0.0 
1.225 0.0 
1.275 0.0 
1.325 0.0 
1.375 0.0 
1.425 0.0 
1.475 0.0 
1.525 0.0 
1.575 0.0 
1.625 0.0 
1.675 0.0 
1.725 0.0 
1.775 0.0 
1.825 0.0 
1.875 0.0 
1.925 0.0 
1.975 0.0 
2.025 0.0 
2.075 0.0 
2.125 0.0 
2.175 0.0 
2.225 0.0 
2.275 0.0 
2.325 0.0 
2.375 0.0 
2.425 0.0205187966 
2.475 0.0827322569 
2.525 0.2611757728 
2.575 0.7097203417 
2.625 1.3693856267 
2.675 2.3439337982 
2.725 3.2011924689 
2.775 3.488013794 
2.825 3.5168368954 
2.875 3.0335395186 
2.925 2.380679237 
2.975 1.9495870555 
3.025 1.3186517409 
3.075 0.8167157355 
3.125 0.7067689774 
3.175 0.4835881926 
3.225 0.4060604253 
3.275 0.3690061101 
3.325 0.3667233407 
3.375 0.2775470092 
3.425 0.3168200148 
3.475 0.3277536156 
3.525 0.3826145274 
3.575 0.3379983756 
3.625 0.3507770842 
3.675 0.3609530675 
3.725 0.4156804311 
3.775 0.4674009328 
3.825 0.5360867231 
3.875 0.5239488777 
3.925 0.693967744 
3.975 0.8018627976 
4.025 0.8863400325 
4.075 0.9838949864 
4.125 1.1332202065 
4.175 1.2377704835 
4.225 1.4006254515 
4.275 1.3918235342 
4.325 1.4978761744 
4.375 1.5684847202 
4.425 1.6121198548 
4.475 1.6775265078 
4.525 1.6206225065 
4.575 1.5819339459 
4.625 1.6167364884 
4.675 1.5326495059 
4.725 1.4452550067 
4.775 1.3823347016 
4.825 1.3631636123 
4.875 1.2825404082 
4.925 1.1989238529 
4.975 1.1749461832 
5.025 1.0771320644 
5.075 1.0157209957 
5.125 1.0134564287 
5.175 0.9272824529 
5.225 0.9255321975 
5.275 0.8751122038 
5.325 0.8562021603 
5.375 0.830323002 
5.425 0.8232882309 
5.475 0.8622614281 
5.525 0.7676662629 
5.575 0.7834643966 
5.625 0.8222267491 
5.675 0.7770786355 
5.725 0.8047985274 
5.775 0.8176971933 
5.825 0.8399938865 
5.875 0.8418386817 
5.925 0.8221908638 
5.975 0.8247118422 
6.025 0.8549586828 
6.075 0.7905913136 
6.125 0.8748731017 
6.175 0.9284843133 
6.225 0.9248390541 
6.275 0.9365141632 
6.325 0.9639937258 
6.375 0.9703093165 
6.425 0.9751430822 
6.475 1.0010104979 
6.525 1.0520480322 
6.575 1.0495061689 
6.625 1.081561668 
6.675 1.0730023137 
6.725 1.0117483591 
6.775 1.0436639789 
6.825 1.0553694753 
6.875 1.0788794761 
6.925 1.066375769 
6.975 1.079417267 
7.025 1.0641066423 
7.075 1.021637944 
7.125 0.9921370842 
7.175 0.9971090894 
7.225 1.005085152 
7.275 0.9739895496 
7.325 0.9562403589 
7.375 0.9619540307 
7.425 0.9459778409 
7.475 0.9376841258 
7.525 1.0275509323 
7.575 0.9778604015 
7.625 0.968813882 
7.675 0.9832720427 
7.725 0.93742319 
7.775 1.0076455982 
7.825 1.0042688848 
7.875 0.9977832075 
7.925 0.970246654 
7.975 1.015416127 
8.025 0.9702001043 
8.075 0.9833901602 
8.125 1.0608892577 
8.175 1.043257268 
8.225 1.0402437679 
8.275 1.0379315814 
8.325 1.0352515108 
8.375 1.0827958315 
8.425 1.0625018173 
8.475 1.0244658937 
8.525 1.0705963699 
8.575 1.0791531297 
8.625 1.0631089424 
8.675 1.0617927734 
8.725 1.0930900749 
8.775 1.068758809 
8.825 1.0210466451 
8.875 1.0441970635 
8.925 1.0516174449 
8.975 1.0258514387 
9.025 1.0133309973 
9.075 1.0092285561 
9.125 1.0005175427 
9.175 1.0194578756 
9.225 0.9843318877 
9.275 0.9748699289 
9.325 0.9938626118 
9.375 0.9484173815 
9.425 0.9617457578 
9.475 0.9583427081 
9.525 0.9727802574 
9.575 0.9771250991 
9.625 0.96283144 
9.675 0.9425926017 
9.725 0.9589530675 
9.775 0.9577553867 
9.825 0.96028248 
9.875 0.9688964922 
9.925 0.9613638844 
9.975 0.9607245264 
