94000    231.78482   -73.716956     129403.3   -39967.361    2883.8438   -42851.204    334.14825   0.96514917 
96000    234.95952   -530.13237    130406.68   -39955.023    2923.3431   -42878.366    339.72919   0.95772308 
98000    228.99322   -213.13168    130376.64   -40031.932    2849.1111   -42881.043    344.44685   0.95794376 
100000    231.25936   -346.23839    130167.93   -40120.083    2877.3061   -42997.389    346.27744   0.95947974 
102000    229.75599   -575.42842    131143.75   -40163.318    2858.6014   -43021.919    351.82402   0.95234038 
104000    233.34802   -432.85116    131569.89   -40118.106     2903.293   -43021.399    354.72353   0.94925586 
106000    227.44261     -872.882    131089.76   -40219.413    2829.8185   -43049.231    356.70277   0.95273261 
108000    227.53319   -616.78595    131183.51   -40218.162    2830.9454   -43049.107    362.18057   0.95205177 
110000    229.67723   -673.13125    131276.52   -40173.235    2857.6214   -43030.856    364.83103   0.95137722 
112000    229.32702   -1095.7626    131325.14   -40277.793    2853.2641   -43131.057    368.09719   0.95102503 
114000    228.67909   -589.55413    131307.96   -40325.842    2845.2026   -43171.044    371.27543   0.95114943 
116000     231.1466   -31.724135    130880.48   -40262.783    2875.9031   -43138.686    372.03688   0.95425606 
118000    228.96043   -533.94947    131201.41   -40262.885     2848.703   -43111.588    377.09961   0.95192187 
120000     230.0524   -583.43059    130959.83   -40341.821    2862.2893    -43204.11    380.39995   0.95367788 
122000    227.42269   -516.87635    131485.69   -40279.338    2829.5706   -43108.908    385.85128   0.94986378 
124000    230.13023   -382.27436    131701.23   -40336.566    2863.2576   -43199.824    389.64978   0.94830921 
126000    229.51436   -651.25733    131665.52   -40363.326    2855.5949   -43218.921    394.24158   0.94856644 
128000    229.50936   -284.24755    131178.55   -40386.691    2855.5328   -43242.224    393.93313   0.95208776 
130000    231.49531   -654.92861    131863.78   -40279.353    2880.2418   -43159.595    398.09873   0.94714023 
132000    233.54415   -417.13795     130990.1    -40217.53    2905.7333   -43123.263     398.9366   0.95345745 
134000    228.55084   -483.31502    131221.44   -40152.775    2843.6069   -42996.382    402.49961    0.9517766 
136000    231.27264   -485.86237    131212.24   -40093.815    2877.4713   -42971.286    405.29839   0.95184333 
138000    234.16999   -364.47179    130773.55   -40038.946    2913.5199   -42952.466     407.9743   0.95503632 
140000    229.30879   -484.82185    130147.39    -39980.42    2853.0373   -42833.457    409.48616   0.95963115 
142000    226.45751   -187.89368    130557.11   -40082.581    2817.5619   -42900.143    415.12883   0.95661961 
144000    229.81816   -506.25729    130907.71   -40141.647    2859.3749   -43001.022    419.04034   0.95405757 
146000    229.26755   -715.59891     130714.2   -40108.645    2852.5242   -42961.169    422.39176   0.95546993 
148000    225.42065    -527.5851    130278.62    -40101.01    2804.6614   -42905.671    424.70242   0.95866455 
150000    224.71064   -434.69011    130363.36   -40179.192    2795.8275    -42975.02    428.27302   0.95804134 
152000    231.04357    -259.2308    131112.04   -40082.642    2874.6213   -42957.264    434.78108   0.95257074 
154000    234.12059   -570.82947    130259.04    -39996.79    2912.9052   -42909.695    435.92851   0.95880862 
156000    229.35784    -501.4476    129341.78     -39999.7    2853.6476   -42853.347    438.78477   0.96560823 
158000    232.25252   -322.10511    129841.95   -40000.286    2889.6628   -42889.949    443.30147    0.9618886 
160000    230.85471   -394.56814    130070.52    -40039.52    2872.2715   -42911.791    448.69246   0.96019832 
162000     228.5067   -177.23547    129992.67   -40112.307    2843.0578   -42955.364    453.23472   0.96077337 
164000    231.67732   -433.20808    130218.47   -39960.604    2882.5063   -42843.111    457.75958   0.95910734 
166000    235.24959    -353.8744    130312.47   -40069.248    2926.9522     -42996.2    461.59218    0.9584155 
168000    232.92574   -785.86917    130454.56   -40101.811     2898.039    -42999.85    464.91304   0.95737162 
170000    235.70529   -191.11072    130552.92   -40021.672    2932.6219   -42954.294    467.85044   0.95665029 
172000    228.94549   -185.61639    130096.15   -40032.211    2848.5171   -42880.728    471.47447   0.96000909 
174000    232.12163   -295.66184    130343.87   -39979.346    2888.0344    -42867.38    476.40842   0.95818463 
176000    232.05092   -274.07147    129989.19   -40064.662    2887.1546   -42951.817    480.23264   0.96079908 
178000    225.19203   -568.46049    130409.01   -40094.979     2801.817   -42896.796    486.22517   0.95770598 
180000    232.90306   -426.60592    130407.77   -40021.406    2897.7568   -42919.163    490.31008   0.95771512 
182000    230.52034   -537.70521    130509.97   -40099.965    2868.1113   -42968.076    493.50254   0.95696516 
184000    226.07577    -572.1833    130493.27   -40167.858    2812.8124    -42980.67    497.38751   0.95708761 
186000    227.28884   -271.49959    130261.39   -40135.279    2827.9053   -42963.185    500.55223    0.9587913 
188000    233.38188 -0.042295793    129887.52   -40134.723    2903.7143   -43038.437    501.76914   0.96155112 
190000    227.04264   -556.99764     130583.2   -40158.555    2824.8421   -42983.397    506.56108   0.95642845 
192000    230.08965   -429.00916     131447.6   -40244.148    2862.7526     -43106.9    512.56908     0.950139 
194000    225.71826    -382.2945    131010.84   -40168.448    2808.3643   -42976.812     514.1361   0.95330654 
196000    227.08341   -132.34351       130026   -40186.001    2825.3493    -43011.35    513.68655   0.96052703 
198000    230.35902   -762.65804    130412.39   -40064.394    2866.1042   -42930.498    517.95112   0.95768121 
200000    232.05337   -753.13518    131060.79   -40138.425     2887.185    -43025.61    524.67258   0.95294319 
202000     227.5054   -142.57021     130279.5   -40125.833    2830.5997   -42956.433    525.29751   0.95865807 
204000    229.70586   -642.81301    130807.62   -40089.047    2857.9776   -42947.024    530.10722   0.95478758 
206000    232.86359   -415.16475    130245.39    -40056.42    2897.2657   -42953.686    532.53081   0.95890908 
208000    227.27594    -271.5399    130588.71   -40086.335    2827.7448    -42914.08    536.99589   0.95638814 
210000    234.31619   -299.49333    131001.01   -40136.517    2915.3388   -43051.856    542.83713   0.95337806 
212000    232.79866    -457.1982    130410.06   -40095.597     2896.458   -42992.055    543.66419   0.95769829 
214000    234.01047   -749.46241    130130.68   -40039.672    2911.5351   -42951.207    547.03114   0.95975437 
216000    220.28943   -701.70904    130661.79    -40171.43    2740.8193   -42912.249    552.57875   0.95585321 
218000     230.8983   -398.73213    130807.29    -40190.78    2872.8138   -43063.593    554.45717   0.95479001 
220000    226.52885   -373.64115    130444.44   -40209.089    2818.4496   -43027.539    556.83711   0.95744588 
222000    230.60863   -258.09122    130208.12   -40117.597    2869.2098   -42986.807    559.60366   0.95918362 
224000    233.06348   -369.02423     130547.1   -40102.831    2899.7527   -43002.583    565.12695   0.95669297 
226000    228.73176   -464.32202    129970.94   -40079.106    2845.8579   -42924.964     568.1963   0.96093396 
228000    226.59657   -594.18719    130456.18   -40182.989    2819.2922   -43002.282    572.99452   0.95735972 
230000    225.81502   -559.64584    131026.55   -40205.207    2809.5681   -43014.775    578.47285   0.95319224 
232000     230.0247   -495.56581    131635.12   -40222.141    2861.9446   -43084.085    583.03496    0.9487855 
234000    224.91293   -654.12379     130880.5   -40232.631    2798.3445   -43030.976    585.23298   0.95425591 
236000     228.3271   -648.03222    131546.57   -40288.208    2840.8232   -43129.031    589.30508   0.94942417 
238000    228.31811    -293.0936    131194.97   -40333.293    2840.7113   -43174.004    591.82261    0.9519686 
240000    230.14478   -593.27996    131428.02   -40301.305    2863.4386   -43164.743    595.61615   0.95028053 
242000    231.97457   -469.48107    131022.32   -40298.913    2886.2046   -43185.118    596.56104   0.95322299 
244000    229.53218   -311.32676    131722.07   -40306.672    2855.8167   -43162.489    601.02748    0.9481592 
246000    229.41774   -544.51556    131367.04   -40301.503    2854.3928   -43155.896    602.01208   0.95072169 
248000    229.38596    -553.4843    131549.45   -40231.507    2853.9974   -43085.504    606.34716    0.9494034 
250000    233.82784   -613.51816     131873.5   -40269.958    2909.2629   -43179.221    611.01242   0.94707045 
252000    227.93279   -393.05795    131065.56   -40268.761    2835.9173   -43104.678    611.73233   0.95290853 
254000    227.26385   -683.39944    131488.99   -40215.357    2827.5944   -43042.951    614.77474   0.94983993 
256000    226.45995   -585.77342     131701.6   -40297.819    2817.5923   -43115.412    619.22695   0.94830656 
258000    225.41319   -586.69249    131659.39   -40189.744    2804.5686   -42994.313    621.55973    0.9486106 
260000    228.49942   -792.89193    131667.07   -40200.661    2842.9672   -43043.628    623.78338   0.94855524 
262000    229.69392   -281.86389    130762.47   -40191.411    2857.8291    -43049.24    624.58255   0.95511725 
264000    228.95995     -606.307     130809.4    -40159.12    2848.6971   -43007.817    629.83542   0.95477457 
266000     227.6385   -501.18428     130735.5   -40124.809    2832.2557   -42957.065    631.82236   0.95531431 
268000    227.83733   -664.11916    130687.94   -40078.013    2834.7295   -42912.742    634.63716   0.95566196 
270000     223.9284   -302.64708     130239.4    -40272.81     2786.095   -43058.905    637.38026   0.95895321 
272000    229.34442   -282.64171    131356.59   -40285.694    2853.4806   -43139.174    644.27861   0.95079732 
274000    226.09242   -659.15888    131071.52   -40362.487    2813.0196   -43175.507    646.96767   0.95286524 
276000    233.68935   -291.23016    130769.55   -40142.949    2907.5398   -43050.489    650.41895   0.95506552 
278000    231.85847   -464.80983    130911.51   -40163.792    2884.7601   -43048.552    652.60577   0.95402985 
280000    228.66651   -671.80399    130959.91   -40124.034    2845.0461    -42969.08    655.54108   0.95367727 
282000    233.82991   -384.80978    130342.96   -40079.847    2909.2887   -42989.136    656.36615   0.95819131 
284000    231.95319   -509.49761    130739.65   -40125.757    2885.9386   -43011.696    661.23173   0.95528395 
286000    225.77753   -343.90529    130533.27   -40167.087    2809.1017   -42976.189     662.6667   0.95679431 
288000    234.27493   -535.88715    130976.18    -40156.97    2914.8255   -43071.796    670.12152   0.95355878 
290000    229.07974   -564.96867    130695.05    -40172.08    2850.1875   -43022.268    672.74078   0.95560992 
292000    228.69184   -782.54876    131073.98   -40181.834    2845.3613   -43027.195    677.89663   0.95284729 
294000    228.67691   -384.74376    131149.28   -40238.176    2845.1755   -43083.351    679.57362   0.95230025 
296000    233.12206   -442.73045    130974.87   -40209.127    2900.4816   -43109.609    683.46481   0.95356835 
298000    233.25597   -710.67233    130946.17   -40186.964    2902.1478   -43089.112    685.60044   0.95377736 
300000    224.98241    -795.8578    131047.42   -40212.894    2799.2089   -43012.103    689.34249   0.95304047 
302000    228.60752   -365.56539    130648.76   -40266.586    2844.3121   -43110.898     691.5676   0.95594851 
304000    228.62275   -502.97691    131071.88   -40232.482    2844.5017   -43076.983    696.22898   0.95286256 
306000    229.74591   -537.16192    131957.77   -40247.957     2858.476   -43106.433    702.04279   0.94646562 
308000    227.43136   -602.70473    131661.18   -40347.733    2829.6785   -43177.411    705.13783   0.94859767 
310000    226.24239    -1190.597    132434.08   -40367.492    2814.8855   -43182.378    709.48871   0.94306159 
312000    227.35862    -624.0715    131519.27   -40377.787    2828.7735   -43206.561    709.04913   0.94962125 
314000    228.35266   -564.88585    131406.98   -40379.797    2841.1412   -43220.938    711.17789   0.95043272 
316000    231.25398   -286.38356    131486.59   -40355.832    2877.2392   -43233.071    714.87473   0.94985728 
318000    224.69641   -466.96541    131557.24     -40420.9    2795.6505   -43216.551    717.55395   0.94934717 
320000    226.09255     -468.761    131970.39   -40423.398    2813.0211   -43236.419    722.29849   0.94637508 
322000    231.50907   -497.56637       131990   -40294.579     2880.413   -43174.992    724.10695   0.94623448 
324000    232.55684   -718.32799    131355.24   -40280.116    2893.4492   -43173.565    725.25237   0.95080709 
326000    230.03422   -711.77118    131130.69   -40289.169     2862.063   -43151.232    726.61951   0.95243522 
328000    228.56968   -306.57897    131118.15   -40428.544    2843.8414   -43272.386    730.06052   0.95252635 
330000    231.75552    -557.9982    131216.28   -40241.232    2883.4792   -43124.711    734.29789   0.95181402 
332000    226.99342   -565.14563    131273.61   -40213.866    2824.2297   -43038.096    738.44569   0.95139833 
334000     232.2936   -715.44654    130948.71   -40209.092     2890.174   -43099.266    740.11881   0.95375885 
336000    230.13583   -964.01272       131504   -40275.117    2863.3272   -43138.444    745.23387   0.94973149 
338000    226.88225    -274.8166    130886.79    -40294.59    2822.8465   -43117.437    745.33801   0.95421008 
340000    220.83675     15.91732    130052.62   -40345.418    2747.6291   -43093.047    745.88211   0.96033043 
342000     231.0778   -561.76621    130859.69   -40167.853    2875.0472   -43042.901    752.75237   0.95440768 
344000    230.76924    -948.6246    131414.23   -40129.215    2871.2081   -43000.423    758.17113   0.95038025 
346000    228.27171   -90.134202    130187.52   -40159.489     2840.134   -42999.623    756.77968   0.95933534 
348000    230.22591   -321.91872    130854.14   -40223.806     2864.448   -43088.254    764.51935   0.95444815 
350000    231.29581   -497.18493    131308.02   -40083.482    2877.7596   -42961.241    769.45193   0.95114897 
352000    228.89235   -512.66502    131033.06   -40043.335     2847.856   -42891.191    771.27821   0.95314486 
354000    233.26822    -548.2218    130881.36   -40013.393    2902.3001   -42915.693    774.22902   0.95424963 
356000    233.75731   -544.57844    131098.67   -40099.989    2908.3853   -43008.375    779.83137   0.95266785 
358000    230.91493   -688.64686    130676.33   -40109.192    2873.0207   -42982.212    783.03746   0.95574682 
360000    226.07765   -526.31673    130106.94   -40024.893    2812.8358   -42837.729    782.98581   0.95992954 
362000    227.78653   -595.60988    129981.35   -40084.714    2834.0974   -42918.812     786.9783   0.96085705 
364000    232.67502   -330.33807    130265.55   -40108.082    2894.9196   -43003.001     791.7009   0.95876073 
366000    230.69518   -687.78408    131030.78   -40098.049    2870.2866   -42968.335     799.7611   0.95316147 
368000    232.21543   -271.32313    130958.02   -40206.124    2889.2014   -43095.326    802.98226   0.95369106 
370000    231.23593   -549.53913    131089.94   -40217.803    2877.0146   -43094.817    805.38818    0.9527313 
372000    229.63625   -400.12553    130905.84    -40171.96    2857.1115   -43029.071    808.90243   0.95407119 
374000    230.26783   -541.17784    130725.69   -40210.815    2864.9696   -43075.785    810.53533   0.95538598 
376000    227.65149   -595.38727    130907.39   -40217.979    2832.4173   -43050.396    814.06151   0.95405992 
378000    233.98178   -464.54676    131123.83   -40120.736    2911.1782   -43031.915    819.50116   0.95248509 
380000    230.09297   -350.27235    130548.95   -40160.555     2862.794   -43023.349    820.83813    0.9566794 
382000    234.27433   -468.97371    130917.84   -40055.796     2914.818   -42970.614    825.77693   0.95398378 
384000    230.37512   -609.28072    130664.85   -40150.176    2866.3045   -43016.481    827.10735   0.95583081 
386000    229.95795    -822.2728    130630.97    -40073.24    2861.1141   -42934.354     830.8441    0.9560787 
388000    232.53335   -439.07005    130625.22   -40179.076    2893.1569   -43072.233    834.35359    0.9561208 
390000    226.40244   -736.57188    131028.18    -40247.48    2816.8768   -43064.357    840.24624   0.95318035 
392000    225.53026    61.208272    129900.14   -40260.479    2806.0252   -43066.504    839.76092   0.96145772 
394000     231.7267   -145.75888     130737.6   -40186.764    2883.1208   -43069.884    847.44186   0.95529895 
396000    226.67713   -398.17726    131196.37   -40213.624    2820.2944   -43033.918    851.67779   0.95195846 
398000    225.50539   -292.67255    130368.84   -40254.384    2805.7158     -43060.1    849.87133   0.95800106 
400000    230.12939   -357.16846    131027.75   -40194.752    2863.2471   -43057.999    855.51486   0.95318348 
402000    229.25412   -450.67505    130509.52   -40202.935    2852.3571   -43055.292     858.4585   0.95696845 
404000    230.55249   -513.08746    131217.41   -40188.741    2868.5113   -43057.252    865.89137   0.95180577 
406000    233.83159   -573.49455    130868.82   -40132.228    2909.3096   -43041.538    867.39071   0.95434106 
408000    227.08548    -319.0094    130778.55   -40050.909    2825.3751   -42876.285    869.40188   0.95499983 
410000    230.26091    -635.1305    131054.32   -40122.561    2864.8835   -42987.444    871.03517   0.95299029 
412000    230.62645   -206.27557    130320.05   -40100.702    2869.4314   -42970.133    871.85968   0.95835976 
414000    231.57853   -604.78159    130861.49    -40173.01    2881.2772   -43054.287    877.23038   0.95439453 
416000    224.44322   -693.04081     130889.8   -40199.826    2792.5003   -42992.326    883.49445   0.95418814 
418000    229.06861   -383.79573    130746.23   -40100.309     2850.049   -42950.358    884.82669   0.95523588 
420000    235.01844   -699.98166    131343.39   -40073.096    2924.0763   -42997.172    893.06724   0.95089289 
422000    226.35521   -204.80998    130321.17   -40175.465    2816.2891   -42991.755    892.91305   0.95835151 
424000    229.79266    -302.2203    130596.23   -40152.837    2859.0575   -43011.894    897.45777   0.95633304 
426000    227.07273    24.233838    129667.21   -40220.158    2825.2164   -43045.375    893.80777   0.96318484 
428000    231.54161   -196.12662    130675.33   -40182.018    2880.8178   -43062.836    902.11102   0.95575415 
430000      227.689   -461.33503    130802.39   -40183.972    2832.8841   -43016.856    905.37407   0.95482577 
432000    228.76178    -465.5475    130609.88   -40033.054    2846.2314   -42879.285    906.83106   0.95623313 
434000     229.1892   -802.19334    130147.82   -40040.477    2851.5494   -42892.027     906.3327   0.95962797 
436000    229.88422   -599.34176    131197.96   -40109.486    2860.1967   -42969.683    915.97241   0.95194693 
438000    232.85609   -260.64083    130514.98   -40051.206    2897.1724   -42948.378    919.03609    0.9569284 
440000    230.83262   -639.78213    131451.12   -40039.215    2871.9967   -42911.211    927.31655   0.95011359 
442000    227.86817   -464.05434    130887.82    -40146.18    2835.1132   -42981.293    928.06782   0.95420257 
444000    231.39988   -361.23045    130808.22    -40179.55    2879.0544   -43058.604    931.61558   0.95478317 
446000     229.1503   -363.90247    130121.47   -40145.455    2851.0653    -42996.52    934.43033   0.95982235 
448000    230.70442   -271.15868    130265.61   -40170.849    2870.4016   -43041.251    937.96647   0.95876027 
450000    235.81487    -798.6128    130757.34   -40085.653    2933.9854   -43019.639    943.70938   0.95515474 
452000    228.64604   -241.52774    130830.56   -40087.222    2844.7914   -42932.013     945.7582   0.95462013 
454000    229.82182   -492.91416    130387.08    -40133.53    2859.4203    -42992.95    945.54447   0.95786707 
456000    227.28541   -607.57859    130862.93   -40124.295    2827.8626   -42952.157    950.76611   0.95438402 
458000    232.99224   -620.53998    131361.56   -40213.298    2898.8664   -43112.164    956.44613   0.95076131 
460000    227.60356   -558.21898    131148.15    -40206.44     2831.821   -43038.261    960.94063   0.95230841 
462000    229.53534   -374.55746    131142.66   -40273.112    2855.8561   -43128.968    964.93449   0.95234832 
464000    230.03245   -328.10864    131111.26   -40233.002    2862.0411   -43095.043    965.79768   0.95257641 
466000    229.90365   -307.94622    131265.96    -40210.09    2860.4384   -43070.528    968.46372   0.95145374 
468000    230.58686   -484.38058    131226.81   -40191.131    2868.9389    -43060.07    969.89739   0.95173765 
470000    230.78684   -794.85107    131220.64   -40261.032    2871.4271   -43132.459    972.27117   0.95178236 
472000     230.9541   -363.48614    130863.56   -40271.869     2873.508   -43145.377    974.59176   0.95437945 
474000     232.3547   -474.75721    131504.42   -40214.018    2890.9342   -43104.952    980.32075   0.94972846 
476000    232.35697   -379.95991    131331.81   -40202.708    2890.9624    -43093.67    983.11429   0.95097672 
478000    225.49431   -450.59902    131080.21   -40302.008    2805.5779   -43107.586     983.1898   0.95280206 
480000    229.37619   -333.54884    131232.01   -40246.015    2853.8759   -43099.891    986.99831    0.9516999 
482000    231.26495   -152.96048     131191.7   -40200.551    2877.3757   -43077.926    989.41651   0.95199234 
484000    227.59968   -548.72739    131373.22   -40242.051    2831.7727   -43073.824     991.8359   0.95067697 
486000    228.24308   -456.87287    131071.44   -40302.148    2839.7779   -43141.926    994.05422   0.95286578 
488000    232.08046   -583.05762    131211.74   -40230.165    2887.5221   -43117.687    997.24847   0.95184692 
490000    231.63773   -315.25324    131126.77   -40137.525    2882.0138   -43019.539    999.96123   0.95246373 
492000    230.79117   -384.50169    130699.57   -40197.788    2871.4809   -43069.269    999.57292    0.9555769 
494000    231.19457   -19.439024    130430.84   -40244.439       2876.5   -43120.939    1002.0841   0.95754572 
496000    232.44934   -204.17952    130725.07   -40186.857    2892.1117   -43078.969    1006.8754   0.95539053 
498000    230.68823   -374.22607    130997.06    -40260.69    2870.2002    -43130.89    1010.9505   0.95340685 
500000     229.8171   -363.62989    131414.11   -40221.413    2859.3617   -43080.775     1015.643   0.95038117 
502000    226.81598   -328.04254     130943.3   -40197.474    2822.0219   -43019.496    1016.3905   0.95379826 
504000    232.02473   -317.05933    130859.66   -40160.403    2886.8288   -43047.231    1019.0452   0.95440786 
506000    226.24617   -310.03789    130073.08   -40201.088    2814.9325   -43016.021    1020.9881   0.96017936 
508000    228.41624    -371.7848    130702.99   -40131.939    2841.9323   -42973.871    1026.1593   0.95555188 
510000    229.91251    -523.1929    130187.12   -40056.368    2860.5488   -42916.916    1027.4565    0.9593383 
512000    233.98289   -524.13695    130874.31     -40044.8     2911.192   -42955.992    1036.3148   0.95430105 
514000    226.07637     -301.585     130457.3   -40098.495    2812.8199   -42911.315    1039.9704   0.95735148 
516000    227.26546   -457.47954    129977.51   -40111.497    2827.6144   -42939.111     1041.292   0.96088539 
518000     232.4371   -260.71081    130852.92   -40113.577    2891.9594   -43005.536    1047.1875   0.95445704 
520000    233.04832   -247.43508    130628.68    -40179.21    2899.5642   -43078.775    1047.4503   0.95609551 
522000    231.01136   -490.59802    131188.47   -40177.341    2874.2205   -43051.562     1053.612   0.95201576 
524000    228.89961   -552.49127    131172.09   -40101.578    2847.9463   -42949.524     1058.205   0.95213462 
526000    230.34452   -156.65365    130232.07   -40089.199    2865.9237   -42955.123     1055.219   0.95900717 
528000    232.09389   -707.24913    130797.27   -40055.935    2887.6893   -42943.625    1062.2374   0.95486311 
530000    233.49507   -395.39068    130854.08   -40201.562    2905.1226   -43106.685    1066.4299   0.95444856 
532000    231.40823   -181.04856    131263.64   -40151.411    2879.1584   -43030.569    1073.5296   0.95147055 
534000     230.5812   -490.66306    130427.61   -40178.623    2868.8685   -43047.492     1071.802   0.95756941 
536000    229.05083   -454.38434    130728.59    -40129.56    2849.8278   -42979.388    1075.8831   0.95536478 
538000    227.17368   -225.36324    130712.36   -40237.208    2826.4724    -43063.68    1079.2512   0.95548343 
540000      228.823   -584.34399     130316.3   -40176.787    2846.9931    -43023.78    1082.3079   0.95838734 
542000    225.89822   -461.58117    130783.12   -40167.543    2810.6033   -42978.146    1087.7926   0.95496647 
544000    227.76274   -661.45292    131191.33   -40287.087    2833.8015   -43120.889    1093.5741   0.95199499 
546000    230.84617   -439.55063    131264.89   -40231.329    2872.1652   -43103.495    1098.5381   0.95146154 
548000    230.32533   -622.62662    131180.02   -40225.152     2865.685   -43090.837    1100.3458   0.95207709 
550000    227.44073   -762.12263    131166.25   -40224.954    2829.7951   -43054.749     1104.221   0.95217705 
552000    229.38095   -491.19115    130750.07   -40199.699    2853.9351   -43053.634    1104.9507   0.95520783 
554000    232.88415   -597.11486    130271.34   -40157.771    2897.5215   -43055.293    1104.4794   0.95871808 
556000    227.88621   -369.84203     130058.1   -40175.164    2835.3377   -43010.501    1108.0882      0.96029 
558000    231.48186   -386.37343    129861.04   -40138.065    2880.0744    -43018.14    1109.2842   0.96174718 
560000    232.86096   -386.47835    130045.31   -40052.424     2897.233   -42949.657    1114.6519   0.96038442 
562000    229.84723   -347.38101       131080   -40087.569    2859.7365   -42947.305    1124.1358   0.95280359 
564000    234.19576   -468.20222    130509.53   -40101.233    2913.8406   -43015.073    1126.0561   0.95696837 
566000    234.00487   -599.67019    130715.06   -40074.948    2911.4655   -42986.413    1130.9131   0.95546367 
568000    231.72322   -115.57262    129764.15   -40053.433    2883.0774    -42936.51    1129.4966   0.96246528 
570000    229.85812   -642.98125    130210.11   -40079.085     2859.872   -42938.957    1137.3912    0.9591689 
572000    230.49237   -713.77806    131083.29   -40130.614    2867.7633   -42998.377    1149.0308   0.95277967 
574000    234.18717   -709.21827    131080.34   -40039.866    2913.7337     -42953.6    1152.8086   0.95280106 
576000    231.00628   -297.60043    130678.47   -40079.707    2874.1572   -42953.864     1155.791   0.95573119 
578000    229.44535    -606.5568     130871.7    -40140.07    2854.7364   -42994.807    1163.0159   0.95432007 
580000    235.05721   -140.26706    130614.85   -40163.511    2924.5585   -43088.069    1165.2196   0.95619673 
582000    228.72844   -467.16797    130876.68    -40121.92    2845.8166   -42967.737    1167.6738   0.95428379 
584000    230.45549   -558.71198    130997.63    -40126.23    2867.3044   -42993.535    1172.0328   0.95340265 
586000    229.56938   -491.08841    131135.51   -40162.193    2856.2795   -43018.472     1176.521   0.95240025 
588000    231.74637   -208.14357    130981.26   -40214.329    2883.3654   -43097.695    1178.9894   0.95352181 
590000    234.21084   -414.35508    131211.58   -40191.816    2914.0281   -43105.844    1185.1572    0.9518481 
592000     229.4832   -767.92183     130922.8   -40167.947    2855.2073   -43023.154    1185.3561   0.95394757 
594000    228.79332   -488.23779    130436.83   -40080.054    2846.6239   -42926.678    1189.7747   0.95750171 
596000     226.9462   -381.46277    130597.11     -40095.6    2823.6422   -42919.242    1193.7725   0.95632664 
598000    233.76903   -431.21815    130743.37    -40072.23    2908.5311   -42980.761    1200.3155    0.9552568 
600000    227.56349   -377.90551    130558.88   -40231.891    2831.3225   -43063.214    1203.3396   0.95660667 
602000    229.88469   -422.61734    130869.45   -40260.656    2860.2026   -43120.859    1208.8341   0.95433648 
604000    227.33184    -418.2444    130648.27    -40150.14    2828.4403    -42978.58     1209.821   0.95595215 
606000    231.33287   -644.49354    131248.99   -40210.651    2878.2207   -43088.872    1218.2409   0.95157676 
608000    226.43174   -380.29219    131459.91   -40251.289    2817.2414   -43068.531    1219.9596   0.95005001 
610000    228.71434   -483.94092    131203.17   -40232.559    2845.6413     -43078.2    1220.1316   0.95190909 
612000    225.87106   -577.24331       131260    -40179.81    2810.2654   -42990.075    1224.1734   0.95149695 
614000     227.0945   -513.11077    130965.79   -40282.257    2825.4873   -43107.745    1226.5646   0.95363448 
616000     231.7254   -187.45586    130393.51   -40093.372    2883.1046   -42976.477    1225.7233   0.95781981 
618000    230.59519   -469.11827    130770.63   -40181.136    2869.0426   -43050.179    1232.5919   0.95505763 
620000    232.10763   -417.48544    130382.32   -40026.828    2887.8601   -42914.688    1232.8963   0.95790208 
622000    228.86121   -421.59446    131137.24   -39972.405    2847.4686   -42819.873    1242.2604   0.95238769 
624000    229.34277   -484.15079     130598.3   -40009.849      2853.46   -42863.309    1240.6449   0.95631792 
626000    227.71136   -643.51047    129806.81   -40045.227    2833.1623   -42878.389    1238.0119   0.96214902 
628000    229.56652   -704.42559     130345.2   -40051.403     2856.244   -42907.647    1245.4207   0.95817487 
630000    228.95375   -463.46786    130936.09    -40144.79    2848.6199    -42993.41    1251.0811   0.95385079 
632000    234.14918   -525.59855    130698.79   -40170.609    2913.2609    -43083.87     1250.904   0.95558264 
634000    236.56418    -241.4924    129986.17     -40092.1    2943.3082   -43035.408    1251.0411   0.96082134 
636000     227.4818   -618.01416    130844.79   -40142.215    2830.3061   -42972.521    1261.6172   0.95451634 
638000    225.91177   -439.48571    131265.06   -40225.013    2810.7719   -43035.785    1265.2525   0.95146025 
640000    228.74376   -499.72322    130717.21   -40152.909    2846.0072   -42998.916    1265.7526   0.95544792 
642000    227.94772   -539.49267    131002.97   -40200.971     2836.103   -43037.074    1272.3701    0.9533638 
644000    230.18227   -575.94406    131735.48   -40233.342     2863.905   -43097.247    1279.4726   0.94806265 
646000    231.82338   -523.39026    131287.93   -40242.923    2884.3235   -43127.247    1276.9671   0.95129451 
648000    227.00307   -642.92341    130948.77   -40222.022    2824.3497   -43046.372    1278.5939   0.95375843 
650000     234.1811   -517.25081    131402.71   -40144.857    2913.6581   -43058.515    1283.8644   0.95046361 
652000    232.12167   -480.58808    130817.11   -40152.188    2888.0349   -43040.223    1283.5178   0.95471831 
654000    235.95617   -370.54381    130364.31   -40103.717    2935.7434    -43039.46    1285.2706   0.95803437 
656000    230.32509   -697.66407    131040.61   -40225.224     2865.682   -43090.906    1294.0441      0.95309 
658000    233.13737   -326.68373    130499.16   -40257.117    2900.6722   -43157.789    1292.6732   0.95704441 
660000     226.6612    -748.1897    131150.46   -40237.649    2820.0962   -43057.745    1301.4717   0.95229166 
662000    229.04248   -218.28059    131065.06   -40247.723    2849.7239   -43097.447     1302.185   0.95291214 
664000    229.60828   -264.74306    130253.82   -40221.865    2856.7636   -43078.628    1298.0806   0.95884707 
666000    229.21456    -659.9885    131346.06   -40209.545    2851.8649    -43061.41    1308.4917   0.95087352 
668000    229.16505   -597.57208    131831.35    -40192.37    2851.2488   -43043.619    1315.0327   0.94737323 
670000    232.87529   -197.69104    130821.92   -40221.561    2897.4113   -43118.972    1311.1208   0.95468322 
672000    234.47127   -451.47725    130428.21   -40181.197    2917.2683   -43098.465    1313.1721     0.957565 
674000    235.42403   -247.43513    130989.93   -40139.668    2929.1225    -43068.79    1320.3296    0.9534587 
676000    235.93512   -289.57952    131192.24   -40135.201    2935.4814   -43070.682    1326.5294   0.95198842 
678000    228.64838   -441.00799    130473.65   -40189.544    2844.8205   -43034.364    1323.6817   0.95723152 
680000    231.87888   -752.88953    131568.54   -40186.851    2885.0141   -43071.866    1338.0766   0.94926559 
682000    229.65679   -753.73651    131024.73   -40218.996    2857.3671   -43076.364    1335.0695   0.95320546 
684000     229.6908   -334.51101    130659.48   -40119.965    2857.7902   -42977.755    1336.5517   0.95587014 
686000    232.75414   -609.01261    130564.32   -40193.105     2895.904   -43089.009    1337.2995   0.95656677 
688000    226.62083    -639.7466    130829.46   -40191.137     2819.594   -43010.731    1341.6274   0.95462818 
690000    231.33148   -986.88968    131353.82   -40170.664    2878.2034   -43048.867    1348.8618   0.95081739 
692000     228.1413    -102.6284    130961.63    -40091.12    2838.5115   -42929.631    1349.4548   0.95366475 
694000    231.06747   -650.41766    130890.12   -40128.906    2874.9187   -43003.825    1354.4871   0.95418579 
696000    227.64091   -313.31465    131261.26    -40227.16    2832.2857   -43059.445    1360.8735    0.9514878 
698000    229.64714   -433.80036    130814.04   -40198.201    2857.2471   -43055.448    1360.1192   0.95474071 
700000    229.48091    -630.7691     131301.2   -40189.168    2855.1788   -43044.347    1368.3617   0.95119836 
702000    231.79046   -847.94907    130994.94   -40136.923    2883.9139   -43020.837    1371.8713   0.95342223 
704000    231.62348   -253.93623    130429.51    -40085.25    2881.8365   -42967.086    1371.2918   0.95755549 
706000    231.22516   -626.06308    131264.41   -40053.818    2876.8806   -42930.699    1378.3255   0.95146503 
708000     229.5347   -631.01132    130859.56   -40128.955     2855.848   -42984.803    1379.3949   0.95440864 
710000    229.67911   -269.01054    130955.79   -40225.743    2857.6448   -43083.387    1382.9804   0.95370725 
712000    229.67034    -390.1502    131881.32   -40251.749    2857.5356   -43109.285    1395.3432   0.94701429 
714000    231.17987   -504.32907    131151.03   -40257.972    2876.3171   -43134.289    1393.4362   0.95228751 
716000    226.87542   -354.77455    130578.89   -40313.053    2822.7616   -43135.815    1391.0106   0.95646004 
718000    227.77663    -395.3939    131409.18   -40312.192    2833.9743   -43146.167    1400.3773   0.95041681 
720000    229.34432   -460.06518    131264.01   -40230.179    2853.4793   -43083.658    1404.4932   0.95146788 
722000    234.67548   -458.17198    131162.41   -40248.981    2919.8092    -43168.79    1408.4638   0.95220492 
724000    229.52882   -534.83897    130640.17   -40200.464    2855.7749   -43056.239    1410.3841   0.95601137 
726000    231.88531   -581.14829    130669.68   -40215.103    2885.0941   -43100.197    1412.7201   0.95579548 
728000    226.83724   -339.76394    131114.66   -40239.158    2822.2865   -43061.444    1419.5938   0.95255172 
730000    229.45985   -376.93137    131070.86   -40173.905    2854.9167   -43028.821    1422.8541   0.95286998 
732000    234.02777    -313.2132    131077.45   -40186.176    2911.7503   -43097.926    1425.1132   0.95282211 
734000    228.11829   -312.03461    131270.73   -40252.951    2838.2252   -43091.176    1432.7041   0.95141921 
736000    229.71917    -126.8647    131415.03   -40298.407    2858.1432    -43156.55    1438.4811   0.95037445 
738000    228.91475   -467.79071    131164.54   -40215.675    2848.1347    -43063.81    1439.7129   0.95218945 
740000     230.1947   -509.59102     131085.9   -40172.785    2864.0597   -43036.845    1444.9216   0.95276071 
742000    229.92196   -587.21884    130850.65   -40055.174    2860.6663   -42915.841    1448.3419   0.95447362 
744000    229.23443   -494.22554    130942.92   -40070.522    2852.1121   -42922.634    1450.0473   0.95380101 
746000    232.34434   -740.89681    131045.79   -40142.982    2890.8053   -43033.788    1455.5899   0.95305232 
748000    230.52926   -644.12307    131197.33   -40183.538    2868.2223    -43051.76    1460.1392   0.95195147 
750000    230.95291   -443.91823    130628.26   -40185.763    2873.4932   -43059.257    1459.6511   0.95609859 
752000    233.11931   -179.95112    130767.15   -40165.033    2900.4474    -43065.48    1465.0969    0.9550831 
754000    232.39642   -452.66818     131130.1   -40144.432    2891.4533   -43035.885    1470.0413   0.95243954 
756000    229.09992   -413.86141    130921.86   -40189.675    2850.4385   -43040.113    1470.2669   0.95395447 
758000    228.87465    24.460399    129779.39   -40178.568    2847.6358   -43026.204    1465.0625   0.96235226 
760000    230.81594   -599.28092    130450.93   -40130.356    2871.7892   -43002.145    1473.1176   0.95739822 
762000    230.02447   -408.36572    130504.22   -40142.934    2861.9417   -43004.876    1475.6005   0.95700732 
764000    226.44115   -529.40596    130255.06   -40150.521    2817.3584   -42967.879    1476.1352   0.95883789 
766000    228.72527   -499.02367    130548.53   -40165.163    2845.7772    -43010.94    1484.0773   0.95668245 
768000    224.41574   -690.81766    130616.72    -40220.36    2792.1585   -43012.519    1487.1869   0.95618302 
770000    229.88607   -731.07077     130944.4   -40236.182    2860.2197   -43096.402    1491.9899   0.95379025 
772000    228.79827   -305.82571     130998.1   -40209.588    2846.6855   -43056.274     1496.091   0.95339923 
774000    233.50448   -410.07099    130876.33   -40147.093    2905.2397   -43052.333    1497.2129   0.95428634 
776000    223.83753   -800.87672    130212.39   -40127.172    2784.9644   -42912.137    1493.6322   0.95915211 
778000    231.63218   -284.74528    130126.54   -40112.143    2881.9447   -42994.088    1497.8544   0.95978491 
780000    226.36222   -106.35142    130626.16   -40108.537    2816.3764   -42924.913    1506.7285   0.95611394 
782000    227.66164   -464.14572    130243.11   -40058.551    2832.5436   -42891.095    1507.1102   0.95892588 
784000      227.353   -397.51966    129940.77   -39956.476    2828.7035   -42785.179    1508.1982   0.96115709 
786000    232.47354   -467.89594    130112.57   -39953.349    2892.4128   -42845.761    1513.5736   0.95988799 
788000    231.97728   -665.50828     129781.5   -39928.556    2886.2384   -42814.794    1513.9445   0.96233665 
790000    230.73692   -65.748377    129660.37   -40053.965    2870.8059   -42924.771    1514.9354   0.96323564 
792000     227.9614   -408.87213    130103.83    -40082.15    2836.2733   -42918.423    1523.9075   0.95995248 
794000    229.91889    -464.1975    130348.86    -40029.03    2860.6281   -42889.658    1528.9882   0.95814793 
796000    237.98414   -55.140989    130037.75   -40044.275    2960.9751    -43005.25    1531.2648   0.96044026 
798000    233.02662   -492.34892    131250.67   -40010.248    2899.2941   -42909.543    1544.2433   0.95156462 
