0	0	0	0	0	0	0	0
1	0	0	0	0	0	0	0
2	0	0	0	0	0	0	0
3	0	0	0	0	0	0	0
4	0	0	0	0	0	0	0
5	0	0	0	0	0	0	0
6	0	0	0	0	0	0	0
7	0	0	0	0	0	0	0
8	0	0	0	0	0	0	0
9	0	0	0	0	0	0	0
10	0.229475	0.410779	0.218201	0.218201	0.320127	0.04	-0.101926
11	13.8657	21.216	2.33552	2.33552	17.5408	16.172	-15.2053
12	142.468	166.078	-91.9121	-91.9121	154.273	70.112	-246.185
13	391.881	428.729	-297.969	-297.969	410.305	151.052	-708.274
14	631.812	657.654	-440.703	-440.703	644.733	235.536	-1085.44
15	728.341	785.116	-460.458	-460.458	756.729	319.404	-1217.19
16	713.894	792.249	-409.088	-409.088	753.072	405.56	-1162.16
17	664.494	723.86	-402.21	-402.21	694.177	474.788	-1096.39
18	452.489	509.083	-324.638	-324.638	480.786	504.816	-805.424
19	150.395	188.424	-135.702	-135.702	169.41	507.06	-305.112
20	-139.208	-79.5069	-52.5313	-52.5313	-109.357	506.72	56.8261
21	-274.717	-235.443	-67.7131	-67.7131	-255.08	507.152	187.367
22	-297.266	-275.394	-155.608	-155.608	-286.33	505.28	130.722
23	-300.517	-291.348	-238.546	-238.546	-295.933	503.844	57.3865
24	-256.222	-275.065	-248.448	-248.448	-265.644	504.072	17.1961
25	-268.538	-273.626	-318.953	-318.953	-271.082	504.88	-47.8714
26	-294.905	-272.45	-312.501	-312.501	-283.677	504.992	-28.8234
27	-293.886	-300.951	-325.072	-325.072	-297.419	504.66	-27.6533
28	-322.619	-319.621	-364.846	-364.846	-321.12	504.436	-43.7266
29	-334.261	-282.137	-336.597	-336.597	-308.199	504.556	-28.3976
30	-362.185	-293.256	-357.239	-357.239	-327.72	505.124	-29.5189
31	-338.527	-291.336	-326.19	-326.19	-314.932	505.34	-11.2577
32	-301.286	-313.977	-298.778	-298.778	-307.631	505.108	8.85348
33	-316.435	-298.62	-283.998	-283.998	-307.527	505.116	23.5292
34	-304.385	-285.253	-247.424	-247.424	-294.819	505.016	47.3949
35	-319.665	-304.613	-216.763	-216.763	-312.139	505.036	95.3758
36	-292.891	-305.891	-211.206	-211.206	-299.391	504.884	88.1853
37	-288.739	-274.991	-216.763	-216.763	-281.865	504.304	65.1017
38	-287.26	-235.322	-235.134	-235.134	-261.291	504.168	26.1564
39	-285.51	-227.904	-249.612	-249.612	-256.707	504.824	7.0953
40	-271.95	-208.078	-234.168	-234.168	-240.014	504.792	5.84641
41	-231.995	-199.353	-267.157	-267.157	-215.674	504.532	-51.4827
42	-250.74	-172.589	-282.3	-282.3	-211.664	504.628	-70.6353
43	-240.131	-175.328	-242.566	-242.566	-207.73	504.608	-34.8358
44	-250.688	-201.25	-249.015	-249.015	-225.969	504.9	-23.0465
45	-228.496	-214.797	-215.612	-215.612	-221.646	504.136	6.03443
46	-251.709	-227.206	-255.725	-255.725	-239.458	505.632	-16.2677
47	-254.099	-251.381	-231.879	-231.879	-252.74	505.012	20.8607
48	-241.431	-259.256	-208.801	-208.801	-250.344	504.648	41.543
49	-273.784	-333.659	-230.07	-230.07	-303.722	505.048	73.6517
50	-298.271	-360.009	-249.308	-249.308	-329.14	505.156	79.8321
51	-339.205	-362.11	-274.329	-274.329	-350.657	505.304	76.3288
52	-335.779	-383.365	-283.511	-283.511	-359.572	504.24	76.0608
53	-349.157	-401.072	-320.547	-320.547	-375.114	505.596	54.5673
54	-342.436	-402.924	-334.605	-334.605	-372.68	504.608	38.0757
55	-308.38	-345.787	-313.365	-313.365	-327.084	504.416	13.7186
56	-291.477	-327.786	-287.366	-287.366	-309.631	505.412	22.2651
57	-302.017	-332.948	-283.058	-283.058	-317.482	505.564	34.4244
58	-258.767	-327.651	-232.776	-232.776	-293.209	504.212	60.433
59	-296.113	-331.192	-222.525	-222.525	-313.653	503.924	91.1273
60	-299.91	-325.797	-211.511	-211.511	-312.854	505.176	101.342
61	-310.24	-331.121	-216.189	-216.189	-320.68	505.44	104.491
62	-305.412	-315.205	-262.096	-262.096	-310.309	503.3	48.2124
63	-299.556	-343.216	-278.114	-278.114	-321.386	504.2	43.2717
64	-339.915	-378.058	-303.282	-303.282	-358.986	505.504	55.7048
65	-328.669	-383.747	-356.652	-356.652	-356.208	504.6	-0.443981
66	-364.031	-376.034	-377.576	-377.576	-370.032	505.572	-7.5439
67	-428.369	-373.834	-435.65	-435.65	-401.101	505.296	-34.5491
68	-427.739	-361.307	-401.76	-401.76	-394.523	505.972	-7.23699
69	-428.621	-372.188	-456.925	-456.925	-400.405	505.424	-56.5206
70	-399.422	-335.67	-442.391	-442.391	-367.546	505.476	-74.8449
71	-354.371	-274.429	-371.652	-371.652	-314.4	506.048	-57.2519
72	-289.505	-278.954	-364.905	-364.905	-284.23	504.612	-80.6754
73	-233.829	-270.102	-313.404	-313.404	-251.966	504.372	-61.4382
74	-244.764	-304.635	-290.961	-290.961	-274.7	504.952	-16.2615
75	-191.592	-236.087	-202.354	-202.354	-213.839	504.392	11.4858
76	-231.067	-249.099	-204.466	-204.466	-240.083	504.084	35.6172
77	-252.781	-280.538	-162.3	-162.3	-266.659	503.304	104.359
78	-261.65	-250.62	-63.6921	-63.6921	-256.135	504.664	192.443
79	-211.466	-193.778	21.9795	21.9795	-202.622	507.32	224.601
80	-31.7684	-16.3575	49.1598	49.1598	-24.0629	506.312	73.2227
81	208.254	264.658	-85.6054	-85.6054	236.456	507.88	-322.061
82	521.407	571.133	-270.909	-270.909	546.27	503.428	-817.179
83	676.835	750.301	-365.083	-365.083	713.568	474.168	-1078.65
84	710.718	790.587	-408.095	-408.095	750.653	403.968	-1158.75
85	704.292	771.514	-458.23	-458.23	737.903	317.784	-1196.13
86	585.543	655.866	-452.445	-452.445	620.704	234.408	-1073.15
87	368.725	400.376	-301.38	-301.38	384.551	148.828	-685.93
88	121.518	150.368	-79.9368	-79.9368	135.943	69.196	-215.88
89	11.3026	30.3706	5.46312	5.46312	20.8366	15.34	-15.3735
90	0.113689	0.184731	0.459605	0.459605	0.14921	0.024	0.310395
91	0	0	0	0	0	0	0
92	0	0	0	0	0	0	0
93	0	0	0	0	0	0	0
94	0	0	0	0	0	0	0
95	0	0	0	0	0	0	0
96	0	0	0	0	0	0	0
97	0	0	0	0	0	0	0
98	0	0	0	0	0	0	0
99	0	0	0	0	0	0	0
100	0	0	0	0	0	0	0
