0	0	0	0	0	0	0	0
1	0	0	0	0	0	0	0
2	0	0	0	0	0	0	0
3	0	0	0	0	0	0	0
4	0	0	0	0	0	0	0
5	0	0	0	0	0	0	0
6	0	0	0	0	0	0	0
7	0	0	0	0	0	0	0
8	0	0	0	0	0	0	0
9	0	0	0	0	0	0	0
10	0	0	0	0	0	0	0
11	12.5214	9.14651	7.55728	7.55728	10.8339	11.552	-3.27666
12	115.828	112.437	-57.9499	-57.9499	114.133	59.964	-172.083
13	338.536	369.815	-247.871	-247.871	354.175	137.58	-602.047
14	596.262	632.499	-420.305	-420.305	614.381	222.184	-1034.69
15	718.207	766.108	-468.134	-468.134	742.157	306.148	-1210.29
16	741.95	795.617	-409.951	-409.951	768.783	391.916	-1178.73
17	673.424	739.206	-400.38	-400.38	706.315	466.028	-1106.69
18	527.923	580.262	-322.647	-322.647	554.092	501.108	-876.739
19	260.802	250.288	-160.713	-160.713	255.545	506.572	-416.258
20	-45.9592	-87.5832	-21.4081	-21.4081	-66.7712	506.96	45.3631
21	-231.912	-286.302	-9.83119	-9.83119	-259.107	506.596	249.276
22	-346.185	-397.125	-130.354	-130.354	-371.655	505.02	241.301
23	-320.444	-376.371	-181.164	-181.164	-348.408	503.608	167.244
24	-336.801	-371.014	-245.427	-245.427	-353.907	504.104	108.48
25	-304.015	-354.078	-245.63	-245.63	-329.046	505.024	83.4164
26	-291.754	-313.234	-254.665	-254.665	-302.494	504.456	47.8294
27	-272.157	-277.659	-267.848	-267.848	-274.908	504.264	7.06031
28	-229.83	-224.373	-235.905	-235.905	-227.102	504.732	-8.80361
29	-257.867	-228.178	-251.163	-251.163	-243.023	503.732	-8.14009
30	-237.008	-223.489	-243.882	-243.882	-230.248	504.484	-13.6336
31	-245.557	-195.111	-247.383	-247.383	-220.334	504.66	-27.0489
32	-249.299	-221.632	-256.575	-256.575	-235.466	504.068	-21.1097
33	-225.238	-234.836	-238.027	-238.027	-230.037	504.32	-7.9902
34	-230.059	-265.258	-257.115	-257.115	-247.659	503.972	-9.45584
35	-223.725	-322.708	-266.632	-266.632	-273.217	505.296	6.5851
36	-219.23	-321.172	-289.292	-289.292	-270.201	504.26	-19.0909
37	-216.404	-311.006	-291.303	-291.303	-263.705	504.4	-27.5982
38	-224.191	-317.422	-314.013	-314.013	-270.806	504.84	-43.2065
39	-250.269	-293.315	-337.058	-337.058	-271.792	504.788	-65.2664
40	-250.967	-307.74	-343.306	-343.306	-279.353	504.66	-63.9526
41	-256.245	-257.437	-341.374	-341.374	-256.841	504.532	-84.5332
42	-249.678	-278.767	-311.145	-311.145	-264.222	504.752	-46.923
43	-271.2	-338.665	-335.294	-335.294	-304.933	504.252	-30.3614
44	-292.716	-320.273	-317.186	-317.186	-306.494	504.124	-10.6916
45	-320.185	-343.385	-310.74	-310.74	-331.785	504.824	21.0454
46	-316.651	-308.679	-283.849	-283.849	-312.665	505.132	28.8164
47	-327.521	-312.808	-270.92	-270.92	-320.164	504.14	49.244
48	-335.976	-305.664	-263.597	-263.597	-320.82	503.664	57.2227
49	-303.286	-245.781	-236.642	-236.642	-274.534	504.016	37.8913
50	-267.07	-225.63	-226.053	-226.053	-246.35	504.648	20.2969
51	-228.756	-222.396	-222.192	-222.192	-225.576	504.288	3.3841
52	-234.524	-251.63	-246.106	-246.106	-243.077	503.596	-3.02892
53	-227.825	-278.403	-247.815	-247.815	-253.114	504.852	5.29902
54	-240.047	-279.771	-270.388	-270.388	-259.909	505.316	-10.4785
55	-273.709	-301.219	-292.97	-292.97	-287.464	504.308	-5.50635
56	-290.766	-339.473	-308.055	-308.055	-315.119	504.564	7.06443
57	-276.06	-328.801	-294.873	-294.873	-302.43	504.592	7.55786
58	-242.814	-320.131	-303.537	-303.537	-281.472	504.716	-22.065
59	-222.058	-291.609	-295.971	-295.971	-256.833	504.152	-39.1379
60	-228.877	-301.222	-301.912	-301.912	-265.05	504.572	-36.8623
61	-190.358	-290.375	-267.565	-267.565	-240.367	504.572	-27.1983
62	-160.848	-271.426	-245.445	-245.445	-216.137	504.724	-29.3084
63	-161.94	-283.974	-249.704	-249.704	-222.957	504.14	-26.7476
64	-154.017	-259.988	-207.719	-207.719	-207.003	504.832	-0.716337
65	-131.621	-274.134	-197.525	-197.525	-202.877	504.892	5.35242
66	-129.569	-262.953	-177.556	-177.556	-196.261	504.516	18.7045
67	-179.538	-285.448	-189.559	-189.559	-232.493	505.132	42.9336
68	-199.852	-296.571	-176.94	-176.94	-248.211	503.684	71.2712
69	-235.284	-304.233	-201.343	-201.343	-269.759	504.632	68.4159
70	-259.675	-291.391	-226.362	-226.362	-275.533	504.108	49.171
71	-303.162	-281.383	-229.831	-229.831	-292.272	503.672	62.442
72	-300.491	-233.168	-236.278	-236.278	-266.83	504.96	30.5514
73	-257.408	-207.437	-245.196	-245.196	-232.422	505.1	-12.7741
74	-278.007	-214.602	-282.273	-282.273	-246.305	504.64	-35.9681
75	-268.872	-207.196	-261.933	-261.933	-238.034	505.14	-23.8993
76	-281.808	-236.34	-248.694	-248.694	-259.074	504.916	10.3806
77	-307.592	-255.021	-226.196	-226.196	-281.307	505.12	55.1107
78	-295.275	-299.134	-160.478	-160.478	-297.205	504.448	136.726
79	-300.784	-277.548	-63.426	-63.426	-289.166	507.08	225.74
80	-129.661	-88.2079	-31.0875	-31.0875	-108.935	507.672	77.8472
81	149.271	204.882	-141.534	-141.534	177.076	507.884	-318.611
82	429.413	506.665	-303.843	-303.843	468.039	502.804	-771.882
83	637.37	688.721	-366.179	-366.179	663.046	470.488	-1029.22
84	681.041	744.035	-389.878	-389.878	712.538	398.724	-1102.42
85	695.471	748.908	-446.112	-446.112	722.19	312.216	-1168.3
86	586.682	625.99	-414.773	-414.773	606.336	228.296	-1021.11
87	355.628	373.473	-267.606	-267.606	364.55	143.244	-632.156
88	128.181	122.593	-73.1457	-73.1457	125.387	64.488	-198.533
89	7.41436	3.32377	-1.11711	-1.11711	5.36906	12.812	-6.48617
90	0	0	0	0	0	0	0
91	0	0	0	0	0	0	0
92	0	0	0	0	0	0	0
93	0	0	0	0	0	0	0
94	0	0	0	0	0	0	0
95	0	0	0	0	0	0	0
96	0	0	0	0	0	0	0
97	0	0	0	0	0	0	0
98	0	0	0	0	0	0	0
99	0	0	0	0	0	0	0
100	0	0	0	0	0	0	0
