0	0	0	0	0	0	0	0
1	0	0	0	0	0	0	0
2	0	0	0	0	0	0	0
3	0	0	0	0	0	0	0
4	0	0	0	0	0	0	0
5	0	0	0	0	0	0	0
6	0	0	0	0	0	0	0
7	0	0	0	0	0	0	0
8	0	0	0	0	0	0	0
9	0	0	0	0	0	0	0
10	-2.80056	-1.27164	4.12932	4.12932	-2.0361	1.552	6.16542
11	23.8526	29.4606	-0.400748	-0.400748	26.6566	23.456	-27.0573
12	186.527	190.63	-95.4387	-95.4387	188.579	78.792	-284.017
13	460.783	476.385	-252.433	-252.433	468.584	157.232	-721.017
14	713.637	710.432	-372.995	-372.995	712.034	241.588	-1085.03
15	854.12	840.545	-363.87	-363.87	847.332	325.736	-1211.2
16	878.819	873.104	-314.987	-314.987	875.961	410.032	-1190.95
17	812.573	785.327	-288.083	-288.083	798.95	472.656	-1087.03
18	624.789	572.023	-173.459	-173.459	598.406	500.396	-771.865
19	293.112	242.043	-26.1397	-26.1397	267.578	506.072	-293.717
20	22.3561	-12.3472	52.8462	52.8462	5.00448	505.256	47.8417
21	-162.62	-194.734	22.8136	22.8136	-178.677	505.448	201.491
22	-230.974	-276.135	-75.0233	-75.0233	-253.554	503.752	178.531
23	-250.11	-231.659	-117.145	-117.145	-240.884	502.896	123.74
24	-265.245	-205.337	-177.769	-177.769	-235.291	503.952	57.522
25	-240.737	-180.608	-209.757	-209.757	-210.673	503.732	0.915277
26	-263.143	-219.97	-170.55	-170.55	-241.556	504.636	71.0065
27	-231.829	-183.019	-177.31	-177.31	-207.424	503.508	30.1145
28	-195.864	-163.593	-130.078	-130.078	-179.728	503.728	49.6509
29	-156.894	-197.226	-127.225	-127.225	-177.06	504.448	49.8352
30	-161.31	-223.737	-142.881	-142.881	-192.523	503.516	49.6424
31	-164.974	-233.59	-97.709	-97.709	-199.282	504.252	101.573
32	-135.156	-189.556	-116.18	-116.18	-162.356	503.976	46.1764
33	-135.826	-223.502	-121.723	-121.723	-179.664	504.308	57.9413
34	-175.136	-212.239	-155.425	-155.425	-193.688	503.448	38.2627
35	-197.508	-195.246	-166.259	-166.259	-196.377	504.04	30.118
36	-193.527	-191.78	-151.345	-151.345	-192.653	504.128	41.308
37	-211.079	-187.601	-204.217	-204.217	-199.34	503.08	-4.87697
38	-251.57	-222.135	-221.252	-221.252	-236.852	502.956	15.6
39	-276.451	-209.209	-222.765	-222.765	-242.83	504.092	20.0654
40	-283.35	-232.645	-251.265	-251.265	-257.997	504.668	6.73199
41	-268.333	-206.65	-223.314	-223.314	-237.492	502.428	14.1774
42	-278.815	-173.804	-224.468	-224.468	-226.31	504.444	1.84177
43	-260.747	-182.531	-189.983	-189.983	-221.639	503.972	31.6561
44	-215.991	-149.07	-182.223	-182.223	-182.53	503.812	0.307541
45	-213.216	-153.807	-178.124	-178.124	-183.512	503.176	5.38809
46	-159.974	-116.339	-126.004	-126.004	-138.157	503.556	12.1523
47	-164.51	-138.938	-176.387	-176.387	-151.724	504.228	-24.6636
48	-121.839	-127.923	-118.419	-118.419	-124.881	502.216	6.46195
49	-91.4163	-90.1682	-112.596	-112.596	-90.7923	503.052	-21.8041
50	-67.9389	-56.5733	-96.8235	-96.8235	-62.2561	503.472	-34.5674
51	-63.1219	-47.3393	-89.32	-89.32	-55.2306	502.96	-34.0895
52	-94.6423	-81.3756	-133.084	-133.084	-88.009	502.232	-45.075
53	-89.1732	-96.9205	-115.037	-115.037	-93.0469	502.716	-21.9899
54	-95.2129	-127.605	-143.494	-143.494	-111.409	503.86	-32.0844
55	-113.534	-171.74	-190.287	-190.287	-142.637	503.32	-47.6492
56	-152.511	-237.327	-224.37	-224.37	-194.919	503.584	-29.4511
57	-134.182	-242.24	-234.899	-234.899	-188.211	504.04	-46.6878
58	-123.63	-242.585	-200.816	-200.816	-183.107	503.956	-17.7094
59	-99.3625	-233.457	-206.823	-206.823	-166.41	503.924	-40.4137
60	-89.2226	-224.378	-217.456	-217.456	-156.8	504.032	-60.656
61	-113.992	-246	-215.591	-215.591	-179.996	504.388	-35.5952
62	-137.61	-255.752	-196.139	-196.139	-196.681	503.26	0.54173
63	-132.538	-261.553	-163.996	-163.996	-197.046	504.524	33.0499
64	-179.198	-288.421	-208.034	-208.034	-233.809	503.816	25.7752
65	-174.956	-298.072	-182.443	-182.443	-236.514	503.952	54.0716
66	-184.635	-290.086	-206.379	-206.379	-237.36	504.172	30.9816
67	-174.87	-265.618	-200.068	-200.068	-220.244	504.132	20.1758
68	-168.038	-218.125	-188.864	-188.864	-193.081	504.328	4.21738
69	-176.41	-204.058	-223.018	-223.018	-190.234	503.4	-32.7843
70	-123.579	-207.42	-197.279	-197.279	-165.5	504.188	-31.7798
71	-130.075	-196.743	-210.841	-210.841	-163.409	503.804	-47.4326
72	-161.031	-195.854	-205.126	-205.126	-178.442	503.072	-26.6839
73	-176.846	-192.58	-202.582	-202.582	-184.713	503.188	-17.8687
74	-169.89	-206.806	-211.756	-211.756	-188.348	503.208	-23.4075
75	-234.432	-223.389	-209.953	-209.953	-228.911	503.056	18.9575
76	-262.415	-219.039	-182.071	-182.071	-240.727	503.176	58.6563
77	-312.348	-231.622	-134.631	-134.631	-271.985	503.564	137.354
78	-311.749	-256.496	-36.0794	-36.0794	-284.122	504.912	248.043
79	-172.141	-155.977	73.2168	73.2168	-164.059	505.7	237.276
80	-0.672224	8.6362	139.636	139.636	3.98199	507.076	135.654
81	344.171	305.269	79.7988	79.7988	324.72	506.252	-244.921
82	671.142	650.666	-73.3573	-73.3573	660.904	500.348	-734.261
83	868.451	839.382	-183.396	-183.396	853.916	471.372	-1037.31
84	957.242	914.011	-229.081	-229.081	935.627	407.964	-1164.71
85	875.678	850.13	-289.38	-289.38	862.904	324.752	-1152.28
86	735.494	709.441	-327.775	-327.775	722.468	239.776	-1050.24
87	470.855	458.67	-234.396	-234.396	464.763	156.364	-699.158
88	190.919	178.24	-73.4764	-73.4764	184.579	78.428	-258.056
89	46.8323	33.4023	13.9486	13.9486	40.1173	23.412	-26.1687
90	2.85007	1.87243	4.48081	4.48081	2.36125	1.472	2.11956
91	0	0	0	0	0	0	0
92	0	0	0	0	0	0	0
93	0	0	0	0	0	0	0
94	0	0	0	0	0	0	0
95	0	0	0	0	0	0	0
96	0	0	0	0	0	0	0
97	0	0	0	0	0	0	0
98	0	0	0	0	0	0	0
99	0	0	0	0	0	0	0
100	0	0	0	0	0	0	0
