0	0	0	0	0	0	0	0
1	0	0	0	0	0	0	0
2	0	0	0	0	0	0	0
3	0	0	0	0	0	0	0
4	0	0	0	0	0	0	0
5	-0.0283193	0.165491	0.0610637	0.0610637	0.0685858	0.036	-0.00752208
6	0.0400578	-0.884125	1.34346	1.34346	-0.422034	0.268	1.7655
7	1.03563	3.69182	5.4356	5.4356	2.36372	1.752	3.07187
8	16.1985	16.6012	16.1422	16.1422	16.3999	8.144	-0.257638
9	51.8674	73.2508	22.4394	22.4394	62.5591	27.484	-40.1197
10	165.739	197.536	20.652	20.652	181.637	68.152	-160.985
11	380.424	424.191	-58.0637	-58.0637	402.307	130.42	-460.371
12	634.458	693.068	-108.322	-108.322	663.763	206.964	-772.085
13	837.041	867.042	-132.331	-132.331	852.041	285.096	-984.372
14	908.744	935.547	-110.867	-110.867	922.146	360.656	-1033.01
15	883.433	932.505	-40.6494	-40.6494	907.969	422.552	-948.618
16	759.032	819.836	10.7866	10.7866	789.434	462.296	-778.647
17	528.002	590.07	120.013	120.013	559.036	480.34	-439.023
18	244.747	326.618	165.845	165.845	285.683	484.328	-119.838
19	25.2332	144.234	199.551	199.551	84.7337	485.24	114.818
20	-75.2836	47.4455	143.326	143.326	-13.9191	483.24	157.245
21	-83.2589	13.2469	68.8483	68.8483	-35.006	482.92	103.854
22	-72.9984	4.52552	-11.2898	-11.2898	-34.2364	483.024	22.9466
23	-44.7905	19.2511	-52.2479	-52.2479	-12.7697	482.62	-39.4782
24	-38.3283	8.15433	-49.677	-49.677	-15.087	482.672	-34.59
25	-45.9032	4.63221	-75.5817	-75.5817	-20.6355	482.376	-54.9463
26	-50.7781	17.4091	-78.9589	-78.9589	-16.6845	483.38	-62.2743
27	-65.7703	-16.5394	-71.846	-71.846	-41.1548	482.16	-30.6912
28	-91.094	-26.453	-48.8088	-48.8088	-58.7735	482.276	9.96467
29	-137.331	-63.0421	-78.3639	-78.3639	-100.187	482.4	21.8226
30	-133.256	-72.3293	-78.8279	-78.8279	-102.793	482.208	23.9646
31	-137.601	-78.9176	-80.3629	-80.3629	-108.259	482.308	27.8966
32	-120.502	-88.0301	-64.1852	-64.1852	-104.266	481.92	40.0809
33	-109.517	-58.5324	-97.7215	-97.7215	-84.0249	482.444	-13.6966
34	-93.6815	-47.5043	-97.3519	-97.3519	-70.5929	482.284	-26.759
35	-49.0587	-27.2133	-61.1005	-61.1005	-38.136	483.328	-22.9645
36	-42.0171	4.27653	-89.9109	-89.9109	-18.8703	482.936	-71.0406
37	-23.2509	-6.70157	-99.3534	-99.3534	-14.9762	482.972	-84.3772
38	-36.5224	-25.8623	-106.662	-106.662	-31.1924	482.916	-75.4698
39	-20.1835	-12.821	-68.785	-68.785	-16.5022	483.048	-52.2828
40	-21.384	-14.6157	-62.2184	-62.2184	-17.9999	483.22	-44.2186
41	-25.7011	11.8175	-56.8701	-56.8701	-6.9418	482.444	-49.9284
42	-37.6641	15.0503	-24.8963	-24.8963	-11.3069	482.6	-13.5894
43	-23.6026	18.0585	-29.6135	-29.6135	-2.77203	482.168	-26.8415
44	8.18786	50.1514	6.48246	6.48246	29.1696	482.28	-22.6871
45	3.55473	12.9122	-38.8411	-38.8411	8.23347	483.136	-47.0746
46	-10.3404	-19.948	-76.5163	-76.5163	-15.1442	482.552	-61.3721
47	-20.521	-66.0566	-89.5669	-89.5669	-43.2888	482.788	-46.2781
48	-0.803194	-99.5277	-98.3017	-98.3017	-50.1654	483.084	-48.1362
49	-44.3582	-116.542	-123.636	-123.636	-80.45	484.412	-43.1857
50	-83.1285	-112.537	-167.579	-167.579	-97.8325	483.616	-69.7464
51	-104.41	-118.619	-167.113	-167.113	-111.515	483.724	-55.5979
52	-88.3643	-125.865	-145.988	-145.988	-107.114	484.508	-38.8735
53	-76.5577	-119.644	-166.97	-166.97	-98.1007	483.756	-68.869
54	-94.681	-101.45	-183.363	-183.363	-98.0653	483.772	-85.2976
55	-69.0324	-86.2011	-174.112	-174.112	-77.6167	483.896	-96.4951
56	-56.6881	-112.347	-151.676	-151.676	-84.5175	484.7	-67.1589
57	-74.9927	-111.995	-139.954	-139.954	-93.494	482.796	-46.4602
58	-99.1814	-94.6074	-138.036	-138.036	-96.8944	483.588	-41.142
59	-132.016	-132.707	-153.567	-153.567	-132.361	484.196	-21.2061
60	-104.427	-163.621	-151.318	-151.318	-134.024	484.552	-17.2942
61	-128.494	-179.417	-161.304	-161.304	-153.956	483.556	-7.348
62	-147.726	-155.847	-152.439	-152.439	-151.786	483.6	-0.652843
63	-135.892	-166.696	-142.905	-142.905	-151.294	485.14	8.38939
64	-102.699	-163.311	-166.64	-166.64	-133.005	483.336	-33.6345
65	-102.604	-118.363	-115.22	-115.22	-110.483	484.548	-4.73622
66	-159.165	-125.219	-135.006	-135.006	-142.192	483.812	7.18619
67	-156.48	-124.811	-116.806	-116.806	-140.646	483.94	23.84
68	-190.938	-148.835	-140.241	-140.241	-169.886	484.364	29.6458
69	-197.1	-155.106	-171.48	-171.48	-176.103	483.496	4.6224
70	-229.56	-139.031	-155.806	-155.806	-184.295	484.64	28.489
71	-227.852	-132.521	-168.28	-168.28	-180.186	483.768	11.9067
72	-224.04	-117.633	-167.253	-167.253	-170.836	483.864	3.58331
73	-252.11	-150.342	-175.655	-175.655	-201.226	484.504	25.5714
74	-236.288	-163.047	-181.434	-181.434	-199.668	484.256	18.2338
75	-229.033	-145.03	-149.677	-149.677	-187.031	484.324	37.3543
76	-214.598	-164.82	-142.29	-142.29	-189.709	484.644	47.4188
77	-243.589	-182.323	-157.708	-157.708	-212.956	483.752	55.2477
78	-239.801	-211.84	-107.805	-107.805	-225.82	484.008	118.015
79	-188.186	-175.917	-41.0155	-41.0155	-182.051	484.732	141.036
80	-148.152	-135.337	19.1343	19.1343	-141.745	486.092	160.879
81	-26.5748	-2.07538	20.735	20.735	-14.3251	486.632	35.0601
82	231.694	246.528	-67.3276	-67.3276	239.111	485.788	-306.438
83	510.432	507.706	-206.76	-206.76	509.069	482.192	-715.829
84	704.583	711.929	-300.064	-300.064	708.256	455.492	-1008.32
85	748.575	773.346	-328.519	-328.519	760.96	395.116	-1089.48
86	759.035	769.624	-357.381	-357.381	764.33	315.644	-1121.71
87	653.929	650.144	-348.263	-348.263	652.036	235.068	-1000.3
88	413.772	422.643	-243.506	-243.506	418.207	154.568	-661.713
89	186.573	182.802	-81.1365	-81.1365	184.688	78.312	-265.824
90	35.9652	27.661	2.07967	2.07967	31.8131	24.36	-29.7335
91	3.48427	2.02285	6.71559	6.71559	2.75356	2.848	3.96203
92	-0.278521	0.0715764	0.601404	0.601404	-0.103472	0.08	0.704876
93	0	0	0	0	0	0	0
94	0	0	0	0	0	0	0
95	0	0	0	0	0	0	0
96	0	0	0	0	0	0	0
97	0	0	0	0	0	0	0
98	0	0	0	0	0	0	0
99	0	0	0	0	0	0	0
100	0	0	0	0	0	0	0
