0	0	0	0	0	0	0	0
1	0	0	0	0	0	0	0
2	0	0	0	0	0	0	0
3	0	0	0	0	0	0	0
4	0	0	0	0	0	0	0
5	0	0	0	0	0	0	0
6	0.291219	-0.0600781	-0.0303146	-0.0303146	0.115571	0.024	-0.145885
7	0.481394	-0.238521	0.0070233	0.0070233	0.121436	0.116	-0.114413
8	0.347509	0.490304	2.7021	2.7021	0.418906	0.816	2.2832
9	-1.43766	1.35012	7.24641	7.24641	-0.0437711	4.368	7.29019
10	16.882	24.3369	18.1514	18.1514	20.6095	16.808	-2.45805
11	98.8263	110.582	13.845	13.845	104.704	47.108	-90.8594
12	273.115	274.5	-38.806	-38.806	273.807	101.936	-312.613
13	498.051	521.955	-118.658	-118.658	510.003	174.88	-628.662
14	743.28	749.084	-185.679	-185.679	746.182	254.932	-931.861
15	896.217	862.864	-202.804	-202.804	879.541	335.344	-1082.35
16	949.38	881.533	-180.806	-180.806	915.456	407.672	-1096.26
17	907.609	793.284	-134.726	-134.726	850.447	462.104	-985.172
18	747.696	620.812	-27.3397	-27.3397	684.254	490.444	-711.593
19	549.968	374.033	73.1204	73.1204	462	500.716	-388.88
20	330.673	170.366	164.521	164.521	250.52	503.12	-85.9987
21	172.565	65.9269	189.53	189.53	119.246	502.572	70.2842
22	141.392	49.5218	210.487	210.487	95.4569	501.476	115.03
23	103.065	71.861	181.832	181.832	87.4628	499.428	94.3694
24	94.4138	102.2	135.849	135.849	98.3069	500.172	37.5422
25	37.5298	84.4821	104.236	104.236	61.006	500.836	43.2296
26	34.3541	65.6483	112.609	112.609	50.0012	501.932	62.6076
27	20.968	47.5361	67.1066	67.1066	34.2521	501.492	32.8545
28	-49.6624	-1.3411	-14.2361	-14.2361	-25.5018	501.22	11.2657
29	-72.3614	-46.9143	-15.6222	-15.6222	-59.6379	502.344	44.0156
30	-53.7586	-68.0683	-28.5794	-28.5794	-60.9135	501.828	32.3341
31	-1.13745	-54.6978	-21.7377	-21.7377	-27.9176	501.3	6.17992
32	-24.3163	-19.9956	-65.8452	-65.8452	-22.1559	501.304	-43.6893
33	6.6599	-14.3596	-7.5552	-7.5552	-3.84983	501.464	-3.70537
34	66.973	23.7614	27.6498	27.6498	45.3672	501.912	-17.7174
35	78.0956	26.3709	29.5727	29.5727	52.2333	501.736	-22.6606
36	50.535	45.3117	50.2796	50.2796	47.9233	501.092	2.35629
37	54.4053	68.2198	55.7757	55.7757	61.3125	501.848	-5.53686
38	78.4486	42.5167	62.0476	62.0476	60.4826	501.112	1.56501
39	89.3163	66.8975	26.1289	26.1289	78.1069	501.672	-51.978
40	32.9331	15.7134	4.5369	4.5369	24.3232	500.72	-19.7863
41	28.6006	16.9061	-42.0973	-42.0973	22.7533	501.016	-64.8507
42	24.8764	14.1254	-60.2328	-60.2328	19.5009	501.496	-79.7336
43	4.1625	21.8632	-60.2582	-60.2582	13.0129	500.816	-73.2711
44	-14.8752	40.5178	-53.3396	-53.3396	12.8213	500.944	-66.1609
45	-28.7285	33.6903	-36.5951	-36.5951	2.48088	500.176	-39.0759
46	15.0071	99.6542	2.88987	2.88987	57.3306	500.984	-54.4407
47	25.048	146.146	25.5818	25.5818	85.5968	500.76	-60.0149
48	24.8405	107.951	10.3806	10.3806	66.396	501.58	-56.0154
49	7.98987	70.0134	12.3369	12.3369	39.0016	500.948	-26.6647
50	-11.2407	44.9771	-5.8234	-5.8234	16.8682	500.624	-22.6916
51	8.07618	26.7014	10.1618	10.1618	17.3888	501.176	-7.22699
52	0.124685	-23.4257	-7.93886	-7.93886	-11.6505	500.668	3.71163
53	0.528405	-56.3823	13.808	13.808	-27.927	501.14	41.735
54	31.5249	-56.5389	53.5422	53.5422	-12.507	501.416	66.0491
55	52.3694	-26.1996	68.6569	68.6569	13.0849	500.984	55.572
56	80.1369	-15.3442	125.831	125.831	32.3963	501.06	93.4345
57	70.2138	-4.10105	134.009	134.009	33.0564	501.396	100.952
58	86.9771	42.5533	153.95	153.95	64.7652	501.176	89.1853
59	51.1668	38.9826	134.597	134.597	45.0747	501.088	89.5219
60	5.68788	41.0502	133.061	133.061	23.3691	500.416	109.692
61	-41.6219	4.79597	114.89	114.89	-18.413	501.776	133.303
62	-90.5273	-3.38985	43.8219	43.8219	-46.9586	501.852	90.7804
63	-105.411	-11.6679	29.2531	29.2531	-58.5397	501.632	87.7927
64	-146.17	-32.5012	13.8576	13.8576	-89.3355	501.852	103.193
65	-93.2876	-31.2479	-1.55281	-1.55281	-62.2678	502.22	60.715
66	-37.2759	27.1458	8.88233	8.88233	-5.06507	501.324	13.9474
67	-2.42794	0.490501	-12.297	-12.297	-0.96872	502.148	-11.3283
68	-2.38723	-35.3958	4.07684	4.07684	-18.8915	501.78	22.9683
69	-15.9613	-40.7895	-17.6181	-17.6181	-28.3754	501.612	10.7573
70	17.4267	-31.5481	-20.444	-20.444	-7.06069	501.688	-13.3833
71	2.62526	-12.887	-12.3677	-12.3677	-5.13086	501.196	-7.2368
72	-47.5899	-53.0219	-28.3802	-28.3802	-50.3059	502.168	21.9257
73	-74.8001	-23.7058	-39.6526	-39.6526	-49.253	501.108	9.60034
74	-45.6948	3.33576	-22.9645	-22.9645	-21.1795	501.028	-1.78498
75	-21.4121	12.9804	-1.26966	-1.26966	-4.21583	501	2.94617
76	-53.2575	-27.1353	-19.2315	-19.2315	-40.1964	501.384	20.9649
77	-43.1252	-9.10396	37.6583	37.6583	-26.1146	501.188	63.7729
78	-18.3948	8.04287	75.86	75.86	-5.17598	501.096	81.0359
79	70.58	61.8716	135.796	135.796	66.2258	502.176	69.5699
80	208.628	205.47	151.387	151.387	207.049	504.184	-55.6617
81	420.766	393.847	92.4539	92.4539	407.307	501.172	-314.853
82	698.603	667.174	48.8285	48.8285	682.888	489.408	-634.06
83	843.788	781.407	-50.4943	-50.4943	812.597	459.764	-863.092
84	923.444	854.155	-106.263	-106.263	888.8	406.14	-995.062
85	884.142	834.489	-125.541	-125.541	859.316	333.072	-984.857
86	759.128	692.91	-139.574	-139.574	726.019	251.476	-865.593
87	534.589	501.798	-94.4273	-94.4273	518.193	171.732	-612.62
88	269.455	253.719	-41.066	-41.066	261.587	99.9	-302.653
89	115.338	113.549	15.84	15.84	114.443	45.808	-98.6035
90	26.1494	25.0815	17.6173	17.6173	25.6155	15.8	-7.9982
91	6.02035	4.91435	9.69247	9.69247	5.46735	4.168	4.22512
92	-0.0432103	0.895848	1.6344	1.6344	0.426319	0.756	1.20808
93	0.203163	-0.281652	0.828215	0.828215	-0.0392442	0.112	0.867459
94	0.0391328	0.0845821	0.0945363	0.0945363	0.0618575	0.008	0.0326788
95	0	0	0	0	0	0	0
96	0	0	0	0	0	0	0
97	0	0	0	0	0	0	0
98	0	0	0	0	0	0	0
99	0	0	0	0	0	0	0
100	0	0	0	0	0	0	0
