0	0	0	0	0	0	0	0
1	0	0	0	0	0	0	0
2	0	0	0	0	0	0	0
3	0	0	0	0	0	0	0
4	0	0	0	0	0	0	0
5	0	0	0	0	0	0	0
6	0	0	0	0	0	0	0
7	0	0	0	0	0	0	0
8	0	0	0	0	0	0	0
9	0	0	0	0	0	0	0
10	0.645175	6.06769	7.14903	7.14903	3.35643	4.984	3.79259
11	43.5253	61.2463	8.46233	8.46233	52.3858	31.788	-43.9234
12	204.477	211.694	-78.345	-78.345	208.085	87.224	-286.43
13	450.656	492.129	-203.124	-203.124	471.392	164.456	-674.517
14	725	759.712	-271.054	-271.054	742.356	248.664	-1013.41
15	863.405	896	-272.816	-272.816	879.703	332.624	-1152.52
16	910.793	933.783	-208.506	-208.506	922.288	412.804	-1130.79
17	896.88	880.047	-141.91	-141.91	888.463	470.164	-1030.37
18	694.137	690.261	-79.209	-79.209	692.199	498.436	-771.408
19	457.233	374.252	49.1349	49.1349	415.743	505.06	-366.608
20	153.484	83.3899	111.004	111.004	118.437	504.452	-7.43221
21	-15.4101	-100.185	63.2141	63.2141	-57.7975	503.784	121.012
22	-81.4806	-161.702	-31.9572	-31.9572	-121.591	503.152	89.634
23	-146.601	-167.893	-113.715	-113.715	-157.247	501.812	43.5326
24	-110.044	-129.446	-115.388	-115.388	-119.745	502.724	4.35725
25	-125.602	-100.486	-138.665	-138.665	-113.044	502.144	-25.621
26	-69.0204	-55.0257	-133.324	-133.324	-62.023	502.728	-71.3012
27	-61.3563	-16.6009	-100.195	-100.195	-38.9786	503.264	-61.2165
28	-49.2061	-12.2668	-103.337	-103.337	-30.7365	502.324	-72.6001
29	-13.2127	-1.42873	-88.1925	-88.1925	-7.32071	502.864	-80.8718
30	1.20224	-22.8653	-75.4484	-75.4484	-10.8315	501.972	-64.6169
31	6.78642	-9.83679	-59.9603	-59.9603	-1.52519	502.828	-58.4351
32	-30.8763	-25.316	-54.4787	-54.4787	-28.0962	501.508	-26.3825
33	3.88768	-12.1651	-28.433	-28.433	-4.13871	501.776	-24.2943
34	12.6535	-0.890317	-3.34257	-3.34257	5.88157	502.2	-9.22414
35	19.8074	18.1902	-24.9232	-24.9232	18.9988	501.996	-43.922
36	3.86605	25.7501	-15.9691	-15.9691	14.8081	502.472	-30.7772
37	12.3192	17.2227	-47.4757	-47.4757	14.7709	501.876	-62.2466
38	-9.97786	-12.0362	-62.7045	-62.7045	-11.007	502.344	-51.6974
39	-37.5911	-52.3994	-92.1039	-92.1039	-44.9952	502.188	-47.1087
40	-61.8965	-63.7591	-95.4597	-95.4597	-62.8278	502.428	-32.6319
41	-81.4211	-82.1565	-87.1008	-87.1008	-81.7888	502.848	-5.31196
42	-42.5713	-70.744	-97.1373	-97.1373	-56.6576	501.852	-40.4797
43	-40.9782	-67.3921	-51.7601	-51.7601	-54.1852	503.092	2.42507
44	44.8805	-55.4238	-68.5515	-68.5515	-5.27167	503.04	-63.2799
45	78.6801	-21.1905	-63.655	-63.655	28.7448	503.044	-92.3999
46	90.4989	-25.902	-120.539	-120.539	32.2985	502.536	-152.837
47	96.4754	-54.3854	-131.881	-131.881	21.045	502.928	-152.926
48	25.5185	-79.9998	-150.133	-150.133	-27.2407	502.948	-122.892
49	2.59091	-93.8051	-166.851	-166.851	-45.6071	502.276	-121.243
50	-68.7894	-80.5713	-127.808	-127.808	-74.6803	502.644	-53.1277
51	-71.456	-70.028	-122.24	-122.24	-70.742	502.268	-51.4979
52	-51.7666	-39.0596	-55.1265	-55.1265	-45.4131	501.444	-9.71338
53	-57.6763	-48.7464	-41.4989	-41.4989	-53.2113	501.94	11.7125
54	-26.2258	-28.3986	-10.2111	-10.2111	-27.3122	502.344	17.1011
55	-34.1436	-51.1902	-32.1878	-32.1878	-42.6669	502.204	10.4792
56	5.46344	-36.3678	-60.6323	-60.6323	-15.4522	502.116	-45.1801
57	-49.2431	-43.178	-72.6261	-72.6261	-46.2105	502.708	-26.4156
58	-72.8865	-55.771	-93.983	-93.983	-64.3287	502.736	-29.6543
59	-79.4321	-45.9429	-120.123	-120.123	-62.6875	503.044	-57.4356
60	-77.2182	-51.3347	-146.348	-146.348	-64.2764	502.772	-82.072
61	-86.4317	-24.1535	-126.902	-126.902	-55.2926	501.952	-71.609
62	-136.226	-52.753	-132.942	-132.942	-94.4895	503.052	-38.4526
63	-169.64	-71.794	-132.295	-132.295	-120.717	502.424	-11.5779
64	-189.979	-124.967	-144.172	-144.172	-157.473	503.8	13.3012
65	-141.953	-92.6266	-116.978	-116.978	-117.29	502.212	0.311327
66	-148.515	-106.068	-101.072	-101.072	-127.292	502.448	26.22
67	-160.622	-148.181	-104.99	-104.99	-154.402	503.076	49.4115
68	-129.827	-146.693	-103.916	-103.916	-138.26	502.372	34.3439
69	-82.4255	-145.195	-109.441	-109.441	-113.81	502.448	4.36931
70	-54.6595	-109.262	-118.252	-118.252	-81.9608	501.936	-36.2915
71	-129.802	-137.777	-146.417	-146.417	-133.79	502.608	-12.6273
72	-126.957	-92.5712	-146.115	-146.115	-109.764	502.42	-36.3512
73	-127.958	-42.113	-165.625	-165.625	-85.0357	502.668	-80.5891
74	-170.984	-60.2688	-182.419	-182.419	-115.626	502.284	-66.7929
75	-166.322	-58.1198	-161.788	-161.788	-112.221	502.316	-49.567
76	-195.911	-44.9621	-112.058	-112.058	-120.437	502.32	8.37853
77	-179.339	-74.9822	-75.7036	-75.7036	-127.161	502.584	51.4571
78	-199.384	-108.931	-14.9319	-14.9319	-154.158	503.68	139.226
79	-149.854	-110.403	62.7722	62.7722	-130.129	504.62	192.901
80	-11.3234	42.2379	92.0139	92.0139	15.4573	505.2	76.5566
81	251.411	289.869	5.38549	5.38549	270.64	506.308	-265.254
82	527.776	524.287	-158.729	-158.729	526.032	499.728	-684.761
83	712.599	730.963	-242.949	-242.949	721.781	470.076	-964.729
84	784.552	786.142	-305.217	-305.217	785.347	411.2	-1090.56
85	780.215	786.912	-341.103	-341.103	783.563	330.64	-1124.67
86	680.203	661.365	-332.536	-332.536	670.784	246.504	-1003.32
87	438.869	427.24	-240.026	-240.026	433.055	161.772	-673.081
88	198.016	195.761	-89.6765	-89.6765	196.889	84.46	-286.565
89	42.9647	37.2386	-5.7156	-5.7156	40.1017	30.024	-45.8173
90	-0.37772	-0.852569	6.98578	6.98578	-0.615145	4.408	7.60093
91	0	0	0	0	0	0	0
92	0	0	0	0	0	0	0
93	0	0	0	0	0	0	0
94	0	0	0	0	0	0	0
95	0	0	0	0	0	0	0
96	0	0	0	0	0	0	0
97	0	0	0	0	0	0	0
98	0	0	0	0	0	0	0
99	0	0	0	0	0	0	0
100	0	0	0	0	0	0	0
