94000    224.79338   -879.27824    133625.27   -40731.391     2796.857   -43528.248    156.68715   0.93465477 
96000    226.71247   -525.97217    132647.93   -40742.128    2820.7341   -43562.862    158.03801   0.94154121 
98000    224.49786   -386.45104    133290.74   -40763.941    2793.1801   -43557.121    159.69404   0.93700048 
100000    225.76011   -272.96592    133054.15   -40813.407     2808.885   -43622.292    161.50836   0.93866662 
102000    220.66787   -309.37457    132896.51   -40827.754    2745.5278   -43573.282     162.2124   0.93978007 
104000     229.6674   -707.16561    133193.96    -40766.35    2857.4991   -43623.849    164.06834   0.93768133 
106000    230.47342   -258.82585    133178.27   -40866.501    2867.5276   -43734.029    165.21225   0.93779181 
108000    221.68229   -442.23586    133339.04   -40895.178    2758.1491   -43653.327    166.35506    0.9366611 
110000    223.31409   -843.83795    133781.57   -40879.609    2778.4519   -43658.061    167.68572   0.93356274 
112000    220.14496   -835.26293     133973.8   -40952.989    2739.0219   -43692.011    169.21174   0.93222327 
114000    222.17767   -366.44157    133015.08   -40954.885    2764.3126   -43719.198     169.3611   0.93894237 
116000    225.39117   -655.00117    133275.18   -40833.761    2804.2947   -43638.056    171.09324   0.93710988 
118000    227.25234   -969.41623    133824.52   -40822.749    2827.4512     -43650.2    172.06218   0.93326314 
120000    224.93653   -696.04093     134052.6   -40929.371     2798.638   -43728.009    173.62845   0.93167528 
122000     226.1452   -492.88966    133384.31   -40887.912    2813.6762   -43701.588    173.79569   0.93634319 
124000     220.1049   -251.69428    133019.82   -40920.193    2738.5234   -43658.716    174.51117   0.93890889 
126000    227.27069   -367.73135    132838.67   -40940.344    2827.6794   -43768.023    175.65263   0.94018928 
128000     225.1039   -579.79723    133295.08   -41002.611    2800.7204   -43803.331     177.9441   0.93697003 
130000    226.10658   -514.43447    133993.98   -40923.957    2813.1957   -43737.153    178.83972   0.93208286 
132000    227.18517   -624.49666    134169.01    -40882.23    2826.6154   -43708.846    180.67214    0.9308669 
134000    225.01092   -739.83091    133769.64   -40865.247    2799.5636   -43664.811    181.34535   0.93364604 
136000    222.96846   -483.24043    133311.86   -40813.636    2774.1515   -43587.787    182.25921   0.93685204 
138000    226.18633    -400.5106    133314.71   -40751.743     2814.188   -43565.931    183.54684   0.93683202 
140000    226.75242   -695.96677     133557.7   -40726.263    2821.2312   -43547.495    185.20801   0.93512762 
142000     225.6722   -1076.3247    133995.62   -40841.196    2807.7911   -43648.987    187.71988   0.93207144 
144000    225.75012   -280.96773    133164.25   -40889.778    2808.7607   -43698.539     188.7147   0.93789055 
146000    226.52614   -212.86452    132759.83   -40824.325    2818.4158   -43642.741      190.041   0.94074758 
148000     221.7503   -635.58807    133372.87   -40813.946    2758.9953   -43572.941    192.42253   0.93642353 
150000    226.92007   -520.23814    133339.39    -40900.02    2823.3171   -43723.337    193.20958   0.93665865 
152000    230.24257   -446.52274    133045.67   -40823.926    2864.6553   -43688.581    194.33929   0.93872643 
154000    231.99836   -685.71289    133592.22   -40740.482    2886.5007   -43626.982     196.4989   0.93488594 
156000    231.85236   -389.25659    133186.63   -40766.714    2884.6841   -43651.398    198.11818   0.93773295 
158000    223.27031    -746.5685     133323.3   -40766.671    2777.9071   -43544.578    199.05785    0.9367717 
160000    220.80224   -546.44897    132502.03    -40778.54    2747.1997   -43525.739    199.89557   0.94257791 
162000    219.06436   -1105.3986     133656.6   -40825.727    2725.5771   -43551.304    202.61697   0.93443565 
164000      224.388   -591.98364    133113.26   -40674.989    2791.8133   -43466.802    202.83139   0.93824978 
166000     223.9326   -715.72931    133370.59   -40787.944    2786.1473   -43574.091    204.84554    0.9364395 
168000    220.67166   -283.96425    132382.86   -40785.112     2745.575   -43530.687    205.59124   0.94342642 
170000    226.95501   -821.20275    133652.16   -40651.903    2823.7518   -43475.655    208.28934    0.9344667 
172000    225.95838   -455.24095    132435.74   -40646.083    2811.3519   -43457.435    208.21429   0.94304977 
174000    229.28281   -403.90208    133298.22   -40616.362     2852.714   -43469.076     211.3319   0.93694792 
176000    227.76486    -651.8952    133056.51   -40697.689    2833.8278   -43531.517    212.08089   0.93864997 
178000    225.73945   -819.65967    133856.53   -40734.426     2808.628   -43543.054    214.64902   0.93303999 
180000    230.40276    -282.1892     133029.7   -40656.291    2866.6484   -43522.939     215.2877   0.93883916 
182000    225.42627   -433.24913     133259.3   -40777.862    2804.7313   -43582.594    217.01777   0.93722159 
184000    223.80969   -419.56278    133135.26   -40874.811     2784.618   -43659.429     218.1781    0.9380948 
186000    227.14109   -778.54644     133492.5   -40865.479     2826.067   -43691.546    219.27676   0.93558435 
188000    221.80813   -759.23164    133839.19   -40856.822    2759.7148   -43616.537    220.23642   0.93316087 
190000    222.15805   -940.25798    133887.63   -40833.154    2764.0685   -43597.223     222.2393   0.93282326 
192000    226.55343   -556.46378    133212.12   -40889.443    2818.7554   -43708.199    222.64574   0.93755355 
194000    226.89935   -523.86153    134251.64   -40804.216    2823.0593   -43627.275    225.57998   0.93029397 
196000    222.34883   -423.79005    133652.07    -40864.62    2766.4422   -43631.063    225.64334   0.93446732 
198000    227.42455   -616.94979    134132.57   -40773.693    2829.5938   -43603.287    226.83248   0.93111978 
200000    227.86704   -703.21335    134053.69   -40899.393    2835.0992   -43734.492    227.55424   0.93166769 
202000    220.56048   -443.89899    133174.67   -40841.581    2744.1916   -43585.772    227.24925   0.93781718 
204000    222.60205   -727.00859    133910.43   -40812.722    2769.5927   -43582.315    229.32005   0.93266439 
206000    225.60013    -258.3689    133629.53   -40837.089    2806.8945   -43643.984    230.15715   0.93462495 
208000    224.54859   -349.95117     133331.8   -40887.378    2793.8114    -43681.19    230.87174   0.93671195 
210000    222.56437   -411.38636    133320.87   -40911.603    2769.1239   -43680.727    232.33523   0.93678875 
212000    227.71144   -665.01946    133545.44     -40824.8    2833.1633   -43657.963    233.98538   0.93521347 
214000    227.66681   -803.55488    134017.42    -40771.88     2832.608   -43604.488    236.07699    0.9319198 
216000     222.5292   -744.40493    134184.31   -40931.115    2768.6863   -43699.801    236.91136   0.93076077 
218000    220.98307   -844.95186    133650.64   -40930.967    2749.4495   -43680.417     236.8805   0.93447731 
220000    223.17321   -841.48429     133273.7   -40911.519     2776.699   -43688.218    237.57012   0.93712029 
222000    221.86044   -396.72788    133101.53   -40854.074    2760.3656    -43614.44    238.95661   0.93833251 
224000    227.37586   -859.86727    133791.64   -40818.094     2828.988   -43647.082    240.61428   0.93349249 
226000    226.12296   -820.19247    134017.26   -40819.979    2813.3996   -43633.378    241.80589   0.93192096 
228000    218.65637   -599.32732    133625.59   -40945.289     2720.501    -43665.79    242.64703    0.9346525 
230000     214.6395   -795.22906    133024.01   -40959.444    2670.5235   -43629.968    242.76798   0.93887934 
232000    221.70596    -612.4694    132875.13   -40888.453    2758.4436   -43646.897    244.40197   0.93993125 
234000    224.48048   -466.75985    133552.73   -40817.437     2792.964     -43610.4    247.41555    0.9351624 
236000    221.31681   -835.12675    133882.41   -40854.006    2753.6018   -43607.608    249.26548   0.93285963 
238000    217.63095   -781.06153    133556.85   -40877.443    2707.7427   -43585.185    249.75552   0.93513358 
240000    224.18708   -428.69614    133733.03   -40820.052    2789.3135   -43609.366    251.38623   0.93390162 
242000    226.18897   -866.28956    134046.96   -40831.625    2814.2207   -43645.846    252.92779   0.93171448 
244000    225.94815   -331.56717    133093.54   -40837.836    2811.2245   -43649.061    253.54213   0.93838885 
246000    225.40636   -750.01995    133828.44   -40802.673    2804.4836   -43607.157     255.4127   0.93323579 
248000    222.55599   -749.19934    133712.67   -40781.052    2769.0196   -43550.072    256.21506   0.93404377 
250000    227.91996   -439.99283    133320.48   -40826.118    2835.7576   -43661.876    256.90787   0.93679148 
252000    222.77473   -462.72368    133447.37   -40842.287    2771.7411   -43614.028    259.53756    0.9359007 
254000    229.30979   -660.48852    133708.63   -40837.601    2853.0498   -43690.651    260.84491   0.93407206 
256000     222.2367   -581.90106    133562.24   -40915.675    2765.0471   -43680.722    262.84547   0.93509579 
258000    227.93178   -438.71359    133882.27   -40846.536    2835.9047   -43682.441    264.37031   0.93286058 
260000    224.75959   -519.92238    133808.04   -40880.107    2796.4366   -43676.544    265.26592   0.93337805 
262000    225.79941   -577.94656    133499.45   -40835.205    2809.3739   -43644.579    265.28224   0.93553564 
264000    227.37621   -506.49523    133738.24   -40822.291    2828.9923   -43651.284     267.8632   0.93386519 
266000    229.75356   -773.08446    133845.75   -40807.186     2858.571   -43665.757     268.0373   0.93311511 
268000    227.57506   -795.29775    134276.92    -40789.34    2831.4664   -43620.806    270.54498   0.93011883 
270000    222.93592   -731.14228    133891.79   -40998.327    2773.7466   -43772.074    271.84679   0.93279427 
272000    226.42175   -811.20446       134104    -41031.27     2817.117   -43848.387    272.71035   0.93131819 
274000    219.74231   -742.05356    133916.98   -41119.052    2734.0121   -43853.064    273.78756   0.93261876 
276000    223.69189   -419.84984    133821.05   -40896.947    2783.1524     -43680.1    274.11461   0.93328735 
278000    225.55578   -859.79474     134278.1   -40917.979    2806.3427   -43724.321    276.05156   0.93011069 
280000    223.08262   -659.73525    134262.21   -40916.158     2775.572   -43691.729    277.29104   0.93022074 
282000    227.27648   -853.71553    133985.85   -40882.203    2827.7515   -43709.954    278.19549   0.93213943 
284000    222.93021   -645.51283    133666.03   -40929.734    2773.6756    -43703.41    278.38066   0.93436975 
286000    219.65548   -781.22675    134070.15   -40928.146    2732.9318   -43661.078    280.24205   0.93155328 
288000    223.23989    -812.1056    133659.92   -40921.974    2777.5286   -43699.503    280.12154   0.93441241 
290000    221.73664   -610.01009    133884.88   -40931.836    2758.8254   -43690.662     282.3267   0.93284236 
292000    223.75174   -593.21701    133636.81   -40926.351     2783.897   -43710.248    283.21136   0.93457404 
294000    220.97944   -237.68903    133313.25   -40969.148    2749.4044   -43718.552    283.64036   0.93684227 
296000    222.73048   -787.33372    134231.53   -40923.414    2771.1906   -43694.604    286.50011   0.93043332 
298000    226.71078   -387.04665    134030.61   -40916.067    2820.7131    -43736.78    287.37258   0.93182814 
300000    222.45267   -995.96217    134443.44    -40953.04    2767.7341   -43720.774    289.25892   0.92896678 
302000    222.86384   -553.36299    133893.75   -41030.532    2772.8499   -43803.382    288.98763   0.93278061 
304000    226.57021   -436.53411    133796.92   -41008.808    2818.9641   -43827.773    290.38093   0.93345562 
306000    227.79872   -672.75926    133725.58   -40990.745    2834.2491   -43824.994    291.28588   0.93395366 
308000    221.27294   -404.98723    134055.97   -41118.526     2753.056   -43871.582    293.00137   0.93165182 
310000    225.25913   -539.45964    134057.07   -41126.893    2802.6518   -43929.545    293.96044   0.93164418 
312000      225.386   -756.26967    133923.19    -41113.45    2804.2304   -43917.681    294.78471   0.93257554 
314000    226.06238   -358.95823    134204.69   -41102.507    2812.6458   -43915.153     296.4706    0.9306194 
316000    221.45024   -612.73674    134336.83   -41095.316     2755.262   -43850.578    297.72582   0.92970403 
318000    222.48364   -464.53747    134132.75   -41135.708    2768.1195   -43903.828    297.36266   0.93111856 
320000    223.95794   -666.33285    134946.79   -41130.565    2786.4625   -43917.028    299.20653   0.92550173 
322000    225.97779   -694.55588    134628.23    -40992.25    2811.5933   -43803.843    299.71206   0.92769168 
324000     225.4637   -716.12424    134178.73   -40999.848     2805.197   -43805.045    299.93198   0.93079951 
326000     222.9652   -644.93178    134299.01   -41063.737    2774.1109   -43837.847    301.13294   0.92996585 
328000    224.17594   -677.18966     134894.7   -41227.202    2789.1749   -44016.377     303.1666   0.92585911 
330000    218.81168   -609.91915    133892.26   -41093.665    2722.4334   -43816.098    301.47964   0.93279094 
332000    225.14783   -392.22517    134007.92    -41087.13     2801.267   -43888.397    302.98151   0.93198593 
334000    223.09454   -785.74001    133748.43   -41102.346    2775.7202   -43878.066    302.88329   0.93379409 
336000     223.5435   -401.35031    133583.73   -41145.397    2781.3061   -43926.703    303.66614   0.93494538 
338000    224.95476   -474.90109    133830.11   -41145.744    2798.8649   -43944.609    305.16435   0.93322413 
340000    222.48372   -812.97688    134816.26   -41188.579    2768.1205   -43956.699    306.94376   0.92639783 
342000    221.61913   -509.08961    134621.81   -41090.831    2757.3633   -43848.194    307.44576   0.92773594 
344000    223.93444   -778.86706    134167.47   -41069.196    2786.1702   -43855.366    307.93542   0.93087758 
346000    221.90164   -580.37445    134485.93   -41081.363    2760.8783   -43842.241    309.49517   0.92867326 
348000    224.98087   -849.75008    134772.64   -41155.486    2799.1897   -43954.676    310.40573   0.92669767 
350000    222.86547   -352.59095    133818.12   -41006.758    2772.8701   -43779.629    310.35059   0.93330777 
352000    221.85729   -992.33264    134110.49   -40974.197    2760.3264   -43734.523    311.00936   0.93127312 
354000    224.79322   -833.04302    134353.65   -40948.579     2796.855   -43745.434    311.56556   0.92958762 
356000    228.23548   -407.83245     134375.7   -41060.642    2839.6833   -43900.326    313.02325   0.92943508 
358000    225.58404   -620.65851    134435.31   -41109.883    2806.6944   -43916.578     313.4368   0.92902297 
360000    229.42429   -561.55654     134165.7   -41069.271    2854.4743   -43923.745    314.32322   0.93088985 
362000    224.19135   -240.80642    133701.08   -41125.477    2789.3666   -43914.843    314.20516   0.93412479 
364000    228.38049   -734.82876    134066.47   -41093.894    2841.4874   -43935.381    315.90877   0.93157884 
366000    227.62475   -485.10494    134440.49   -41093.237    2832.0846   -43925.322    317.19591    0.9289872 
368000    223.07246   -222.46036    134041.83    -41182.48    2775.4456   -43957.926    317.88199   0.93175011 
370000    223.56568   -712.34215    134329.77   -41167.172     2781.582   -43948.754    318.98822   0.92975285 
372000    226.37394   -612.18687    134195.29    -41070.12    2816.5222   -43886.642    319.82704    0.9306846 
374000    222.59002   -361.61448    133821.57   -41101.085     2769.443   -43870.528    320.24291   0.93328372 
376000    222.03431   -873.79599    134105.56   -41111.258    2762.5289   -43873.787    321.39804   0.93130736 
378000    228.47224      -677.16    134174.88   -41034.514     2842.629   -43877.143    322.61129   0.93082618 
380000    226.47572   -738.31992    134655.66   -41079.866    2817.7885   -43897.655    323.76983    0.9275027 
382000    223.65317   -500.70845    134176.13   -40983.579    2782.6706    -43766.25    323.37333   0.93081749 
384000    221.48596   -801.57898    134511.22   -41038.371    2755.7064   -43794.077    323.89681   0.92849869 
386000    227.07759   -753.57022    134249.36   -40961.649    2825.2769   -43786.926    324.17713   0.93030975 
388000    220.75975   -638.93396    134141.88    -41059.88     2746.671   -43806.551    325.32242   0.93105521 
390000    222.99202   -363.96762    133889.25   -41136.842    2774.4446   -43911.287    325.13991   0.93281194 
392000    221.30547   -426.17009    134195.92   -41166.842    2753.4608   -43920.302     326.0838   0.93068026 
394000    227.73506   -986.44854    135004.02   -41095.335    2833.4572   -43928.792    327.95631   0.92510945 
396000     224.6151   -734.16748     134356.6   -41121.172    2794.6389   -43915.811    327.52785   0.92956723 
398000    220.48569   -588.57094    134242.18   -41149.935    2743.2611   -43893.196    328.37703   0.93035955 
400000    228.13658   -583.89064    134172.65   -41089.252    2838.4527   -43927.705    328.97039   0.93084167 
402000      224.944   -405.18989    133887.89   -41102.072     2798.731   -43900.803    329.39376   0.93282145 
404000      224.983    -492.5582    134075.19   -41077.328    2799.2162   -43876.544    331.18732   0.93151828 
406000    225.05346   -285.45689    134023.25    -41032.16    2800.0929   -43832.253     331.9213   0.93187929 
408000    224.14354   -347.26817    134315.86   -40956.257    2788.7717   -43745.029    333.30249   0.92984917 
410000    226.32963   -656.63035    134646.42   -41034.028    2815.9708   -43849.999    334.78717   0.92756636 
412000    220.08027   -763.26811    134092.62   -41019.583     2738.217     -43757.8    333.94248   0.93139722 
414000    223.06381   -383.97343    134344.83   -41081.039    2775.3379   -43856.377    335.75126   0.92964863 
416000    222.70913   -693.79779    135070.05   -41128.809     2770.925   -43899.734     337.6089   0.92465719 
418000    224.19599   -414.64366    134171.19   -41066.575    2789.4244   -43855.999    336.42949   0.93085175 
420000    228.45017   -746.17423    134733.98   -41052.397    2842.3544   -43894.752    338.72713   0.92696354 
422000    225.13512   -1021.4407    134864.31    -41136.47    2801.1089   -43937.579    340.18071   0.92606775 
424000    221.33244   -430.51317    134224.46   -41113.512    2753.7964   -43867.308    340.57452   0.93048233 
426000    220.42225    -458.0197    133999.18   -41159.417    2742.4718   -43901.889    340.53034    0.9320467 
428000     224.6249   -567.51357    134460.36   -41145.818    2794.7608   -43940.579    342.26226   0.92884987 
430000    224.06974   -489.47125     134444.5   -41130.815    2787.8536   -43918.669    342.37828   0.92895947 
432000    228.79075   -851.88768    134731.88   -41001.301    2846.5919   -43847.893    343.93516   0.92697802 
434000    229.77891   -1023.0636    134510.94   -41023.787    2858.8865   -43882.673    343.54448   0.92850059 
436000    222.59182   -773.57517    134178.84   -41076.794    2769.4654    -43846.26    344.06274    0.9307987 
438000    224.00034    -563.1534    134290.91   -41009.405    2786.9901   -43796.395    345.20017   0.93002191 
440000    228.77973   -428.52747    134257.07    -40983.42    2846.4548   -43829.874     344.7701   0.93025632 
442000    226.82026   -285.50214    133737.34   -41077.368    2822.0753   -43899.443    344.60237   0.93387154 
444000    227.46956    -648.7667    134351.91   -41066.442    2830.1538   -43896.596    347.08985   0.92959967 
446000    226.29582   -832.90081    134669.98   -41058.184    2815.5502   -43873.734     348.9676   0.92740408 
448000    226.86144   -402.80804    134580.64   -41090.933    2822.5876   -43913.521    349.72416   0.92801972 
450000    227.34518   -860.56426    134622.24   -41013.177    2828.6062   -43841.783    350.35727     0.927733 
452000    227.35076   -732.51774    134442.75   -41012.623    2828.6757   -43841.299    351.20514   0.92897153 
454000    226.25787   -539.64936     133771.6     -40992.2     2815.078   -43807.278    351.04524   0.93363236 
456000    224.66969   -741.74156    134196.61   -40977.025    2795.3181   -43772.343    351.93394   0.93067542 
458000    227.34586   -754.81875    134642.26   -41014.846    2828.6147    -43843.46    354.43046   0.92759505 
460000    224.80732   -474.66639    133726.26   -40986.665    2797.0304   -43783.695    352.59405   0.93394886 
462000    226.75625    -421.9946    134241.71   -41023.532    2821.2788   -43844.811    354.54363    0.9303628 
464000    226.31102   -400.33867    133551.14   -40961.542    2815.7394   -43777.282    354.19331   0.93517355 
466000    226.14924   -447.97484    134150.01   -40954.024    2813.7265   -43767.751    356.49765   0.93099873 
468000    223.74473   -934.00049    134048.93   -40940.592    2783.8098   -43724.402    357.46307    0.9317008 
470000     223.8767   -539.18046    133698.12   -40999.421    2785.4517   -43784.873    358.21784   0.93414548 
472000    224.74418    -750.9475    133928.31   -40995.172    2796.2449   -43791.417    358.70971   0.93253988 
474000    222.30745   -728.34466    134435.83   -40973.278    2765.9273   -43739.206    361.19214   0.92901941 
476000    224.11175   -771.40214    134490.02   -40955.359    2788.3762   -43743.736    361.56641   0.92864505 
478000    221.72134   -653.94949    134186.71   -40994.769     2758.635   -43753.404    362.14398   0.93074415 
480000    227.35783   -428.88183    133386.79   -40922.036    2828.7636   -43750.799    361.73558    0.9363258 
482000    224.67736   -796.99002    134337.91   -40864.945    2795.4135   -43660.359      365.023   0.92969655 
484000    223.53063   -758.67785    133806.34   -40929.652    2781.1461   -43710.799    365.00575   0.93338991 
486000    221.68463   -573.17398    134015.43   -41019.549    2758.1783   -43777.727    366.88804   0.93193366 
488000    226.71194   -472.34184    133945.15   -40928.919    2820.7276   -43749.647    368.21101   0.93242266 
490000     228.1917     -873.991    134494.61   -40858.865    2839.1385   -43698.004    370.60714   0.92861338 
492000     220.7167   -404.30779     134261.7   -40951.824    2746.1353    -43697.96     370.8549   0.93022427 
494000    222.95683    -729.0986    134719.07   -41005.935    2774.0069   -43779.942    372.95015   0.92706614 
496000    222.73212   -286.61961    133752.81   -40958.734     2771.211   -43729.945    372.04031   0.93376352 
498000    222.34025   -708.47733    134108.07   -41052.177    2766.3354   -43818.512    373.36354   0.93128987 
500000    224.18273   -373.78186    134105.26   -40996.995    2789.2594   -43786.255    374.69813   0.93130943 
502000    226.42788   -276.42222    133950.41   -40956.297    2817.1932   -43773.491    375.70682   0.93238602 
504000    225.00144   -766.92688    133833.92   -40903.697    2799.4457   -43703.142    377.04146   0.93319757 
506000    223.61851   -558.34892    133772.77   -40969.338    2782.2394   -43751.578    377.92134   0.93362418 
508000    226.36314   -827.16364    134303.61   -40934.334    2816.3878   -43750.722    379.36811     0.929934 
510000    225.41994   -456.04474    133515.86   -40871.133    2804.6526   -43675.786    380.11938   0.93542063 
512000    221.66472   -337.33796    133698.87       -40897    2757.9305   -43654.931    380.51519   0.93414022 
514000    225.56044   -535.50604     133332.2   -40919.015    2806.4007   -43725.415    381.15569   0.93670914 
516000    219.99761   -630.25896    133863.95   -40885.161    2737.1886    -43622.35    384.01676   0.93298822 
518000    221.78694   -191.88422    133126.96   -40855.217    2759.4512   -43614.668    383.55968   0.93815324 
520000    226.61755   -557.44648    133360.16   -40868.997    2819.5532    -43688.55      386.586   0.93651278 
522000    226.63367   -776.95008    134061.86   -40883.048    2819.7537   -43702.802    388.30343   0.93161094 
524000    226.46039   -758.80387    134102.45   -40865.805    2817.5978   -43683.403    390.15252   0.93132891 
526000    227.94867    -720.4835    133698.66   -40886.413    2836.1148   -43722.528    390.13216   0.93414171 
528000     228.8078   -498.71987    133665.22   -40878.229     2846.804   -43725.033    392.23559   0.93437538 
530000    223.05754     -558.997    133889.94   -41022.435    2775.2598   -43797.695    393.53179   0.93280714 
532000    223.61949   -669.97158    134008.32   -40955.002    2782.2516   -43737.254    395.27444   0.93198312 
534000    231.23046   -762.97807    134081.95   -40991.507    2876.9465   -43868.454    396.24602   0.93147129 
536000    223.46308   -796.95208    134084.18   -40949.288    2780.3056   -43729.593    397.06431   0.93145581 
538000    227.55144   -405.18625    133819.63   -41022.685    2831.1725   -43853.857     398.1284   0.93329724 
540000    226.99365   -923.03831    134674.49   -40963.032    2824.2325   -43787.265    401.06751   0.92737307 
542000    223.10714   -533.61826    134273.06   -40944.663    2775.8769    -43720.54    401.40724   0.93014557 
544000    222.23203    -700.3829    133996.81   -41021.575    2764.9889   -43786.564    402.19673   0.93206315 
546000     224.0166   -684.42894    134288.55   -40968.228    2787.1924   -43755.421    402.83087   0.93003826 
548000     224.9273   -373.53851    133790.58   -40952.736    2798.5232   -43751.259    402.43923   0.93349987 
550000    229.11255   -535.63174    133517.14   -40958.792    2850.5957   -43809.388     404.1837   0.93541167 
552000    228.38519   -550.14379    133863.93   -40948.441     2841.546   -43789.987    405.28031    0.9329884 
554000    226.64057   -910.11635    134334.51   -40937.986    2819.8396   -43757.826    407.55966    0.9297201 
556000    222.72819   -726.28408    134270.04   -41019.804    2771.1621   -43790.966    407.86021   0.93016648 
558000    227.20961    -652.8743    133585.61   -40999.301    2826.9195    -43826.22    407.10504    0.9349322 
560000    230.03716   -457.01719    133700.97   -40907.845    2862.0996   -43769.944    408.93855   0.93412552 
562000    226.25939   -620.21583    133824.19   -40955.964     2815.097   -43771.061    410.15107   0.93326545 
564000    224.39495   -433.88092    133813.47   -40971.081    2791.8997   -43762.981    411.35539   0.93334017 
566000    227.46236   -688.06518    134092.36   -40931.682    2830.0641   -43761.746    412.89484   0.93139902 
568000    224.87561   -569.60012    134193.68   -40915.406    2797.8802   -43713.286    413.33552   0.93069579 
570000    223.13501   -266.26894    133458.81   -40971.662    2776.2238   -43747.886    412.70706    0.9358205 
572000     222.3371   -748.70932    133808.07   -41018.465    2766.2962   -43784.761    414.13661   0.93337788 
574000    227.03192   -757.04757    133747.45   -40929.747    2824.7087   -43754.456    414.78844   0.93380089 
576000    227.95618   -516.46944    133371.14   -40939.656    2836.2083   -43775.864    414.90888   0.93643567 
578000    226.29456   -419.95745    133495.93   -41000.975    2815.5345   -43816.509     416.3732   0.93556029 
580000    222.69854   -662.11266    133347.07   -40990.506    2770.7933   -43761.299    417.51926   0.93660472 
582000    222.96199   -632.54395    133767.48   -40968.356    2774.0711   -43742.427    419.60797    0.9336611 
584000    223.68371   -707.19623    133372.75   -40961.198    2783.0506   -43744.249    419.19673   0.93642435 
586000    223.51588   -698.01452    133560.68   -40971.971    2780.9624   -43752.934    420.35896   0.93510674 
588000    226.53758   -859.92878     134099.8   -41002.272    2818.5582    -43820.83    421.48026   0.93134732 
590000    229.15947   -467.36912    133660.32    -40985.61    2851.1794    -43836.79    422.02075   0.93440961 
592000    223.56235   -531.79225     133858.5   -40980.913    2781.5406   -43762.453    423.64498   0.93302619 
594000    229.36752   -881.90072    134259.66   -40943.852     2853.768    -43797.62    425.92719   0.93023837 
596000    222.30469   -481.31076    133974.68    -40963.51     2765.893   -43729.403    426.69099   0.93221715 
598000    228.04005    -965.4695    134348.04   -40948.878    2837.2518   -43786.129    428.34051   0.92962648 
600000    222.99699   -578.54904    133709.88   -41064.371    2774.5065   -43838.878    428.36149   0.93406329 
602000    221.61157   -624.85408    133925.44   -41062.255    2757.2693   -43819.525    430.04334   0.93255989 
604000    224.23631   -608.89236    133908.44   -40950.875    2789.9261   -43740.801    431.83923   0.93267828 
606000    223.54164   -973.81974    134460.34    -40987.45     2781.283   -43768.733    435.33207      0.92885 
608000    222.78501   -540.97967    133852.61   -41018.502     2771.869   -43790.371    434.73036   0.93306729 
610000     222.2673   -368.46715    133591.46   -41032.698    2765.4278   -43798.126    434.86497    0.9348913 
612000    224.27011   -256.51005    133764.17   -41036.016    2790.3465   -43826.363    436.03325   0.93368417 
614000    224.18158   -453.61543    134144.95   -41130.927     2789.245   -43920.172    437.50219   0.93103388 
616000     228.0373   -677.68788    134277.89   -40959.452    2837.2175   -43796.669    437.90774   0.93011212 
618000    225.17276   -355.77174    134336.17   -41052.965    2801.5772   -43854.542    439.68523   0.92970856 
620000     228.7891   -275.98263    134004.77    -40920.67    2846.5713   -43767.241    439.85875   0.93200782 
622000    225.57214   -774.33811     134462.3   -40903.928    2806.5462   -43710.474    441.86174   0.92883652 
624000    229.63828   -453.09288    134089.16   -40955.954    2857.1368   -43813.091    441.47755   0.93142122 
626000    223.89123   -652.72127    133885.41   -40975.468    2785.6326   -43761.101    442.51815   0.93283871 
628000      225.088   -425.37815    133705.98   -40984.177    2800.5226     -43784.7    443.12472   0.93409056 
630000    226.19057   -897.38661    134404.79   -41041.694    2814.2408   -43855.935    445.90383    0.9292339 
632000    221.15863   -513.07398    134082.92   -41027.766    2751.6338   -43779.399    446.26684   0.93146456 
634000    232.18486   -471.12106     133687.6   -40936.531    2888.8211   -43825.352    446.17643   0.93421897 
636000     224.3139   -819.67063    134492.54   -40989.558    2790.8913   -43780.449    449.19307   0.92862763 
638000    223.95938   -735.96671     134300.2   -41059.769    2786.4805   -43846.249    448.97562   0.92995762 
640000    222.84216   -541.55274    133993.13   -40999.574    2772.5801   -43772.155    448.85857   0.93208879 
642000    220.81526   -444.30309    133620.69   -41019.098    2747.3616    -43766.46    450.88803    0.9346868 
644000     221.7181   -411.52553     133438.4   -41016.575    2758.5947    -43775.17     451.7599   0.93596362 
646000    224.77463   -744.71087    133694.96   -40979.154    2796.6237   -43775.778    452.20552   0.93416755 
648000    223.43869   -516.37127    133879.41   -40963.134    2780.0021   -43743.136    454.53226   0.93288048 
650000    229.57839   -564.49201    133728.89   -40937.525    2856.3916   -43793.917    455.78569   0.93393051 
652000    227.54992   -493.46119    133636.92   -40941.628    2831.1536   -43772.782    456.17528   0.93457328 
654000    228.13358   -452.74267    133765.18   -40901.735    2838.4155    -43740.15     456.8901   0.93367717 
656000    221.82625    -530.8887    134031.52   -41007.706    2759.9403   -43767.647     459.1174   0.93182177 
658000    224.49161   -787.91476    134431.72   -41019.663    2793.1024   -43812.765    461.06376   0.92904776 
660000    223.05546   -422.77037    134061.54   -41019.584     2775.234   -43794.818    460.54451   0.93161315 
662000    224.93505   -856.18624    134322.92   -41002.507    2798.6197   -43801.126    462.06739   0.92980033 
664000    222.75178   -625.10296    134430.55   -40975.567    2771.4556   -43747.023    462.23568   0.92905586 
666000    227.03727   -563.42038    133724.69   -40979.361    2824.7753   -43804.136    461.06887   0.93395984 
668000    224.24237   -478.15603    133964.75   -40944.835    2790.0014   -43734.837    462.49085   0.93228622 
670000    219.95611   -459.03025    134297.57   -40972.072    2736.6722   -43708.744    464.05974   0.92997579 
672000    220.61821   -909.58469    134336.27   -40920.619      2744.91   -43665.528     465.1053   0.92970786 
674000    227.03795   -796.08343    134481.94   -40853.679    2824.7837   -43678.463    467.22641   0.92870082 
676000    227.64511   -620.96497    134313.84   -40866.388     2832.338   -43698.726    468.65148   0.92986314 
678000    227.65733    -676.4207    133941.55   -40901.051      2832.49   -43733.541    468.45133    0.9324477 
680000    226.53577   -486.17052    133904.69   -40906.659    2818.5357   -43725.195    469.42359   0.93270436 
682000    222.12298    -767.9265     133558.8   -40908.655    2763.6321   -43672.287    469.89943   0.93511987 
684000    225.18405   -632.13907    133588.99   -40779.183    2801.7177   -43580.901    471.17287   0.93490859 
686000    226.55761   -640.71542    133546.17    -40870.42    2818.8074   -43689.227    472.14764   0.93520831 
688000    227.14284   -779.86486    133847.11   -40866.819    2826.0888   -43692.908     474.5944   0.93310559 
690000    223.61463   -911.54754    133941.88   -40853.527    2782.1911   -43635.718    476.37776   0.93244538 
692000    232.30672   -419.57636    133380.59   -40761.782    2890.3373   -43652.119    476.43265   0.93636932 
694000     222.5948   -315.24162    133466.51     -40797.6    2769.5025   -43567.102    477.43871   0.93576655 
696000    227.61976   -469.30696    133398.92   -40887.255    2832.0226   -43719.277    478.62746   0.93624063 
698000    223.85984   -914.47019    134206.28    -40856.07     2785.242   -43641.312    481.67803   0.93060841 
700000    221.84907   -451.40162    134133.56   -40884.829    2760.2241   -43645.054    484.14643   0.93111295 
702000    222.52592   -533.04149    133403.74   -40812.342    2768.6456   -43580.988    483.52232   0.93620682 
704000    229.88174   -635.84478     133500.8    -40763.38    2860.1659   -43623.546    485.29275   0.93552618 
706000    229.43074   -221.75081    133607.79   -40759.098    2854.5546   -43613.653    485.94943   0.93477703 
708000     225.2853   -664.75721     133710.5   -40847.698    2802.9774   -43650.675    487.82021   0.93405896 
710000    219.70043   -413.44478    133507.05   -40911.541    2733.4911   -43645.033    489.07798   0.93548239 
712000    223.94042   -288.06317    133553.83   -40875.875    2786.2446    -43662.12    491.51587   0.93515466 
714000    228.22157   -327.66025    133672.74   -40841.485    2839.5102   -43680.995     493.4751   0.93432282 
716000      220.144   -699.47538     133654.2   -40845.745    2739.0099   -43584.755     494.5805   0.93445244 
718000    225.62985   -659.74226    133378.36   -40848.569    2807.2643   -43655.833    496.11368   0.93638497 
720000    226.15347   -219.26853    133452.24   -40788.923    2813.7792   -43602.702    497.06451   0.93586659 
722000    226.57041   -410.63536    132750.91   -40847.483    2818.9667   -43666.449    497.45389   0.94081084 
724000    222.21708   -376.00271     133069.2   -40815.378     2764.803   -43580.181    500.13269   0.93856047 
726000    223.50852   -657.30592    133299.23   -40804.732    2780.8709   -43585.603     502.2693   0.93694083 
728000    224.45771   -437.54845     132807.3   -40812.917    2792.6806   -43605.598    501.17026   0.94041135 
730000    226.27675    -653.0562    133276.29   -40738.159     2815.313   -43553.472    503.03987   0.93710209 
732000    228.12937   -561.32039    133223.72    -40743.05    2838.3631   -43581.413    504.48821   0.93747191 
734000    226.42126   -793.08339    133473.84   -40787.774     2817.111   -43604.885     505.0278    0.9357151 
736000    225.98963   -442.10966    132979.84   -40824.349    2811.7406    -43636.09    506.56762   0.93919114 
738000    224.85295   -614.07375    132872.03    -40737.69    2797.5982   -43535.288     507.6467   0.93995321 
740000     224.2771   -682.19112    133064.98   -40750.125    2790.4335   -43540.558     509.8024   0.93859023 
742000    225.71949   -562.11359    132937.97   -40661.274    2808.3795   -43469.653    510.95996   0.93948698 
744000    228.81533   -814.63084    133615.84   -40673.962    2846.8977   -43520.859    513.11638   0.93472069 
746000    224.52304   -350.86702       133248   -40743.883    2793.4934   -43537.376    513.28696   0.93730102 
748000    223.42847   -836.06818    133593.72   -40790.123    2779.8749   -43569.998    516.25009   0.93487544 
750000    225.81893   -816.12055    134239.86   -40814.613    2809.6168    -43624.23    518.92781   0.93037564 
752000    225.86386   -823.10327    134100.05   -40788.836    2810.1758   -43599.012    519.44106   0.93134562 
754000    223.82889   -854.54577     134253.2    -40769.71    2784.8569   -43554.567     522.1411   0.93028315 
756000    226.04243   -668.14708    133940.14   -40828.115    2812.3976   -43640.512    522.23806   0.93245751 
758000    227.46427   -677.69025    133654.14   -40826.827     2830.088   -43656.915    521.76392   0.93445284 
760000    224.07753   -561.29821    133116.39   -40828.553    2787.9505   -43616.504    521.81782   0.93822773 
762000    224.61244   -480.97835    133562.59   -40887.925    2794.6058   -43682.531    524.18132   0.93509338 
764000    225.49902   -458.14195    133537.41    -40909.61    2805.6366   -43715.246    524.57359   0.93526969 
766000    224.55843   -726.04878    133754.41   -40909.342    2793.9338   -43703.276     525.6252   0.93375235 
768000    225.23928   -325.67474    133342.33   -40943.831    2802.4048   -43746.236    525.39739   0.93663798 
770000     223.3363   -460.21884    133298.42   -40931.031    2778.7282   -43709.759    527.65283   0.93694654 
772000    224.62468   -445.65547    133295.37   -40897.177    2794.7581   -43691.935    528.27104   0.93696798 
774000    225.19723   -623.98414    133527.43    -40866.36    2801.8817   -43668.241    529.53402    0.9353396 
776000    231.35001   -463.11676    133605.95   -40849.811    2878.4339   -43728.245    530.86875   0.93478987 
778000    223.17969   -615.57252    133269.88   -40899.027    2776.7796   -43675.806    530.78178    0.9371472 
780000     224.8234   -676.11527    133780.29   -40911.041    2797.2306   -43708.272    533.05697    0.9335717 
782000    221.22985   -452.89981    133417.41   -40891.461    2752.5199   -43643.981    533.19779   0.93611089 
784000     227.6434    -852.6039    133471.28   -40763.776    2832.3167   -43596.092     535.2553   0.93573305 
786000    223.09736   -673.04836    133368.61   -40777.924    2775.7553    -43553.68    536.70242   0.93645344 
788000    227.58134   -548.81294    133299.98   -40709.663    2831.5445   -43541.207    538.14673   0.93693553 
790000    221.94014   -738.05167    133707.63   -40801.941    2761.3573   -43563.298    541.17599   0.93407898 
792000     226.3416   -365.89541    132805.24   -40843.937    2816.1198   -43660.057    540.84829   0.94042589 
794000    226.86421   -492.32461    133028.02   -40819.443    2822.6221   -43642.065     542.4811   0.93885099 
796000    226.97851   -406.21345    133397.72   -40829.458    2824.0442   -43653.502      545.344   0.93624905 
798000    225.91485   -611.51295    134055.73   -40786.848    2810.8102   -43597.659    547.89641   0.93165354 
