1600    289.55067    8.7081731    132014.62   -42330.585    3534.3762   -45864.961   0.14455056 
3600    286.35546    15.923843    132056.86   -42364.985    3495.3742   -45860.359   0.13811183 
5600    292.99305   -91.997215    132208.84   -42205.413    3576.3953   -45781.808   0.14401414 
7600    292.61213    87.664758    131976.79    -42193.51    3571.7458   -45765.256   0.14700326 
9600    296.84859   -62.184403    132138.59    -42144.33    3623.4577   -45767.788   0.14928857 
11600    289.56568   -308.60218    132424.96   -42200.393    3534.5594   -45734.952   0.15373726 
13600    295.38245    300.32283     131764.4    -42206.56    3605.5614   -45812.121   0.14500259 
15600     288.9099   -62.332342    132094.32   -42389.334    3526.5548   -45915.889   0.14206484 
17600     284.6679   -32.285741    132085.21   -42327.662    3474.7752   -45802.437   0.14878349 
19600    285.45002    135.64387    131897.26   -42340.133     3484.322   -45824.455   0.13895777 
21600    294.30779    -188.8196    132227.79   -42271.295    3592.4436   -45863.739    0.1496291 
23600    288.62283   -19.589117    132091.21   -42245.414    3523.0507   -45768.465   0.15077073 
25600    291.71416    280.18101    131764.24   -42256.215    3560.7847   -45816.999   0.14434965 
27600     287.8607   -306.71675     132395.8    -42249.93    3513.7478   -45763.677   0.14966438 
29600    290.60972    -16.85552    132027.21   -42312.415    3547.3035   -45859.719   0.14798797 
31600    285.90169    65.892691    131982.44   -42249.394    3489.8353   -45739.229   0.14607922 
33600      297.236    -46.35479     132145.5   -42088.218    3628.1866   -45716.404   0.15710947 
35600    292.88689   -49.155522    132137.04   -42240.572    3575.0995   -45815.672   0.14598864 
37600    290.31276    188.60545    131791.83   -42260.577    3543.6787   -45804.256    0.1498977 
39600    282.29495   -335.80605    132450.63   -42385.879      3445.81   -45831.689   0.13997992 
41600    282.16746    37.391897    131996.35   -42354.327    3444.2537    -45798.58   0.14162562 
43600    278.96719    167.26108    131879.67   -42374.863    3405.1899   -45780.053   0.13831603 
45600    286.54952   -190.57387    132217.18   -42374.804     3497.743   -45872.547    0.1433165 
47600    294.05326    -14.37188    132134.87   -42183.752    3589.3368   -45773.089   0.14425958 
49600    293.82688    83.594666    132002.42   -42190.959    3586.5735   -45777.533   0.14969557 
51600    294.84128   -76.499188    132191.49   -42172.837    3598.9557   -45771.792   0.13914907 
53600    294.79436    38.683606    131993.08   -42209.066     3598.383   -45807.449   0.14584002 
55600    290.93449     363.8059    131653.75   -42242.321    3551.2678   -45793.589   0.14501075 
57600    293.23587   -345.40409    132490.01   -42211.965    3579.3593   -45791.324   0.14742759 
59600    296.42162    109.34795    132003.98   -42254.583     3618.246   -45872.829    0.1341608 
61600    292.70548    192.52585    131931.18   -42189.304    3572.8852   -45762.189   0.14487422 
63600    299.25058   -184.62045    132295.41   -42090.102    3652.7774    -45742.88   0.14784282 
65600    291.64695    67.680322    131992.05    -42239.21    3559.9643   -45799.175    0.1470743 
67600    293.70164     90.25562    131962.31     -42257.3    3585.0448   -45842.344   0.14331475 
69600    290.18172   -148.91935    132230.29   -42275.691    3542.0791    -45817.77   0.15015405 
71600    295.68309    46.975088    132045.36   -42204.951    3609.2312   -45814.182   0.14160305 
73600    288.47949    233.46743    131747.41   -42289.793    3521.3009   -45811.094   0.14527523 
75600    288.85532    -329.5833    132514.15   -42241.082    3525.8885    -45766.97    0.1416426 
77600    295.76711    75.348333    132019.94   -42247.517    3610.2568   -45857.773   0.14169706 
79600    295.67812    74.168015    132000.28    -42211.03    3609.1704     -45820.2   0.14132418 
81600    294.69348   -48.602343    132125.42    -42144.55    3597.1515   -45741.701    0.1513201 
83600    293.59965    53.327208    132000.44    -42281.29    3583.7999    -45865.09    0.1395035 
85600    299.64075    8.0908049    132125.57   -42184.691    3657.5399   -45842.231   0.13975384 
87600    295.96154   -21.329595    132159.02   -42195.679      3612.63   -45808.309   0.14293741 
89600    290.28584      248.294     131795.5   -42181.253      3543.35   -45724.603   0.14756545 
91600    294.38518   -259.55173    132302.17   -42294.472    3593.3884   -45887.861   0.14067545 
93600    294.11515   -18.347031    132112.97   -42204.186    3590.0922   -45794.278   0.14670383 
95600      292.532    144.16766    131875.83   -42299.566    3570.7676   -45870.333    0.1413629 
97600    291.89174   -45.295169    132130.45   -42259.654    3562.9523   -45822.606   0.14534085 
99600    286.14983     33.50668    132004.85   -42360.742    3492.8642   -45853.606   0.14011097 
101600    295.16106    105.19683    131955.83   -42251.806    3602.8591   -45854.665   0.14589005 
103600    292.56366   -371.17022    132512.12   -42196.287    3571.1541   -45767.441   0.14510654 
105600    296.88676    279.56005    131776.04   -42239.214    3623.9237   -45863.138   0.14256799 
107600    295.97309     81.58893    132047.04   -42161.333     3612.771   -45774.104   0.14538841 
109600    294.56982   -79.848244    132259.39   -42170.023    3595.6421   -45765.665   0.14119747 
111600    292.34315    163.98878    131884.18   -42342.456    3568.4625   -45910.918   0.14229524 
113600    291.53143   -25.897616    132085.45   -42294.569    3558.5543   -45853.123   0.14627969 
115600    298.38569   -56.372173    132121.09   -42212.984    3642.2201   -45855.204   0.14547365 
117600    294.32328    45.492029    131991.28    -42252.87    3592.6328   -45845.503   0.14637937 
119600    288.87303    4.6423159    132032.04   -42327.309    3526.1047   -45853.414   0.14611118 
121600    293.47298   -143.57645    132244.69   -42317.169    3582.2536   -45899.423   0.14229579 
123600    291.17141    273.90367    131673.74   -42243.466    3554.1597   -45797.626   0.14791285 
125600    286.43198   -145.48492    132221.23   -42332.428    3496.3082   -45828.737    0.1438168 
127600    288.45548   -27.683805    132052.88    -42330.68    3521.0079   -45851.688   0.14411179 
129600    285.47115    74.299894    131894.46   -42357.076    3484.5799   -45841.656   0.15300336 
131600     290.7509   -72.765468    132110.81   -42351.858    3549.0268   -45900.884   0.14031664 
133600    288.85357    -28.95246    132053.02   -42187.909    3525.8671   -45713.776   0.15680026 
135600    292.05109    116.85368    131862.39   -42262.565    3564.8974   -45827.462   0.15337712 
137600    293.07211   -269.12582       132311    -42271.11    3577.3604   -45848.471   0.14485765 
139600    291.93656    123.20218    131942.02   -42249.803    3563.4995   -45813.302   0.13919341 
141600    293.03288    145.22711    131880.96   -42210.279    3576.8815    -45787.16   0.15201856 
143600    291.28795   -175.91646    132223.47   -42253.342    3555.5822   -45808.924   0.14690766 
145600    289.22822    39.776277    131959.73     -42268.1    3530.4403    -45798.54   0.14858469 
147600    292.80338   -27.501559    132093.76   -42230.601    3574.0802   -45804.681   0.14506137 
149600     288.3442   -150.64832    132201.84   -42326.827    3519.6496   -45846.476   0.14466885 
151600    297.41243     355.6045    131669.59   -42156.681    3630.3402   -45787.021   0.14624246 
153600    292.03045   -136.72552    132289.71   -42221.573    3564.6455   -45786.218    0.1413369 
155600    293.86232   -72.724186    132130.83   -42238.129    3587.0061   -45825.135   0.14341917 
157600    287.52671     123.2385    131921.77   -42361.452    3509.6709   -45871.123    0.1408721 
159600    290.65435   -118.70492     132149.2   -42259.654    3547.8482   -45807.502   0.14719247 
161600    283.89288   -92.753399    132113.02   -42330.792    3465.3149   -45796.107    0.1429035 
163600    297.03067    441.63943    131584.18   -42274.434    3625.6803   -45900.114   0.14195456 
165600    293.42528   -204.82756    132269.96   -42254.408    3581.6714    -45836.08   0.14629449 
167600    288.82648   -81.823439    132171.12   -42303.875    3525.5365   -45829.411   0.14540175 
169600    288.38138    136.42039    131870.44   -42353.917    3520.1034    -45874.02   0.14344526 
171600    292.84697    -254.6499    132320.16   -42364.772    3574.6123   -45939.384   0.14143334 
173600    291.99571   -9.4922535    132050.69    -42316.56    3564.2215   -45880.782   0.14213643 
175600    293.33006    551.61623    131489.24   -42292.353    3580.5091   -45872.862   0.13863604 
177600    291.15292   -247.79622       132311   -42328.552     3553.934   -45882.486     0.147371 
179600    295.10597    51.471631     132056.4    -42244.46    3602.1865   -45846.646   0.14081431 
181600    291.04441    214.72328    131842.66    -42286.15    3552.6095   -45838.759   0.14507442 
183600     291.4284   -279.64747    132382.32   -42235.007    3557.2966   -45792.303   0.14553348 
185600    287.63497    108.44931    131919.82   -42339.317    3510.9924   -45850.309   0.14460228 
187600    286.18409    73.668726    131995.74   -42293.641    3493.2824   -45786.924   0.14291886 
189600     297.4127   -173.39691    132284.37   -42229.774    3630.3435   -45860.118   0.14420353 
191600    295.51472    248.54187    131831.85   -42227.617    3607.1759   -45834.793   0.13901531 
193600    297.94606   -27.543902    132103.25   -42230.844    3636.8539   -45867.698   0.14262947 
195600    297.07796   -287.75096    132404.42   -42244.822    3626.2575   -45871.079   0.14135032 
197600    293.45962    253.01671    131775.45   -42260.531    3582.0906   -45842.622   0.14753411 
199600    297.93992   -18.818566    132141.66   -42260.268    3636.7789   -45897.047   0.13894844 
